,action,step,s_X0,s_X1,s_X2,s_X3,s_X4,s_X5,s_X6,s_X7,s_X8,s_X9,s_X10,s_X11,s_X12,s_X13,s_X14
0,-,0,0,0,0,0,0,0,0,0,0,0,0,0,0,0,0
1,REST_X0,1,2,0,0,0,0,0,0,0,0,0,0,0,0,0,0
2,[X0_X1_GET_req],2,3,1,0,0,0,0,0,0,0,0,0,0,0,0,0
3,REST_X1,3,3,2,0,0,0,0,0,0,0,0,0,0,0,0,0
4,REST_X1,4,3,5,0,0,0,0,0,0,0,0,0,0,0,0,0
5,[X1_X2_GET_req],5,3,6,1,0,0,0,0,0,0,0,0,0,0,0,0
6,REST_X2,6,3,6,2,0,0,0,0,0,0,0,0,0,0,0,0
7,REST_X2,7,3,6,3,0,0,0,0,0,0,0,0,0,0,0,0
8,[X1_X2_GET_resp_2xx],8,3,3,0,0,0,0,0,0,0,0,0,0,0,0,0
9,[X0_X1_GET_resp_2xx],9,0,0,0,0,0,0,0,0,0,0,0,0,0,0,0
10,REST_X0,10,2,0,0,0,0,0,0,0,0,0,0,0,0,0,0
11,[X0_X1_GET_req],11,3,1,0,0,0,0,0,0,0,0,0,0,0,0,0
12,REST_X1,12,3,2,0,0,0,0,0,0,0,0,0,0,0,0,0
13,REST_X1,13,3,9,0,0,0,0,0,0,0,0,0,0,0,0,0
14,[X1_X12_GET_req],14,3,10,0,0,0,0,0,0,0,0,0,0,1,0,0
15,REST_X12,15,3,10,0,0,0,0,0,0,0,0,0,0,2,0,0
16,REST_X12,16,3,10,0,0,0,0,0,0,0,0,0,0,5,0,0
17,[X12_X6_GET_req],17,3,10,0,0,0,0,1,0,0,0,0,0,6,0,0
18,REST_X6,18,3,10,0,0,0,0,2,0,0,0,0,0,6,0,0
19,REST_X6,19,3,10,0,0,0,0,13,0,0,0,0,0,6,0,0
20,[X6_X7_GET_req],20,3,10,0,0,0,0,14,1,0,0,0,0,6,0,0
21,REST_X7,21,3,10,0,0,0,0,14,2,0,0,0,0,6,0,0
22,REST_X7,22,3,10,0,0,0,0,14,5,0,0,0,0,6,0,0
23,[X7_X5_GET_req],23,3,10,0,0,0,1,14,6,0,0,0,0,6,0,0
24,REST_X5,24,3,10,0,0,0,2,14,6,0,0,0,0,6,0,0
25,REST_X5,25,3,10,0,0,0,3,14,6,0,0,0,0,6,0,0
26,[X7_X5_GET_resp_2xx],26,3,10,0,0,0,0,14,3,0,0,0,0,6,0,0
27,[X6_X7_GET_resp_2xx],27,3,10,0,0,0,0,3,0,0,0,0,0,6,0,0
28,[X12_X6_GET_resp_2xx],28,3,10,0,0,0,0,0,0,0,0,0,0,3,0,0
29,[X1_X12_GET_resp_2xx],29,3,3,0,0,0,0,0,0,0,0,0,0,0,0,0
30,[X0_X1_GET_resp_2xx],30,0,0,0,0,0,0,0,0,0,0,0,0,0,0,0
31,REST_X0,31,2,0,0,0,0,0,0,0,0,0,0,0,0,0,0
32,[X0_X1_GET_req],32,3,1,0,0,0,0,0,0,0,0,0,0,0,0,0
33,REST_X1,33,3,2,0,0,0,0,0,0,0,0,0,0,0,0,0
34,REST_X1,34,3,9,0,0,0,0,0,0,0,0,0,0,0,0,0
35,[X1_X12_GET_req],35,3,10,0,0,0,0,0,0,0,0,0,0,1,0,0
36,REST_X12,36,3,10,0,0,0,0,0,0,0,0,0,0,2,0,0
37,REST_X12,37,3,10,0,0,0,0,0,0,0,0,0,0,5,0,0
38,[X12_X6_GET_req],38,3,10,0,0,0,0,1,0,0,0,0,0,6,0,0
39,REST_X6,39,3,10,0,0,0,0,2,0,0,0,0,0,6,0,0
40,REST_X6,40,3,10,0,0,0,0,9,0,0,0,0,0,6,0,0
41,[X6_X8_GET_req],41,3,10,0,0,0,0,10,0,1,0,0,0,6,0,0
42,REST_X8,42,3,10,0,0,0,0,10,0,2,0,0,0,6,0,0
43,REST_X8,43,3,10,0,0,0,0,10,0,3,0,0,0,6,0,0
44,[X6_X8_GET_resp_2xx],44,3,10,0,0,0,0,3,0,0,0,0,0,6,0,0
45,[X12_X6_GET_resp_2xx],45,3,10,0,0,0,0,0,0,0,0,0,0,3,0,0
46,[X1_X12_GET_resp_2xx],46,3,3,0,0,0,0,0,0,0,0,0,0,0,0,0
47,[X0_X1_GET_resp_2xx],47,0,0,0,0,0,0,0,0,0,0,0,0,0,0,0
48,REST_X0,48,2,0,0,0,0,0,0,0,0,0,0,0,0,0,0
49,[X0_X1_GET_req],49,3,1,0,0,0,0,0,0,0,0,0,0,0,0,0
50,REST_X1,50,3,2,0,0,0,0,0,0,0,0,0,0,0,0,0
51,REST_X1,51,3,9,0,0,0,0,0,0,0,0,0,0,0,0,0
52,[X1_X12_GET_req],52,3,10,0,0,0,0,0,0,0,0,0,0,1,0,0
53,REST_X12,53,3,10,0,0,0,0,0,0,0,0,0,0,2,0,0
54,REST_X12,54,3,10,0,0,0,0,0,0,0,0,0,0,5,0,0
55,[X12_X6_GET_req],55,3,10,0,0,0,0,1,0,0,0,0,0,6,0,0
56,REST_X6,56,3,10,0,0,0,0,2,0,0,0,0,0,6,0,0
57,REST_X6,57,3,10,0,0,0,0,5,0,0,0,0,0,6,0,0
58,[X6_X3_GET_req],58,3,10,0,1,0,0,6,0,0,0,0,0,6,0,0
59,REST_X3,59,3,10,0,2,0,0,6,0,0,0,0,0,6,0,0
60,REST_X3,60,3,10,0,3,0,0,6,0,0,0,0,0,6,0,0
61,[X6_X3_GET_resp_2xx],61,3,10,0,0,0,0,3,0,0,0,0,0,6,0,0
62,[X12_X6_GET_resp_2xx],62,3,10,0,0,0,0,0,0,0,0,0,0,3,0,0
63,[X1_X12_GET_resp_2xx],63,3,3,0,0,0,0,0,0,0,0,0,0,0,0,0
64,[X0_X1_GET_resp_2xx],64,0,0,0,0,0,0,0,0,0,0,0,0,0,0,0
65,REST_X0,65,2,0,0,0,0,0,0,0,0,0,0,0,0,0,0
66,[X0_X1_GET_req],66,3,1,0,0,0,0,0,0,0,0,0,0,0,0,0
67,REST_X1,67,3,2,0,0,0,0,0,0,0,0,0,0,0,0,0
68,REST_X1,68,3,9,0,0,0,0,0,0,0,0,0,0,0,0,0
69,[X1_X12_GET_req],69,3,10,0,0,0,0,0,0,0,0,0,0,1,0,0
70,REST_X12,70,3,10,0,0,0,0,0,0,0,0,0,0,2,0,0
71,REST_X12,71,3,10,0,0,0,0,0,0,0,0,0,0,5,0,0
72,[X12_X6_GET_req],72,3,10,0,0,0,0,1,0,0,0,0,0,6,0,0
73,REST_X6,73,3,10,0,0,0,0,2,0,0,0,0,0,6,0,0
74,REST_X6,74,3,10,0,0,0,0,9,0,0,0,0,0,6,0,0
75,[X6_X8_GET_req],75,3,10,0,0,0,0,10,0,1,0,0,0,6,0,0
76,REST_X8,76,3,10,0,0,0,0,10,0,2,0,0,0,6,0,0
77,REST_X8,77,3,10,0,0,0,0,10,0,3,0,0,0,6,0,0
78,[X6_X8_GET_resp_2xx],78,3,10,0,0,0,0,3,0,0,0,0,0,6,0,0
79,[X12_X6_GET_resp_2xx],79,3,10,0,0,0,0,0,0,0,0,0,0,3,0,0
80,[X1_X12_GET_resp_2xx],80,3,3,0,0,0,0,0,0,0,0,0,0,0,0,0
81,[X0_X1_GET_resp_2xx],81,0,0,0,0,0,0,0,0,0,0,0,0,0,0,0
82,REST_X0,82,2,0,0,0,0,0,0,0,0,0,0,0,0,0,0
83,[X0_X1_GET_req],83,3,1,0,0,0,0,0,0,0,0,0,0,0,0,0
84,REST_X1,84,3,2,0,0,0,0,0,0,0,0,0,0,0,0,0
85,REST_X1,85,3,9,0,0,0,0,0,0,0,0,0,0,0,0,0
86,[X1_X12_GET_req],86,3,10,0,0,0,0,0,0,0,0,0,0,1,0,0
87,REST_X12,87,3,10,0,0,0,0,0,0,0,0,0,0,2,0,0
88,REST_X12,88,3,10,0,0,0,0,0,0,0,0,0,0,5,0,0
89,[X12_X6_GET_req],89,3,10,0,0,0,0,1,0,0,0,0,0,6,0,0
90,REST_X6,90,3,10,0,0,0,0,2,0,0,0,0,0,6,0,0
91,REST_X6,91,3,10,0,0,0,0,13,0,0,0,0,0,6,0,0
92,[X6_X7_GET_req],92,3,10,0,0,0,0,14,1,0,0,0,0,6,0,0
93,REST_X7,93,3,10,0,0,0,0,14,2,0,0,0,0,6,0,0
94,REST_X7,94,3,10,0,0,0,0,14,9,0,0,0,0,6,0,0
95,[X7_X9_GET_req],95,3,10,0,0,0,0,14,10,0,1,0,0,6,0,0
96,REST_X9,96,3,10,0,0,0,0,14,10,0,2,0,0,6,0,0
97,REST_X9,97,3,10,0,0,0,0,14,10,0,5,0,0,6,0,0
98,[X9_X11_GET_req],98,3,10,0,0,0,0,14,10,0,6,0,1,6,0,0
99,REST_X11,99,3,10,0,0,0,0,14,10,0,6,0,2,6,0,0
100,REST_X11,100,3,10,0,0,0,0,14,10,0,6,0,3,6,0,0
101,[X9_X11_GET_resp_2xx],101,3,10,0,0,0,0,14,10,0,3,0,0,6,0,0
102,[X7_X9_GET_resp_2xx],102,3,10,0,0,0,0,14,3,0,0,0,0,6,0,0
103,[X6_X7_GET_resp_2xx],103,3,10,0,0,0,0,3,0,0,0,0,0,6,0,0
104,[X12_X6_GET_resp_2xx],104,3,10,0,0,0,0,0,0,0,0,0,0,3,0,0
105,[X1_X12_GET_resp_2xx],105,3,3,0,0,0,0,0,0,0,0,0,0,0,0,0
106,[X0_X1_GET_resp_2xx],106,0,0,0,0,0,0,0,0,0,0,0,0,0,0,0
107,REST_X0,107,2,0,0,0,0,0,0,0,0,0,0,0,0,0,0
108,[X0_X1_GET_req],108,3,1,0,0,0,0,0,0,0,0,0,0,0,0,0
109,REST_X1,109,3,2,0,0,0,0,0,0,0,0,0,0,0,0,0
110,REST_X1,110,3,9,0,0,0,0,0,0,0,0,0,0,0,0,0
111,[X1_X12_GET_req],111,3,10,0,0,0,0,0,0,0,0,0,0,1,0,0
112,REST_X12,112,3,10,0,0,0,0,0,0,0,0,0,0,2,0,0
113,REST_X12,113,3,10,0,0,0,0,0,0,0,0,0,0,5,0,0
114,[X12_X6_GET_req],114,3,10,0,0,0,0,1,0,0,0,0,0,6,0,0
115,REST_X6,115,3,10,0,0,0,0,2,0,0,0,0,0,6,0,0
116,REST_X6,116,3,10,0,0,0,0,13,0,0,0,0,0,6,0,0
117,[X6_X7_GET_req],117,3,10,0,0,0,0,14,1,0,0,0,0,6,0,0
118,REST_X7,118,3,10,0,0,0,0,14,2,0,0,0,0,6,0,0
119,REST_X7,119,3,10,0,0,0,0,14,9,0,0,0,0,6,0,0
120,[X7_X9_GET_req],120,3,10,0,0,0,0,14,10,0,1,0,0,6,0,0
121,REST_X9,121,3,10,0,0,0,0,14,10,0,2,0,0,6,0,0
122,REST_X9,122,3,10,0,0,0,0,14,10,0,9,0,0,6,0,0
123,[X9_X4_GET_req],123,3,10,0,0,1,0,14,10,0,10,0,0,6,0,0
124,REST_X4,124,3,10,0,0,2,0,14,10,0,10,0,0,6,0,0
125,REST_X4,125,3,10,0,0,5,0,14,10,0,10,0,0,6,0,0
126,[X4_X10_GET_req],126,3,10,0,0,6,0,14,10,0,10,1,0,6,0,0
127,REST_X10,127,3,10,0,0,6,0,14,10,0,10,2,0,6,0,0
128,REST_X10,128,3,10,0,0,6,0,14,10,0,10,3,0,6,0,0
129,[X4_X10_GET_resp_2xx],129,3,10,0,0,3,0,14,10,0,10,0,0,6,0,0
130,[X9_X4_GET_resp_2xx],130,3,10,0,0,0,0,14,10,0,3,0,0,6,0,0
131,[X7_X9_GET_resp_2xx],131,3,10,0,0,0,0,14,3,0,0,0,0,6,0,0
132,[X6_X7_GET_resp_2xx],132,3,10,0,0,0,0,3,0,0,0,0,0,6,0,0
133,[X12_X6_GET_resp_2xx],133,3,10,0,0,0,0,0,0,0,0,0,0,3,0,0
134,[X1_X12_GET_resp_2xx],134,3,3,0,0,0,0,0,0,0,0,0,0,0,0,0
135,[X0_X1_GET_resp_2xx],135,0,0,0,0,0,0,0,0,0,0,0,0,0,0,0
136,REST_X0,136,2,0,0,0,0,0,0,0,0,0,0,0,0,0,0
137,[X0_X1_GET_req],137,3,1,0,0,0,0,0,0,0,0,0,0,0,0,0
138,REST_X1,138,3,2,0,0,0,0,0,0,0,0,0,0,0,0,0
139,REST_X1,139,3,9,0,0,0,0,0,0,0,0,0,0,0,0,0
140,[X1_X12_GET_req],140,3,10,0,0,0,0,0,0,0,0,0,0,1,0,0
141,REST_X12,141,3,10,0,0,0,0,0,0,0,0,0,0,2,0,0
142,REST_X12,142,3,10,0,0,0,0,0,0,0,0,0,0,5,0,0
143,[X12_X6_GET_req],143,3,10,0,0,0,0,1,0,0,0,0,0,6,0,0
144,REST_X6,144,3,10,0,0,0,0,2,0,0,0,0,0,6,0,0
145,REST_X6,145,3,10,0,0,0,0,13,0,0,0,0,0,6,0,0
146,[X6_X7_GET_req],146,3,10,0,0,0,0,14,1,0,0,0,0,6,0,0
147,REST_X7,147,3,10,0,0,0,0,14,2,0,0,0,0,6,0,0
148,REST_X7,148,3,10,0,0,0,0,14,9,0,0,0,0,6,0,0
149,[X7_X9_GET_req],149,3,10,0,0,0,0,14,10,0,1,0,0,6,0,0
150,REST_X9,150,3,10,0,0,0,0,14,10,0,2,0,0,6,0,0
151,REST_X9,151,3,10,0,0,0,0,14,10,0,5,0,0,6,0,0
152,[X9_X11_GET_req],152,3,10,0,0,0,0,14,10,0,6,0,1,6,0,0
153,REST_X11,153,3,10,0,0,0,0,14,10,0,6,0,2,6,0,0
154,REST_X11,154,3,10,0,0,0,0,14,10,0,6,0,3,6,0,0
155,[X9_X11_GET_resp_2xx],155,3,10,0,0,0,0,14,10,0,3,0,0,6,0,0
156,[X7_X9_GET_resp_2xx],156,3,10,0,0,0,0,14,3,0,0,0,0,6,0,0
157,[X6_X7_GET_resp_2xx],157,3,10,0,0,0,0,3,0,0,0,0,0,6,0,0
158,[X12_X6_GET_resp_2xx],158,3,10,0,0,0,0,0,0,0,0,0,0,3,0,0
159,[X1_X12_GET_resp_2xx],159,3,3,0,0,0,0,0,0,0,0,0,0,0,0,0
160,[X0_X1_GET_resp_2xx],160,0,0,0,0,0,0,0,0,0,0,0,0,0,0,0
161,REST_X0,161,2,0,0,0,0,0,0,0,0,0,0,0,0,0,0
162,[X0_X1_GET_req],162,3,1,0,0,0,0,0,0,0,0,0,0,0,0,0
163,REST_X1,163,3,2,0,0,0,0,0,0,0,0,0,0,0,0,0
164,REST_X1,164,3,9,0,0,0,0,0,0,0,0,0,0,0,0,0
165,[X1_X12_GET_req],165,3,10,0,0,0,0,0,0,0,0,0,0,1,0,0
166,REST_X12,166,3,10,0,0,0,0,0,0,0,0,0,0,2,0,0
167,REST_X12,167,3,10,0,0,0,0,0,0,0,0,0,0,5,0,0
168,[X12_X6_GET_req],168,3,10,0,0,0,0,1,0,0,0,0,0,6,0,0
169,REST_X6,169,3,10,0,0,0,0,2,0,0,0,0,0,6,0,0
170,REST_X6,170,3,10,0,0,0,0,5,0,0,0,0,0,6,0,0
171,[X6_X3_GET_req],171,3,10,0,1,0,0,6,0,0,0,0,0,6,0,0
172,REST_X3,172,3,10,0,2,0,0,6,0,0,0,0,0,6,0,0
173,REST_X3,173,3,10,0,3,0,0,6,0,0,0,0,0,6,0,0
174,[X6_X3_GET_resp_2xx],174,3,10,0,0,0,0,3,0,0,0,0,0,6,0,0
175,[X12_X6_GET_resp_2xx],175,3,10,0,0,0,0,0,0,0,0,0,0,3,0,0
176,[X1_X12_GET_resp_2xx],176,3,3,0,0,0,0,0,0,0,0,0,0,0,0,0
177,[X0_X1_GET_resp_2xx],177,0,0,0,0,0,0,0,0,0,0,0,0,0,0,0
178,REST_X0,178,2,0,0,0,0,0,0,0,0,0,0,0,0,0,0
179,[X0_X1_GET_req],179,3,1,0,0,0,0,0,0,0,0,0,0,0,0,0
180,REST_X1,180,3,2,0,0,0,0,0,0,0,0,0,0,0,0,0
181,REST_X1,181,3,9,0,0,0,0,0,0,0,0,0,0,0,0,0
182,[X1_X12_GET_req],182,3,10,0,0,0,0,0,0,0,0,0,0,1,0,0
183,REST_X12,183,3,10,0,0,0,0,0,0,0,0,0,0,2,0,0
184,REST_X12,184,3,10,0,0,0,0,0,0,0,0,0,0,5,0,0
185,[X12_X6_GET_req],185,3,10,0,0,0,0,1,0,0,0,0,0,6,0,0
186,REST_X6,186,3,10,0,0,0,0,2,0,0,0,0,0,6,0,0
187,REST_X6,187,3,10,0,0,0,0,13,0,0,0,0,0,6,0,0
188,[X6_X7_GET_req],188,3,10,0,0,0,0,14,1,0,0,0,0,6,0,0
189,REST_X7,189,3,10,0,0,0,0,14,2,0,0,0,0,6,0,0
190,REST_X7,190,3,10,0,0,0,0,14,5,0,0,0,0,6,0,0
191,[X7_X5_GET_req],191,3,10,0,0,0,1,14,6,0,0,0,0,6,0,0
192,REST_X5,192,3,10,0,0,0,2,14,6,0,0,0,0,6,0,0
193,REST_X5,193,3,10,0,0,0,3,14,6,0,0,0,0,6,0,0
194,[X7_X5_GET_resp_2xx],194,3,10,0,0,0,0,14,3,0,0,0,0,6,0,0
195,[X6_X7_GET_resp_2xx],195,3,10,0,0,0,0,3,0,0,0,0,0,6,0,0
196,[X12_X6_GET_resp_2xx],196,3,10,0,0,0,0,0,0,0,0,0,0,3,0,0
197,[X1_X12_GET_resp_2xx],197,3,3,0,0,0,0,0,0,0,0,0,0,0,0,0
198,[X0_X1_GET_resp_2xx],198,0,0,0,0,0,0,0,0,0,0,0,0,0,0,0
199,REST_X0,199,2,0,0,0,0,0,0,0,0,0,0,0,0,0,0
200,[X0_X1_GET_req],200,3,1,0,0,0,0,0,0,0,0,0,0,0,0,0
201,REST_X1,201,3,2,0,0,0,0,0,0,0,0,0,0,0,0,0
202,REST_X1,202,3,5,0,0,0,0,0,0,0,0,0,0,0,0,0
203,[X1_X2_GET_req],203,3,6,1,0,0,0,0,0,0,0,0,0,0,0,0
204,REST_X2,204,3,6,2,0,0,0,0,0,0,0,0,0,0,0,0
205,REST_X2,205,3,6,3,0,0,0,0,0,0,0,0,0,0,0,0
206,[X1_X2_GET_resp_2xx],206,3,3,0,0,0,0,0,0,0,0,0,0,0,0,0
207,[X0_X1_GET_resp_2xx],207,0,0,0,0,0,0,0,0,0,0,0,0,0,0,0
208,REST_X0,208,2,0,0,0,0,0,0,0,0,0,0,0,0,0,0
209,[X0_X1_GET_req],209,3,1,0,0,0,0,0,0,0,0,0,0,0,0,0
210,REST_X1,210,3,2,0,0,0,0,0,0,0,0,0,0,0,0,0
211,REST_X1,211,3,5,0,0,0,0,0,0,0,0,0,0,0,0,0
212,[X1_X2_GET_req],212,3,6,1,0,0,0,0,0,0,0,0,0,0,0,0
213,REST_X2,213,3,6,2,0,0,0,0,0,0,0,0,0,0,0,0
214,REST_X2,214,3,6,3,0,0,0,0,0,0,0,0,0,0,0,0
215,[X1_X2_GET_resp_2xx],215,3,3,0,0,0,0,0,0,0,0,0,0,0,0,0
216,[X0_X1_GET_resp_2xx],216,0,0,0,0,0,0,0,0,0,0,0,0,0,0,0
217,REST_X0,217,2,0,0,0,0,0,0,0,0,0,0,0,0,0,0
218,[X0_X1_GET_req],218,3,1,0,0,0,0,0,0,0,0,0,0,0,0,0
219,REST_X1,219,3,2,0,0,0,0,0,0,0,0,0,0,0,0,0
220,REST_X1,220,3,5,0,0,0,0,0,0,0,0,0,0,0,0,0
221,[X1_X2_GET_req],221,3,6,1,0,0,0,0,0,0,0,0,0,0,0,0
222,REST_X2,222,3,6,2,0,0,0,0,0,0,0,0,0,0,0,0
223,REST_X2,223,3,6,3,0,0,0,0,0,0,0,0,0,0,0,0
224,[X1_X2_GET_resp_2xx],224,3,3,0,0,0,0,0,0,0,0,0,0,0,0,0
225,[X0_X1_GET_resp_2xx],225,0,0,0,0,0,0,0,0,0,0,0,0,0,0,0
226,REST_X0,226,2,0,0,0,0,0,0,0,0,0,0,0,0,0,0
227,[X0_X1_GET_req],227,3,1,0,0,0,0,0,0,0,0,0,0,0,0,0
228,REST_X1,228,3,2,0,0,0,0,0,0,0,0,0,0,0,0,0
229,REST_X1,229,3,5,0,0,0,0,0,0,0,0,0,0,0,0,0
230,[X1_X2_GET_req],230,3,6,1,0,0,0,0,0,0,0,0,0,0,0,0
231,REST_X2,231,3,6,2,0,0,0,0,0,0,0,0,0,0,0,0
232,REST_X2,232,3,6,3,0,0,0,0,0,0,0,0,0,0,0,0
233,[X1_X2_GET_resp_2xx],233,3,3,0,0,0,0,0,0,0,0,0,0,0,0,0
234,[X0_X1_GET_resp_2xx],234,0,0,0,0,0,0,0,0,0,0,0,0,0,0,0
235,REST_X0,235,2,0,0,0,0,0,0,0,0,0,0,0,0,0,0
236,[X0_X1_GET_req],236,3,1,0,0,0,0,0,0,0,0,0,0,0,0,0
237,REST_X1,237,3,2,0,0,0,0,0,0,0,0,0,0,0,0,0
238,REST_X1,238,3,9,0,0,0,0,0,0,0,0,0,0,0,0,0
239,[X1_X12_GET_req],239,3,10,0,0,0,0,0,0,0,0,0,0,1,0,0
240,REST_X12,240,3,10,0,0,0,0,0,0,0,0,0,0,2,0,0
241,REST_X12,241,3,10,0,0,0,0,0,0,0,0,0,0,5,0,0
242,[X12_X6_GET_req],242,3,10,0,0,0,0,1,0,0,0,0,0,6,0,0
243,REST_X6,243,3,10,0,0,0,0,2,0,0,0,0,0,6,0,0
244,REST_X6,244,3,10,0,0,0,0,5,0,0,0,0,0,6,0,0
245,[X6_X3_GET_req],245,3,10,0,1,0,0,6,0,0,0,0,0,6,0,0
246,REST_X3,246,3,10,0,2,0,0,6,0,0,0,0,0,6,0,0
247,REST_X3,247,3,10,0,3,0,0,6,0,0,0,0,0,6,0,0
248,[X6_X3_GET_resp_2xx],248,3,10,0,0,0,0,3,0,0,0,0,0,6,0,0
249,[X12_X6_GET_resp_2xx],249,3,10,0,0,0,0,0,0,0,0,0,0,3,0,0
250,[X1_X12_GET_resp_2xx],250,3,3,0,0,0,0,0,0,0,0,0,0,0,0,0
251,[X0_X1_GET_resp_2xx],251,0,0,0,0,0,0,0,0,0,0,0,0,0,0,0
252,REST_X0,252,2,0,0,0,0,0,0,0,0,0,0,0,0,0,0
253,[X0_X1_GET_req],253,3,1,0,0,0,0,0,0,0,0,0,0,0,0,0
254,REST_X1,254,3,2,0,0,0,0,0,0,0,0,0,0,0,0,0
255,REST_X1,255,3,9,0,0,0,0,0,0,0,0,0,0,0,0,0
256,[X1_X12_GET_req],256,3,10,0,0,0,0,0,0,0,0,0,0,1,0,0
257,REST_X12,257,3,10,0,0,0,0,0,0,0,0,0,0,2,0,0
258,REST_X12,258,3,10,0,0,0,0,0,0,0,0,0,0,5,0,0
259,[X12_X6_GET_req],259,3,10,0,0,0,0,1,0,0,0,0,0,6,0,0
260,REST_X6,260,3,10,0,0,0,0,2,0,0,0,0,0,6,0,0
261,REST_X6,261,3,10,0,0,0,0,13,0,0,0,0,0,6,0,0
262,[X6_X7_GET_req],262,3,10,0,0,0,0,14,1,0,0,0,0,6,0,0
263,REST_X7,263,3,10,0,0,0,0,14,2,0,0,0,0,6,0,0
264,REST_X7,264,3,10,0,0,0,0,14,5,0,0,0,0,6,0,0
265,[X7_X5_GET_req],265,3,10,0,0,0,1,14,6,0,0,0,0,6,0,0
266,REST_X5,266,3,10,0,0,0,2,14,6,0,0,0,0,6,0,0
267,REST_X5,267,3,10,0,0,0,3,14,6,0,0,0,0,6,0,0
268,[X7_X5_GET_resp_2xx],268,3,10,0,0,0,0,14,3,0,0,0,0,6,0,0
269,[X6_X7_GET_resp_2xx],269,3,10,0,0,0,0,3,0,0,0,0,0,6,0,0
270,[X12_X6_GET_resp_2xx],270,3,10,0,0,0,0,0,0,0,0,0,0,3,0,0
271,[X1_X12_GET_resp_2xx],271,3,3,0,0,0,0,0,0,0,0,0,0,0,0,0
272,[X0_X1_GET_resp_2xx],272,0,0,0,0,0,0,0,0,0,0,0,0,0,0,0
273,REST_X0,273,2,0,0,0,0,0,0,0,0,0,0,0,0,0,0
274,[X0_X1_GET_req],274,3,1,0,0,0,0,0,0,0,0,0,0,0,0,0
275,REST_X1,275,3,2,0,0,0,0,0,0,0,0,0,0,0,0,0
276,REST_X1,276,3,5,0,0,0,0,0,0,0,0,0,0,0,0,0
277,[X1_X2_GET_req],277,3,6,1,0,0,0,0,0,0,0,0,0,0,0,0
278,REST_X2,278,3,6,2,0,0,0,0,0,0,0,0,0,0,0,0
279,REST_X2,279,3,6,3,0,0,0,0,0,0,0,0,0,0,0,0
280,[X1_X2_GET_resp_2xx],280,3,3,0,0,0,0,0,0,0,0,0,0,0,0,0
281,[X0_X1_GET_resp_2xx],281,0,0,0,0,0,0,0,0,0,0,0,0,0,0,0
282,REST_X0,282,2,0,0,0,0,0,0,0,0,0,0,0,0,0,0
283,[X0_X1_GET_req],283,3,1,0,0,0,0,0,0,0,0,0,0,0,0,0
284,REST_X1,284,3,2,0,0,0,0,0,0,0,0,0,0,0,0,0
285,REST_X1,285,3,9,0,0,0,0,0,0,0,0,0,0,0,0,0
286,[X1_X12_GET_req],286,3,10,0,0,0,0,0,0,0,0,0,0,1,0,0
287,REST_X12,287,3,10,0,0,0,0,0,0,0,0,0,0,2,0,0
288,REST_X12,288,3,10,0,0,0,0,0,0,0,0,0,0,5,0,0
289,[X12_X6_GET_req],289,3,10,0,0,0,0,1,0,0,0,0,0,6,0,0
290,REST_X6,290,3,10,0,0,0,0,2,0,0,0,0,0,6,0,0
291,REST_X6,291,3,10,0,0,0,0,5,0,0,0,0,0,6,0,0
292,[X6_X3_GET_req],292,3,10,0,1,0,0,6,0,0,0,0,0,6,0,0
293,REST_X3,293,3,10,0,2,0,0,6,0,0,0,0,0,6,0,0
294,REST_X3,294,3,10,0,3,0,0,6,0,0,0,0,0,6,0,0
295,[X6_X3_GET_resp_2xx],295,3,10,0,0,0,0,3,0,0,0,0,0,6,0,0
296,[X12_X6_GET_resp_2xx],296,3,10,0,0,0,0,0,0,0,0,0,0,3,0,0
297,[X1_X12_GET_resp_2xx],297,3,3,0,0,0,0,0,0,0,0,0,0,0,0,0
298,[X0_X1_GET_resp_2xx],298,0,0,0,0,0,0,0,0,0,0,0,0,0,0,0
299,REST_X0,299,2,0,0,0,0,0,0,0,0,0,0,0,0,0,0
300,[X0_X1_GET_req],300,3,1,0,0,0,0,0,0,0,0,0,0,0,0,0
301,REST_X1,301,3,2,0,0,0,0,0,0,0,0,0,0,0,0,0
302,REST_X1,302,3,5,0,0,0,0,0,0,0,0,0,0,0,0,0
303,[X1_X2_GET_req],303,3,6,1,0,0,0,0,0,0,0,0,0,0,0,0
304,REST_X2,304,3,6,2,0,0,0,0,0,0,0,0,0,0,0,0
305,REST_X2,305,3,6,3,0,0,0,0,0,0,0,0,0,0,0,0
306,[X1_X2_GET_resp_2xx],306,3,3,0,0,0,0,0,0,0,0,0,0,0,0,0
307,[X0_X1_GET_resp_2xx],307,0,0,0,0,0,0,0,0,0,0,0,0,0,0,0
308,REST_X0,308,2,0,0,0,0,0,0,0,0,0,0,0,0,0,0
309,[X0_X1_GET_req],309,3,1,0,0,0,0,0,0,0,0,0,0,0,0,0
310,REST_X1,310,3,2,0,0,0,0,0,0,0,0,0,0,0,0,0
311,REST_X1,311,3,5,0,0,0,0,0,0,0,0,0,0,0,0,0
312,[X1_X2_GET_req],312,3,6,1,0,0,0,0,0,0,0,0,0,0,0,0
313,REST_X2,313,3,6,2,0,0,0,0,0,0,0,0,0,0,0,0
314,REST_X2,314,3,6,4,0,0,0,0,0,0,0,0,0,0,0,0
315,[X1_X2_GET_resp_5xx],315,3,7,0,0,0,0,0,0,0,0,0,0,0,0,0
316,[X1_X2_GET_req],316,3,8,1,0,0,0,0,0,0,0,0,0,0,0,0
317,REST_X2,317,3,8,2,0,0,0,0,0,0,0,0,0,0,0,0
318,REST_X2,318,3,8,3,0,0,0,0,0,0,0,0,0,0,0,0
319,[X1_X2_GET_resp_2xx],319,3,3,0,0,0,0,0,0,0,0,0,0,0,0,0
320,[X0_X1_GET_resp_2xx],320,0,0,0,0,0,0,0,0,0,0,0,0,0,0,0
321,REST_X0,321,2,0,0,0,0,0,0,0,0,0,0,0,0,0,0
322,[X0_X1_GET_req],322,3,1,0,0,0,0,0,0,0,0,0,0,0,0,0
323,REST_X1,323,3,2,0,0,0,0,0,0,0,0,0,0,0,0,0
324,REST_X1,324,3,9,0,0,0,0,0,0,0,0,0,0,0,0,0
325,[X1_X12_GET_req],325,3,10,0,0,0,0,0,0,0,0,0,0,1,0,0
326,REST_X12,326,3,10,0,0,0,0,0,0,0,0,0,0,2,0,0
327,REST_X12,327,3,10,0,0,0,0,0,0,0,0,0,0,5,0,0
328,[X12_X6_GET_req],328,3,10,0,0,0,0,1,0,0,0,0,0,6,0,0
329,REST_X6,329,3,10,0,0,0,0,2,0,0,0,0,0,6,0,0
330,REST_X6,330,3,10,0,0,0,0,13,0,0,0,0,0,6,0,0
331,[X6_X7_GET_req],331,3,10,0,0,0,0,14,1,0,0,0,0,6,0,0
332,REST_X7,332,3,10,0,0,0,0,14,2,0,0,0,0,6,0,0
333,REST_X7,333,3,10,0,0,0,0,14,5,0,0,0,0,6,0,0
334,[X7_X5_GET_req],334,3,10,0,0,0,1,14,6,0,0,0,0,6,0,0
335,REST_X5,335,3,10,0,0,0,2,14,6,0,0,0,0,6,0,0
336,REST_X5,336,3,10,0,0,0,3,14,6,0,0,0,0,6,0,0
337,[X7_X5_GET_resp_2xx],337,3,10,0,0,0,0,14,3,0,0,0,0,6,0,0
338,[X6_X7_GET_resp_2xx],338,3,10,0,0,0,0,3,0,0,0,0,0,6,0,0
339,[X12_X6_GET_resp_2xx],339,3,10,0,0,0,0,0,0,0,0,0,0,3,0,0
340,[X1_X12_GET_resp_2xx],340,3,3,0,0,0,0,0,0,0,0,0,0,0,0,0
341,[X0_X1_GET_resp_2xx],341,0,0,0,0,0,0,0,0,0,0,0,0,0,0,0
342,REST_X0,342,2,0,0,0,0,0,0,0,0,0,0,0,0,0,0
343,[X0_X1_GET_req],343,3,1,0,0,0,0,0,0,0,0,0,0,0,0,0
344,REST_X1,344,3,2,0,0,0,0,0,0,0,0,0,0,0,0,0
345,REST_X1,345,3,9,0,0,0,0,0,0,0,0,0,0,0,0,0
346,[X1_X12_GET_req],346,3,10,0,0,0,0,0,0,0,0,0,0,1,0,0
347,REST_X12,347,3,10,0,0,0,0,0,0,0,0,0,0,2,0,0
348,REST_X12,348,3,10,0,0,0,0,0,0,0,0,0,0,5,0,0
349,[X12_X6_GET_req],349,3,10,0,0,0,0,1,0,0,0,0,0,6,0,0
350,REST_X6,350,3,10,0,0,0,0,2,0,0,0,0,0,6,0,0
351,REST_X6,351,3,10,0,0,0,0,5,0,0,0,0,0,6,0,0
352,[X6_X3_GET_req],352,3,10,0,1,0,0,6,0,0,0,0,0,6,0,0
353,REST_X3,353,3,10,0,2,0,0,6,0,0,0,0,0,6,0,0
354,REST_X3,354,3,10,0,3,0,0,6,0,0,0,0,0,6,0,0
355,[X6_X3_GET_resp_2xx],355,3,10,0,0,0,0,3,0,0,0,0,0,6,0,0
356,[X12_X6_GET_resp_2xx],356,3,10,0,0,0,0,0,0,0,0,0,0,3,0,0
357,[X1_X12_GET_resp_2xx],357,3,3,0,0,0,0,0,0,0,0,0,0,0,0,0
358,[X0_X1_GET_resp_2xx],358,0,0,0,0,0,0,0,0,0,0,0,0,0,0,0
359,REST_X0,359,2,0,0,0,0,0,0,0,0,0,0,0,0,0,0
360,[X0_X1_GET_req],360,3,1,0,0,0,0,0,0,0,0,0,0,0,0,0
361,REST_X1,361,3,2,0,0,0,0,0,0,0,0,0,0,0,0,0
362,REST_X1,362,3,5,0,0,0,0,0,0,0,0,0,0,0,0,0
363,[X1_X2_GET_req],363,3,6,1,0,0,0,0,0,0,0,0,0,0,0,0
364,REST_X2,364,3,6,2,0,0,0,0,0,0,0,0,0,0,0,0
365,REST_X2,365,3,6,4,0,0,0,0,0,0,0,0,0,0,0,0
366,[X1_X2_GET_resp_5xx],366,3,7,0,0,0,0,0,0,0,0,0,0,0,0,0
367,[X1_X2_GET_req],367,3,8,1,0,0,0,0,0,0,0,0,0,0,0,0
368,REST_X2,368,3,8,2,0,0,0,0,0,0,0,0,0,0,0,0
369,REST_X2,369,3,8,3,0,0,0,0,0,0,0,0,0,0,0,0
370,[X1_X2_GET_resp_2xx],370,3,3,0,0,0,0,0,0,0,0,0,0,0,0,0
371,[X0_X1_GET_resp_2xx],371,0,0,0,0,0,0,0,0,0,0,0,0,0,0,0
372,REST_X0,372,2,0,0,0,0,0,0,0,0,0,0,0,0,0,0
373,[X0_X1_GET_req],373,3,1,0,0,0,0,0,0,0,0,0,0,0,0,0
374,REST_X1,374,3,2,0,0,0,0,0,0,0,0,0,0,0,0,0
375,REST_X1,375,3,5,0,0,0,0,0,0,0,0,0,0,0,0,0
376,[X1_X2_GET_req],376,3,6,1,0,0,0,0,0,0,0,0,0,0,0,0
377,REST_X2,377,3,6,2,0,0,0,0,0,0,0,0,0,0,0,0
378,REST_X2,378,3,6,3,0,0,0,0,0,0,0,0,0,0,0,0
379,[X1_X2_GET_resp_2xx],379,3,3,0,0,0,0,0,0,0,0,0,0,0,0,0
380,[X0_X1_GET_resp_2xx],380,0,0,0,0,0,0,0,0,0,0,0,0,0,0,0
381,REST_X0,381,2,0,0,0,0,0,0,0,0,0,0,0,0,0,0
382,[X0_X1_GET_req],382,3,1,0,0,0,0,0,0,0,0,0,0,0,0,0
383,REST_X1,383,3,2,0,0,0,0,0,0,0,0,0,0,0,0,0
384,REST_X1,384,3,9,0,0,0,0,0,0,0,0,0,0,0,0,0
385,[X1_X12_GET_req],385,3,10,0,0,0,0,0,0,0,0,0,0,1,0,0
386,REST_X12,386,3,10,0,0,0,0,0,0,0,0,0,0,2,0,0
387,REST_X12,387,3,10,0,0,0,0,0,0,0,0,0,0,5,0,0
388,[X12_X6_GET_req],388,3,10,0,0,0,0,1,0,0,0,0,0,6,0,0
389,REST_X6,389,3,10,0,0,0,0,2,0,0,0,0,0,6,0,0
390,REST_X6,390,3,10,0,0,0,0,5,0,0,0,0,0,6,0,0
391,[X6_X3_GET_req],391,3,10,0,1,0,0,6,0,0,0,0,0,6,0,0
392,REST_X3,392,3,10,0,2,0,0,6,0,0,0,0,0,6,0,0
393,REST_X3,393,3,10,0,3,0,0,6,0,0,0,0,0,6,0,0
394,[X6_X3_GET_resp_2xx],394,3,10,0,0,0,0,3,0,0,0,0,0,6,0,0
395,[X12_X6_GET_resp_2xx],395,3,10,0,0,0,0,0,0,0,0,0,0,3,0,0
396,[X1_X12_GET_resp_2xx],396,3,3,0,0,0,0,0,0,0,0,0,0,0,0,0
397,[X0_X1_GET_resp_2xx],397,0,0,0,0,0,0,0,0,0,0,0,0,0,0,0
398,REST_X0,398,2,0,0,0,0,0,0,0,0,0,0,0,0,0,0
399,[X0_X1_GET_req],399,3,1,0,0,0,0,0,0,0,0,0,0,0,0,0
400,REST_X1,400,3,2,0,0,0,0,0,0,0,0,0,0,0,0,0
401,REST_X1,401,3,5,0,0,0,0,0,0,0,0,0,0,0,0,0
402,[X1_X2_GET_req],402,3,6,1,0,0,0,0,0,0,0,0,0,0,0,0
403,REST_X2,403,3,6,2,0,0,0,0,0,0,0,0,0,0,0,0
404,REST_X2,404,3,6,4,0,0,0,0,0,0,0,0,0,0,0,0
405,[X1_X2_GET_resp_5xx],405,3,7,0,0,0,0,0,0,0,0,0,0,0,0,0
406,[X1_X2_GET_req],406,3,8,1,0,0,0,0,0,0,0,0,0,0,0,0
407,REST_X2,407,3,8,2,0,0,0,0,0,0,0,0,0,0,0,0
408,REST_X2,408,3,8,3,0,0,0,0,0,0,0,0,0,0,0,0
409,[X1_X2_GET_resp_2xx],409,3,3,0,0,0,0,0,0,0,0,0,0,0,0,0
410,[X0_X1_GET_resp_2xx],410,0,0,0,0,0,0,0,0,0,0,0,0,0,0,0
411,REST_X0,411,2,0,0,0,0,0,0,0,0,0,0,0,0,0,0
412,[X0_X1_GET_req],412,3,1,0,0,0,0,0,0,0,0,0,0,0,0,0
413,REST_X1,413,3,2,0,0,0,0,0,0,0,0,0,0,0,0,0
414,REST_X1,414,3,9,0,0,0,0,0,0,0,0,0,0,0,0,0
415,[X1_X12_GET_req],415,3,10,0,0,0,0,0,0,0,0,0,0,1,0,0
416,REST_X12,416,3,10,0,0,0,0,0,0,0,0,0,0,2,0,0
417,REST_X12,417,3,10,0,0,0,0,0,0,0,0,0,0,5,0,0
418,[X12_X6_GET_req],418,3,10,0,0,0,0,1,0,0,0,0,0,6,0,0
419,REST_X6,419,3,10,0,0,0,0,2,0,0,0,0,0,6,0,0
420,REST_X6,420,3,10,0,0,0,0,5,0,0,0,0,0,6,0,0
421,[X6_X3_GET_req],421,3,10,0,1,0,0,6,0,0,0,0,0,6,0,0
422,REST_X3,422,3,10,0,2,0,0,6,0,0,0,0,0,6,0,0
423,REST_X3,423,3,10,0,3,0,0,6,0,0,0,0,0,6,0,0
424,[X6_X3_GET_resp_2xx],424,3,10,0,0,0,0,3,0,0,0,0,0,6,0,0
425,[X12_X6_GET_resp_2xx],425,3,10,0,0,0,0,0,0,0,0,0,0,3,0,0
426,[X1_X12_GET_resp_2xx],426,3,3,0,0,0,0,0,0,0,0,0,0,0,0,0
427,[X0_X1_GET_resp_2xx],427,0,0,0,0,0,0,0,0,0,0,0,0,0,0,0
428,REST_X0,428,2,0,0,0,0,0,0,0,0,0,0,0,0,0,0
429,[X0_X1_GET_req],429,3,1,0,0,0,0,0,0,0,0,0,0,0,0,0
430,REST_X1,430,3,2,0,0,0,0,0,0,0,0,0,0,0,0,0
431,REST_X1,431,3,5,0,0,0,0,0,0,0,0,0,0,0,0,0
432,[X1_X2_GET_req],432,3,6,1,0,0,0,0,0,0,0,0,0,0,0,0
433,REST_X2,433,3,6,2,0,0,0,0,0,0,0,0,0,0,0,0
434,REST_X2,434,3,6,3,0,0,0,0,0,0,0,0,0,0,0,0
435,[X1_X2_GET_resp_2xx],435,3,3,0,0,0,0,0,0,0,0,0,0,0,0,0
436,[X0_X1_GET_resp_2xx],436,0,0,0,0,0,0,0,0,0,0,0,0,0,0,0
437,REST_X0,437,2,0,0,0,0,0,0,0,0,0,0,0,0,0,0
438,[X0_X1_GET_req],438,3,1,0,0,0,0,0,0,0,0,0,0,0,0,0
439,REST_X1,439,3,2,0,0,0,0,0,0,0,0,0,0,0,0,0
440,REST_X1,440,3,5,0,0,0,0,0,0,0,0,0,0,0,0,0
441,[X1_X2_GET_req],441,3,6,1,0,0,0,0,0,0,0,0,0,0,0,0
442,REST_X2,442,3,6,2,0,0,0,0,0,0,0,0,0,0,0,0
443,REST_X2,443,3,6,3,0,0,0,0,0,0,0,0,0,0,0,0
444,[X1_X2_GET_resp_2xx],444,3,3,0,0,0,0,0,0,0,0,0,0,0,0,0
445,[X0_X1_GET_resp_2xx],445,0,0,0,0,0,0,0,0,0,0,0,0,0,0,0
446,REST_X0,446,2,0,0,0,0,0,0,0,0,0,0,0,0,0,0
447,[X0_X1_GET_req],447,3,1,0,0,0,0,0,0,0,0,0,0,0,0,0
448,REST_X1,448,3,2,0,0,0,0,0,0,0,0,0,0,0,0,0
449,REST_X1,449,3,5,0,0,0,0,0,0,0,0,0,0,0,0,0
450,[X1_X2_GET_req],450,3,6,1,0,0,0,0,0,0,0,0,0,0,0,0
451,REST_X2,451,3,6,2,0,0,0,0,0,0,0,0,0,0,0,0
452,REST_X2,452,3,6,3,0,0,0,0,0,0,0,0,0,0,0,0
453,[X1_X2_GET_resp_2xx],453,3,3,0,0,0,0,0,0,0,0,0,0,0,0,0
454,[X0_X1_GET_resp_2xx],454,0,0,0,0,0,0,0,0,0,0,0,0,0,0,0
455,REST_X0,455,2,0,0,0,0,0,0,0,0,0,0,0,0,0,0
456,[X0_X1_GET_req],456,3,1,0,0,0,0,0,0,0,0,0,0,0,0,0
457,REST_X1,457,3,2,0,0,0,0,0,0,0,0,0,0,0,0,0
458,REST_X1,458,3,9,0,0,0,0,0,0,0,0,0,0,0,0,0
459,[X1_X12_GET_req],459,3,10,0,0,0,0,0,0,0,0,0,0,1,0,0
460,REST_X12,460,3,10,0,0,0,0,0,0,0,0,0,0,2,0,0
461,REST_X12,461,3,10,0,0,0,0,0,0,0,0,0,0,5,0,0
462,[X12_X6_GET_req],462,3,10,0,0,0,0,1,0,0,0,0,0,6,0,0
463,REST_X6,463,3,10,0,0,0,0,2,0,0,0,0,0,6,0,0
464,REST_X6,464,3,10,0,0,0,0,9,0,0,0,0,0,6,0,0
465,[X6_X8_GET_req],465,3,10,0,0,0,0,10,0,1,0,0,0,6,0,0
466,REST_X8,466,3,10,0,0,0,0,10,0,2,0,0,0,6,0,0
467,REST_X8,467,3,10,0,0,0,0,10,0,3,0,0,0,6,0,0
468,[X6_X8_GET_resp_2xx],468,3,10,0,0,0,0,3,0,0,0,0,0,6,0,0
469,[X12_X6_GET_resp_2xx],469,3,10,0,0,0,0,0,0,0,0,0,0,3,0,0
470,[X1_X12_GET_resp_2xx],470,3,3,0,0,0,0,0,0,0,0,0,0,0,0,0
471,[X0_X1_GET_resp_2xx],471,0,0,0,0,0,0,0,0,0,0,0,0,0,0,0
472,REST_X0,472,2,0,0,0,0,0,0,0,0,0,0,0,0,0,0
473,[X0_X1_GET_req],473,3,1,0,0,0,0,0,0,0,0,0,0,0,0,0
474,REST_X1,474,3,2,0,0,0,0,0,0,0,0,0,0,0,0,0
475,REST_X1,475,3,9,0,0,0,0,0,0,0,0,0,0,0,0,0
476,[X1_X12_GET_req],476,3,10,0,0,0,0,0,0,0,0,0,0,1,0,0
477,REST_X12,477,3,10,0,0,0,0,0,0,0,0,0,0,2,0,0
478,REST_X12,478,3,10,0,0,0,0,0,0,0,0,0,0,5,0,0
479,[X12_X6_GET_req],479,3,10,0,0,0,0,1,0,0,0,0,0,6,0,0
480,REST_X6,480,3,10,0,0,0,0,2,0,0,0,0,0,6,0,0
481,REST_X6,481,3,10,0,0,0,0,5,0,0,0,0,0,6,0,0
482,[X6_X3_GET_req],482,3,10,0,1,0,0,6,0,0,0,0,0,6,0,0
483,REST_X3,483,3,10,0,2,0,0,6,0,0,0,0,0,6,0,0
484,REST_X3,484,3,10,0,3,0,0,6,0,0,0,0,0,6,0,0
485,[X6_X3_GET_resp_2xx],485,3,10,0,0,0,0,3,0,0,0,0,0,6,0,0
486,[X12_X6_GET_resp_2xx],486,3,10,0,0,0,0,0,0,0,0,0,0,3,0,0
487,[X1_X12_GET_resp_2xx],487,3,3,0,0,0,0,0,0,0,0,0,0,0,0,0
488,[X0_X1_GET_resp_2xx],488,0,0,0,0,0,0,0,0,0,0,0,0,0,0,0
489,REST_X0,489,2,0,0,0,0,0,0,0,0,0,0,0,0,0,0
490,[X0_X1_GET_req],490,3,1,0,0,0,0,0,0,0,0,0,0,0,0,0
491,REST_X1,491,3,2,0,0,0,0,0,0,0,0,0,0,0,0,0
492,REST_X1,492,3,9,0,0,0,0,0,0,0,0,0,0,0,0,0
493,[X1_X12_GET_req],493,3,10,0,0,0,0,0,0,0,0,0,0,1,0,0
494,REST_X12,494,3,10,0,0,0,0,0,0,0,0,0,0,2,0,0
495,REST_X12,495,3,10,0,0,0,0,0,0,0,0,0,0,5,0,0
496,[X12_X6_GET_req],496,3,10,0,0,0,0,1,0,0,0,0,0,6,0,0
497,REST_X6,497,3,10,0,0,0,0,2,0,0,0,0,0,6,0,0
498,REST_X6,498,3,10,0,0,0,0,9,0,0,0,0,0,6,0,0
499,[X6_X8_GET_req],499,3,10,0,0,0,0,10,0,1,0,0,0,6,0,0
500,REST_X8,500,3,10,0,0,0,0,10,0,2,0,0,0,6,0,0
501,REST_X8,501,3,10,0,0,0,0,10,0,3,0,0,0,6,0,0
502,[X6_X8_GET_resp_2xx],502,3,10,0,0,0,0,3,0,0,0,0,0,6,0,0
503,[X12_X6_GET_resp_2xx],503,3,10,0,0,0,0,0,0,0,0,0,0,3,0,0
504,[X1_X12_GET_resp_2xx],504,3,3,0,0,0,0,0,0,0,0,0,0,0,0,0
505,[X0_X1_GET_resp_2xx],505,0,0,0,0,0,0,0,0,0,0,0,0,0,0,0
506,REST_X0,506,2,0,0,0,0,0,0,0,0,0,0,0,0,0,0
507,[X0_X1_GET_req],507,3,1,0,0,0,0,0,0,0,0,0,0,0,0,0
508,REST_X1,508,3,2,0,0,0,0,0,0,0,0,0,0,0,0,0
509,REST_X1,509,3,5,0,0,0,0,0,0,0,0,0,0,0,0,0
510,[X1_X2_GET_req],510,3,6,1,0,0,0,0,0,0,0,0,0,0,0,0
511,REST_X2,511,3,6,2,0,0,0,0,0,0,0,0,0,0,0,0
512,REST_X2,512,3,6,3,0,0,0,0,0,0,0,0,0,0,0,0
513,[X1_X2_GET_resp_2xx],513,3,3,0,0,0,0,0,0,0,0,0,0,0,0,0
514,[X0_X1_GET_resp_2xx],514,0,0,0,0,0,0,0,0,0,0,0,0,0,0,0
515,REST_X0,515,2,0,0,0,0,0,0,0,0,0,0,0,0,0,0
516,[X0_X1_GET_req],516,3,1,0,0,0,0,0,0,0,0,0,0,0,0,0
517,REST_X1,517,3,2,0,0,0,0,0,0,0,0,0,0,0,0,0
518,REST_X1,518,3,9,0,0,0,0,0,0,0,0,0,0,0,0,0
519,[X1_X12_GET_req],519,3,10,0,0,0,0,0,0,0,0,0,0,1,0,0
520,REST_X12,520,3,10,0,0,0,0,0,0,0,0,0,0,2,0,0
521,REST_X12,521,3,10,0,0,0,0,0,0,0,0,0,0,5,0,0
522,[X12_X6_GET_req],522,3,10,0,0,0,0,1,0,0,0,0,0,6,0,0
523,REST_X6,523,3,10,0,0,0,0,2,0,0,0,0,0,6,0,0
524,REST_X6,524,3,10,0,0,0,0,5,0,0,0,0,0,6,0,0
525,[X6_X3_GET_req],525,3,10,0,1,0,0,6,0,0,0,0,0,6,0,0
526,REST_X3,526,3,10,0,2,0,0,6,0,0,0,0,0,6,0,0
527,REST_X3,527,3,10,0,3,0,0,6,0,0,0,0,0,6,0,0
528,[X6_X3_GET_resp_2xx],528,3,10,0,0,0,0,3,0,0,0,0,0,6,0,0
529,[X12_X6_GET_resp_2xx],529,3,10,0,0,0,0,0,0,0,0,0,0,3,0,0
530,[X1_X12_GET_resp_2xx],530,3,3,0,0,0,0,0,0,0,0,0,0,0,0,0
531,[X0_X1_GET_resp_2xx],531,0,0,0,0,0,0,0,0,0,0,0,0,0,0,0
532,REST_X0,532,2,0,0,0,0,0,0,0,0,0,0,0,0,0,0
533,[X0_X1_GET_req],533,3,1,0,0,0,0,0,0,0,0,0,0,0,0,0
534,REST_X1,534,3,2,0,0,0,0,0,0,0,0,0,0,0,0,0
535,REST_X1,535,3,9,0,0,0,0,0,0,0,0,0,0,0,0,0
536,[X1_X12_GET_req],536,3,10,0,0,0,0,0,0,0,0,0,0,1,0,0
537,REST_X12,537,3,10,0,0,0,0,0,0,0,0,0,0,2,0,0
538,REST_X12,538,3,10,0,0,0,0,0,0,0,0,0,0,5,0,0
539,[X12_X6_GET_req],539,3,10,0,0,0,0,1,0,0,0,0,0,6,0,0
540,REST_X6,540,3,10,0,0,0,0,2,0,0,0,0,0,6,0,0
541,REST_X6,541,3,10,0,0,0,0,13,0,0,0,0,0,6,0,0
542,[X6_X7_GET_req],542,3,10,0,0,0,0,14,1,0,0,0,0,6,0,0
543,REST_X7,543,3,10,0,0,0,0,14,2,0,0,0,0,6,0,0
544,REST_X7,544,3,10,0,0,0,0,14,5,0,0,0,0,6,0,0
545,[X7_X5_GET_req],545,3,10,0,0,0,1,14,6,0,0,0,0,6,0,0
546,REST_X5,546,3,10,0,0,0,2,14,6,0,0,0,0,6,0,0
547,REST_X5,547,3,10,0,0,0,3,14,6,0,0,0,0,6,0,0
548,[X7_X5_GET_resp_2xx],548,3,10,0,0,0,0,14,3,0,0,0,0,6,0,0
549,[X6_X7_GET_resp_2xx],549,3,10,0,0,0,0,3,0,0,0,0,0,6,0,0
550,[X12_X6_GET_resp_2xx],550,3,10,0,0,0,0,0,0,0,0,0,0,3,0,0
551,[X1_X12_GET_resp_2xx],551,3,3,0,0,0,0,0,0,0,0,0,0,0,0,0
552,[X0_X1_GET_resp_2xx],552,0,0,0,0,0,0,0,0,0,0,0,0,0,0,0
553,REST_X0,553,2,0,0,0,0,0,0,0,0,0,0,0,0,0,0
554,[X0_X1_GET_req],554,3,1,0,0,0,0,0,0,0,0,0,0,0,0,0
555,REST_X1,555,3,2,0,0,0,0,0,0,0,0,0,0,0,0,0
556,REST_X1,556,3,5,0,0,0,0,0,0,0,0,0,0,0,0,0
557,[X1_X2_GET_req],557,3,6,1,0,0,0,0,0,0,0,0,0,0,0,0
558,REST_X2,558,3,6,2,0,0,0,0,0,0,0,0,0,0,0,0
559,REST_X2,559,3,6,3,0,0,0,0,0,0,0,0,0,0,0,0
560,[X1_X2_GET_resp_2xx],560,3,3,0,0,0,0,0,0,0,0,0,0,0,0,0
561,[X0_X1_GET_resp_2xx],561,0,0,0,0,0,0,0,0,0,0,0,0,0,0,0
562,REST_X0,562,2,0,0,0,0,0,0,0,0,0,0,0,0,0,0
563,[X0_X1_GET_req],563,3,1,0,0,0,0,0,0,0,0,0,0,0,0,0
564,REST_X1,564,3,2,0,0,0,0,0,0,0,0,0,0,0,0,0
565,REST_X1,565,3,9,0,0,0,0,0,0,0,0,0,0,0,0,0
566,[X1_X12_GET_req],566,3,10,0,0,0,0,0,0,0,0,0,0,1,0,0
567,REST_X12,567,3,10,0,0,0,0,0,0,0,0,0,0,2,0,0
568,REST_X12,568,3,10,0,0,0,0,0,0,0,0,0,0,5,0,0
569,[X12_X6_GET_req],569,3,10,0,0,0,0,1,0,0,0,0,0,6,0,0
570,REST_X6,570,3,10,0,0,0,0,2,0,0,0,0,0,6,0,0
571,REST_X6,571,3,10,0,0,0,0,9,0,0,0,0,0,6,0,0
572,[X6_X8_GET_req],572,3,10,0,0,0,0,10,0,1,0,0,0,6,0,0
573,REST_X8,573,3,10,0,0,0,0,10,0,2,0,0,0,6,0,0
574,REST_X8,574,3,10,0,0,0,0,10,0,3,0,0,0,6,0,0
575,[X6_X8_GET_resp_2xx],575,3,10,0,0,0,0,3,0,0,0,0,0,6,0,0
576,[X12_X6_GET_resp_2xx],576,3,10,0,0,0,0,0,0,0,0,0,0,3,0,0
577,[X1_X12_GET_resp_2xx],577,3,3,0,0,0,0,0,0,0,0,0,0,0,0,0
578,[X0_X1_GET_resp_2xx],578,0,0,0,0,0,0,0,0,0,0,0,0,0,0,0
579,REST_X0,579,2,0,0,0,0,0,0,0,0,0,0,0,0,0,0
580,[X0_X1_GET_req],580,3,1,0,0,0,0,0,0,0,0,0,0,0,0,0
581,REST_X1,581,3,2,0,0,0,0,0,0,0,0,0,0,0,0,0
582,REST_X1,582,3,9,0,0,0,0,0,0,0,0,0,0,0,0,0
583,[X1_X12_GET_req],583,3,10,0,0,0,0,0,0,0,0,0,0,1,0,0
584,REST_X12,584,3,10,0,0,0,0,0,0,0,0,0,0,2,0,0
585,REST_X12,585,3,10,0,0,0,0,0,0,0,0,0,0,5,0,0
586,[X12_X6_GET_req],586,3,10,0,0,0,0,1,0,0,0,0,0,6,0,0
587,REST_X6,587,3,10,0,0,0,0,2,0,0,0,0,0,6,0,0
588,REST_X6,588,3,10,0,0,0,0,9,0,0,0,0,0,6,0,0
589,[X6_X8_GET_req],589,3,10,0,0,0,0,10,0,1,0,0,0,6,0,0
590,REST_X8,590,3,10,0,0,0,0,10,0,2,0,0,0,6,0,0
591,REST_X8,591,3,10,0,0,0,0,10,0,3,0,0,0,6,0,0
592,[X6_X8_GET_resp_2xx],592,3,10,0,0,0,0,3,0,0,0,0,0,6,0,0
593,[X12_X6_GET_resp_2xx],593,3,10,0,0,0,0,0,0,0,0,0,0,3,0,0
594,[X1_X12_GET_resp_2xx],594,3,3,0,0,0,0,0,0,0,0,0,0,0,0,0
595,[X0_X1_GET_resp_2xx],595,0,0,0,0,0,0,0,0,0,0,0,0,0,0,0
596,REST_X0,596,2,0,0,0,0,0,0,0,0,0,0,0,0,0,0
597,[X0_X1_GET_req],597,3,1,0,0,0,0,0,0,0,0,0,0,0,0,0
598,REST_X1,598,3,2,0,0,0,0,0,0,0,0,0,0,0,0,0
599,REST_X1,599,3,9,0,0,0,0,0,0,0,0,0,0,0,0,0
600,[X1_X12_GET_req],600,3,10,0,0,0,0,0,0,0,0,0,0,1,0,0
601,REST_X12,601,3,10,0,0,0,0,0,0,0,0,0,0,2,0,0
602,REST_X12,602,3,10,0,0,0,0,0,0,0,0,0,0,5,0,0
603,[X12_X6_GET_req],603,3,10,0,0,0,0,1,0,0,0,0,0,6,0,0
604,REST_X6,604,3,10,0,0,0,0,2,0,0,0,0,0,6,0,0
605,REST_X6,605,3,10,0,0,0,0,13,0,0,0,0,0,6,0,0
606,[X6_X7_GET_req],606,3,10,0,0,0,0,14,1,0,0,0,0,6,0,0
607,REST_X7,607,3,10,0,0,0,0,14,2,0,0,0,0,6,0,0
608,REST_X7,608,3,10,0,0,0,0,14,9,0,0,0,0,6,0,0
609,[X7_X9_GET_req],609,3,10,0,0,0,0,14,10,0,1,0,0,6,0,0
610,REST_X9,610,3,10,0,0,0,0,14,10,0,2,0,0,6,0,0
611,REST_X9,611,3,10,0,0,0,0,14,10,0,5,0,0,6,0,0
612,[X9_X11_GET_req],612,3,10,0,0,0,0,14,10,0,6,0,1,6,0,0
613,REST_X11,613,3,10,0,0,0,0,14,10,0,6,0,2,6,0,0
614,REST_X11,614,3,10,0,0,0,0,14,10,0,6,0,3,6,0,0
615,[X9_X11_GET_resp_2xx],615,3,10,0,0,0,0,14,10,0,3,0,0,6,0,0
616,[X7_X9_GET_resp_2xx],616,3,10,0,0,0,0,14,3,0,0,0,0,6,0,0
617,[X6_X7_GET_resp_2xx],617,3,10,0,0,0,0,3,0,0,0,0,0,6,0,0
618,[X12_X6_GET_resp_2xx],618,3,10,0,0,0,0,0,0,0,0,0,0,3,0,0
619,[X1_X12_GET_resp_2xx],619,3,3,0,0,0,0,0,0,0,0,0,0,0,0,0
620,[X0_X1_GET_resp_2xx],620,0,0,0,0,0,0,0,0,0,0,0,0,0,0,0
621,REST_X0,621,2,0,0,0,0,0,0,0,0,0,0,0,0,0,0
622,[X0_X1_GET_req],622,3,1,0,0,0,0,0,0,0,0,0,0,0,0,0
623,REST_X1,623,3,2,0,0,0,0,0,0,0,0,0,0,0,0,0
624,REST_X1,624,3,9,0,0,0,0,0,0,0,0,0,0,0,0,0
625,[X1_X12_GET_req],625,3,10,0,0,0,0,0,0,0,0,0,0,1,0,0
626,REST_X12,626,3,10,0,0,0,0,0,0,0,0,0,0,2,0,0
627,REST_X12,627,3,10,0,0,0,0,0,0,0,0,0,0,5,0,0
628,[X12_X6_GET_req],628,3,10,0,0,0,0,1,0,0,0,0,0,6,0,0
629,REST_X6,629,3,10,0,0,0,0,2,0,0,0,0,0,6,0,0
630,REST_X6,630,3,10,0,0,0,0,9,0,0,0,0,0,6,0,0
631,[X6_X8_GET_req],631,3,10,0,0,0,0,10,0,1,0,0,0,6,0,0
632,REST_X8,632,3,10,0,0,0,0,10,0,2,0,0,0,6,0,0
633,REST_X8,633,3,10,0,0,0,0,10,0,3,0,0,0,6,0,0
634,[X6_X8_GET_resp_2xx],634,3,10,0,0,0,0,3,0,0,0,0,0,6,0,0
635,[X12_X6_GET_resp_2xx],635,3,10,0,0,0,0,0,0,0,0,0,0,3,0,0
636,[X1_X12_GET_resp_2xx],636,3,3,0,0,0,0,0,0,0,0,0,0,0,0,0
637,[X0_X1_GET_resp_2xx],637,0,0,0,0,0,0,0,0,0,0,0,0,0,0,0
638,REST_X0,638,2,0,0,0,0,0,0,0,0,0,0,0,0,0,0
639,[X0_X1_GET_req],639,3,1,0,0,0,0,0,0,0,0,0,0,0,0,0
640,REST_X1,640,3,2,0,0,0,0,0,0,0,0,0,0,0,0,0
641,REST_X1,641,3,9,0,0,0,0,0,0,0,0,0,0,0,0,0
642,[X1_X12_GET_req],642,3,10,0,0,0,0,0,0,0,0,0,0,1,0,0
643,REST_X12,643,3,10,0,0,0,0,0,0,0,0,0,0,2,0,0
644,REST_X12,644,3,10,0,0,0,0,0,0,0,0,0,0,5,0,0
645,[X12_X6_GET_req],645,3,10,0,0,0,0,1,0,0,0,0,0,6,0,0
646,REST_X6,646,3,10,0,0,0,0,2,0,0,0,0,0,6,0,0
647,REST_X6,647,3,10,0,0,0,0,9,0,0,0,0,0,6,0,0
648,[X6_X8_GET_req],648,3,10,0,0,0,0,10,0,1,0,0,0,6,0,0
649,REST_X8,649,3,10,0,0,0,0,10,0,2,0,0,0,6,0,0
650,REST_X8,650,3,10,0,0,0,0,10,0,3,0,0,0,6,0,0
651,[X6_X8_GET_resp_2xx],651,3,10,0,0,0,0,3,0,0,0,0,0,6,0,0
652,[X12_X6_GET_resp_2xx],652,3,10,0,0,0,0,0,0,0,0,0,0,3,0,0
653,[X1_X12_GET_resp_2xx],653,3,3,0,0,0,0,0,0,0,0,0,0,0,0,0
654,[X0_X1_GET_resp_2xx],654,0,0,0,0,0,0,0,0,0,0,0,0,0,0,0
655,REST_X0,655,2,0,0,0,0,0,0,0,0,0,0,0,0,0,0
656,[X0_X1_GET_req],656,3,1,0,0,0,0,0,0,0,0,0,0,0,0,0
657,REST_X1,657,3,2,0,0,0,0,0,0,0,0,0,0,0,0,0
658,REST_X1,658,3,5,0,0,0,0,0,0,0,0,0,0,0,0,0
659,[X1_X2_GET_req],659,3,6,1,0,0,0,0,0,0,0,0,0,0,0,0
660,REST_X2,660,3,6,2,0,0,0,0,0,0,0,0,0,0,0,0
661,REST_X2,661,3,6,3,0,0,0,0,0,0,0,0,0,0,0,0
662,[X1_X2_GET_resp_2xx],662,3,3,0,0,0,0,0,0,0,0,0,0,0,0,0
663,[X0_X1_GET_resp_2xx],663,0,0,0,0,0,0,0,0,0,0,0,0,0,0,0
664,REST_X0,664,2,0,0,0,0,0,0,0,0,0,0,0,0,0,0
665,[X0_X1_GET_req],665,3,1,0,0,0,0,0,0,0,0,0,0,0,0,0
666,REST_X1,666,3,2,0,0,0,0,0,0,0,0,0,0,0,0,0
667,REST_X1,667,3,5,0,0,0,0,0,0,0,0,0,0,0,0,0
668,[X1_X2_GET_req],668,3,6,1,0,0,0,0,0,0,0,0,0,0,0,0
669,REST_X2,669,3,6,2,0,0,0,0,0,0,0,0,0,0,0,0
670,REST_X2,670,3,6,3,0,0,0,0,0,0,0,0,0,0,0,0
671,[X1_X2_GET_resp_2xx],671,3,3,0,0,0,0,0,0,0,0,0,0,0,0,0
672,[X0_X1_GET_resp_2xx],672,0,0,0,0,0,0,0,0,0,0,0,0,0,0,0
673,REST_X0,673,2,0,0,0,0,0,0,0,0,0,0,0,0,0,0
674,[X0_X1_GET_req],674,3,1,0,0,0,0,0,0,0,0,0,0,0,0,0
675,REST_X1,675,3,2,0,0,0,0,0,0,0,0,0,0,0,0,0
676,REST_X1,676,3,5,0,0,0,0,0,0,0,0,0,0,0,0,0
677,[X1_X2_GET_req],677,3,6,1,0,0,0,0,0,0,0,0,0,0,0,0
678,REST_X2,678,3,6,2,0,0,0,0,0,0,0,0,0,0,0,0
679,REST_X2,679,3,6,3,0,0,0,0,0,0,0,0,0,0,0,0
680,[X1_X2_GET_resp_2xx],680,3,3,0,0,0,0,0,0,0,0,0,0,0,0,0
681,[X0_X1_GET_resp_2xx],681,0,0,0,0,0,0,0,0,0,0,0,0,0,0,0
682,REST_X0,682,2,0,0,0,0,0,0,0,0,0,0,0,0,0,0
683,[X0_X1_GET_req],683,3,1,0,0,0,0,0,0,0,0,0,0,0,0,0
684,REST_X1,684,3,2,0,0,0,0,0,0,0,0,0,0,0,0,0
685,REST_X1,685,3,9,0,0,0,0,0,0,0,0,0,0,0,0,0
686,[X1_X12_GET_req],686,3,10,0,0,0,0,0,0,0,0,0,0,1,0,0
687,REST_X12,687,3,10,0,0,0,0,0,0,0,0,0,0,2,0,0
688,REST_X12,688,3,10,0,0,0,0,0,0,0,0,0,0,5,0,0
689,[X12_X6_GET_req],689,3,10,0,0,0,0,1,0,0,0,0,0,6,0,0
690,REST_X6,690,3,10,0,0,0,0,2,0,0,0,0,0,6,0,0
691,REST_X6,691,3,10,0,0,0,0,13,0,0,0,0,0,6,0,0
692,[X6_X7_GET_req],692,3,10,0,0,0,0,14,1,0,0,0,0,6,0,0
693,REST_X7,693,3,10,0,0,0,0,14,2,0,0,0,0,6,0,0
694,REST_X7,694,3,10,0,0,0,0,14,5,0,0,0,0,6,0,0
695,[X7_X5_GET_req],695,3,10,0,0,0,1,14,6,0,0,0,0,6,0,0
696,REST_X5,696,3,10,0,0,0,2,14,6,0,0,0,0,6,0,0
697,REST_X5,697,3,10,0,0,0,3,14,6,0,0,0,0,6,0,0
698,[X7_X5_GET_resp_2xx],698,3,10,0,0,0,0,14,3,0,0,0,0,6,0,0
699,[X6_X7_GET_resp_2xx],699,3,10,0,0,0,0,3,0,0,0,0,0,6,0,0
700,[X12_X6_GET_resp_2xx],700,3,10,0,0,0,0,0,0,0,0,0,0,3,0,0
701,[X1_X12_GET_resp_2xx],701,3,3,0,0,0,0,0,0,0,0,0,0,0,0,0
702,[X0_X1_GET_resp_2xx],702,0,0,0,0,0,0,0,0,0,0,0,0,0,0,0
703,REST_X0,703,2,0,0,0,0,0,0,0,0,0,0,0,0,0,0
704,[X0_X1_GET_req],704,3,1,0,0,0,0,0,0,0,0,0,0,0,0,0
705,REST_X1,705,3,2,0,0,0,0,0,0,0,0,0,0,0,0,0
706,REST_X1,706,3,9,0,0,0,0,0,0,0,0,0,0,0,0,0
707,[X1_X12_GET_req],707,3,10,0,0,0,0,0,0,0,0,0,0,1,0,0
708,REST_X12,708,3,10,0,0,0,0,0,0,0,0,0,0,2,0,0
709,REST_X12,709,3,10,0,0,0,0,0,0,0,0,0,0,5,0,0
710,[X12_X6_GET_req],710,3,10,0,0,0,0,1,0,0,0,0,0,6,0,0
711,REST_X6,711,3,10,0,0,0,0,2,0,0,0,0,0,6,0,0
712,REST_X6,712,3,10,0,0,0,0,5,0,0,0,0,0,6,0,0
713,[X6_X3_GET_req],713,3,10,0,1,0,0,6,0,0,0,0,0,6,0,0
714,REST_X3,714,3,10,0,2,0,0,6,0,0,0,0,0,6,0,0
715,REST_X3,715,3,10,0,3,0,0,6,0,0,0,0,0,6,0,0
716,[X6_X3_GET_resp_2xx],716,3,10,0,0,0,0,3,0,0,0,0,0,6,0,0
717,[X12_X6_GET_resp_2xx],717,3,10,0,0,0,0,0,0,0,0,0,0,3,0,0
718,[X1_X12_GET_resp_2xx],718,3,3,0,0,0,0,0,0,0,0,0,0,0,0,0
719,[X0_X1_GET_resp_2xx],719,0,0,0,0,0,0,0,0,0,0,0,0,0,0,0
720,REST_X0,720,2,0,0,0,0,0,0,0,0,0,0,0,0,0,0
721,[X0_X1_GET_req],721,3,1,0,0,0,0,0,0,0,0,0,0,0,0,0
722,REST_X1,722,3,2,0,0,0,0,0,0,0,0,0,0,0,0,0
723,REST_X1,723,3,9,0,0,0,0,0,0,0,0,0,0,0,0,0
724,[X1_X12_GET_req],724,3,10,0,0,0,0,0,0,0,0,0,0,1,0,0
725,REST_X12,725,3,10,0,0,0,0,0,0,0,0,0,0,2,0,0
726,REST_X12,726,3,10,0,0,0,0,0,0,0,0,0,0,5,0,0
727,[X12_X6_GET_req],727,3,10,0,0,0,0,1,0,0,0,0,0,6,0,0
728,REST_X6,728,3,10,0,0,0,0,2,0,0,0,0,0,6,0,0
729,REST_X6,729,3,10,0,0,0,0,9,0,0,0,0,0,6,0,0
730,[X6_X8_GET_req],730,3,10,0,0,0,0,10,0,1,0,0,0,6,0,0
731,REST_X8,731,3,10,0,0,0,0,10,0,2,0,0,0,6,0,0
732,REST_X8,732,3,10,0,0,0,0,10,0,3,0,0,0,6,0,0
733,[X6_X8_GET_resp_2xx],733,3,10,0,0,0,0,3,0,0,0,0,0,6,0,0
734,[X12_X6_GET_resp_2xx],734,3,10,0,0,0,0,0,0,0,0,0,0,3,0,0
735,[X1_X12_GET_resp_2xx],735,3,3,0,0,0,0,0,0,0,0,0,0,0,0,0
736,[X0_X1_GET_resp_2xx],736,0,0,0,0,0,0,0,0,0,0,0,0,0,0,0
737,REST_X0,737,2,0,0,0,0,0,0,0,0,0,0,0,0,0,0
738,[X0_X1_GET_req],738,3,1,0,0,0,0,0,0,0,0,0,0,0,0,0
739,REST_X1,739,3,2,0,0,0,0,0,0,0,0,0,0,0,0,0
740,REST_X1,740,3,5,0,0,0,0,0,0,0,0,0,0,0,0,0
741,[X1_X2_GET_req],741,3,6,1,0,0,0,0,0,0,0,0,0,0,0,0
742,REST_X2,742,3,6,2,0,0,0,0,0,0,0,0,0,0,0,0
743,REST_X2,743,3,6,3,0,0,0,0,0,0,0,0,0,0,0,0
744,[X1_X2_GET_resp_2xx],744,3,3,0,0,0,0,0,0,0,0,0,0,0,0,0
745,[X0_X1_GET_resp_2xx],745,0,0,0,0,0,0,0,0,0,0,0,0,0,0,0
746,REST_X0,746,2,0,0,0,0,0,0,0,0,0,0,0,0,0,0
747,[X0_X1_GET_req],747,3,1,0,0,0,0,0,0,0,0,0,0,0,0,0
748,REST_X1,748,3,2,0,0,0,0,0,0,0,0,0,0,0,0,0
749,REST_X1,749,3,5,0,0,0,0,0,0,0,0,0,0,0,0,0
750,[X1_X2_GET_req],750,3,6,1,0,0,0,0,0,0,0,0,0,0,0,0
751,REST_X2,751,3,6,2,0,0,0,0,0,0,0,0,0,0,0,0
752,REST_X2,752,3,6,3,0,0,0,0,0,0,0,0,0,0,0,0
753,[X1_X2_GET_resp_2xx],753,3,3,0,0,0,0,0,0,0,0,0,0,0,0,0
754,[X0_X1_GET_resp_2xx],754,0,0,0,0,0,0,0,0,0,0,0,0,0,0,0
755,REST_X0,755,2,0,0,0,0,0,0,0,0,0,0,0,0,0,0
756,[X0_X1_GET_req],756,3,1,0,0,0,0,0,0,0,0,0,0,0,0,0
757,REST_X1,757,3,2,0,0,0,0,0,0,0,0,0,0,0,0,0
758,REST_X1,758,3,5,0,0,0,0,0,0,0,0,0,0,0,0,0
759,[X1_X2_GET_req],759,3,6,1,0,0,0,0,0,0,0,0,0,0,0,0
760,REST_X2,760,3,6,2,0,0,0,0,0,0,0,0,0,0,0,0
761,REST_X2,761,3,6,3,0,0,0,0,0,0,0,0,0,0,0,0
762,[X1_X2_GET_resp_2xx],762,3,3,0,0,0,0,0,0,0,0,0,0,0,0,0
763,[X0_X1_GET_resp_2xx],763,0,0,0,0,0,0,0,0,0,0,0,0,0,0,0
764,REST_X0,764,2,0,0,0,0,0,0,0,0,0,0,0,0,0,0
765,[X0_X1_GET_req],765,3,1,0,0,0,0,0,0,0,0,0,0,0,0,0
766,REST_X1,766,3,2,0,0,0,0,0,0,0,0,0,0,0,0,0
767,REST_X1,767,3,5,0,0,0,0,0,0,0,0,0,0,0,0,0
768,[X1_X2_GET_req],768,3,6,1,0,0,0,0,0,0,0,0,0,0,0,0
769,REST_X2,769,3,6,2,0,0,0,0,0,0,0,0,0,0,0,0
770,REST_X2,770,3,6,3,0,0,0,0,0,0,0,0,0,0,0,0
771,[X1_X2_GET_resp_2xx],771,3,3,0,0,0,0,0,0,0,0,0,0,0,0,0
772,[X0_X1_GET_resp_2xx],772,0,0,0,0,0,0,0,0,0,0,0,0,0,0,0
773,REST_X0,773,2,0,0,0,0,0,0,0,0,0,0,0,0,0,0
774,[X0_X1_GET_req],774,3,1,0,0,0,0,0,0,0,0,0,0,0,0,0
775,REST_X1,775,3,2,0,0,0,0,0,0,0,0,0,0,0,0,0
776,REST_X1,776,3,5,0,0,0,0,0,0,0,0,0,0,0,0,0
777,[X1_X2_GET_req],777,3,6,1,0,0,0,0,0,0,0,0,0,0,0,0
778,REST_X2,778,3,6,2,0,0,0,0,0,0,0,0,0,0,0,0
779,REST_X2,779,3,6,3,0,0,0,0,0,0,0,0,0,0,0,0
780,[X1_X2_GET_resp_2xx],780,3,3,0,0,0,0,0,0,0,0,0,0,0,0,0
781,[X0_X1_GET_resp_2xx],781,0,0,0,0,0,0,0,0,0,0,0,0,0,0,0
782,REST_X0,782,2,0,0,0,0,0,0,0,0,0,0,0,0,0,0
783,[X0_X1_GET_req],783,3,1,0,0,0,0,0,0,0,0,0,0,0,0,0
784,REST_X1,784,3,2,0,0,0,0,0,0,0,0,0,0,0,0,0
785,REST_X1,785,3,5,0,0,0,0,0,0,0,0,0,0,0,0,0
786,[X1_X2_GET_req],786,3,6,1,0,0,0,0,0,0,0,0,0,0,0,0
787,REST_X2,787,3,6,2,0,0,0,0,0,0,0,0,0,0,0,0
788,REST_X2,788,3,6,3,0,0,0,0,0,0,0,0,0,0,0,0
789,[X1_X2_GET_resp_2xx],789,3,3,0,0,0,0,0,0,0,0,0,0,0,0,0
790,[X0_X1_GET_resp_2xx],790,0,0,0,0,0,0,0,0,0,0,0,0,0,0,0
791,REST_X0,791,2,0,0,0,0,0,0,0,0,0,0,0,0,0,0
792,[X0_X1_GET_req],792,3,1,0,0,0,0,0,0,0,0,0,0,0,0,0
793,REST_X1,793,3,2,0,0,0,0,0,0,0,0,0,0,0,0,0
794,REST_X1,794,3,9,0,0,0,0,0,0,0,0,0,0,0,0,0
795,[X1_X12_GET_req],795,3,10,0,0,0,0,0,0,0,0,0,0,1,0,0
796,REST_X12,796,3,10,0,0,0,0,0,0,0,0,0,0,2,0,0
797,REST_X12,797,3,10,0,0,0,0,0,0,0,0,0,0,5,0,0
798,[X12_X6_GET_req],798,3,10,0,0,0,0,1,0,0,0,0,0,6,0,0
799,REST_X6,799,3,10,0,0,0,0,2,0,0,0,0,0,6,0,0
800,REST_X6,800,3,10,0,0,0,0,9,0,0,0,0,0,6,0,0
801,[X6_X8_GET_req],801,3,10,0,0,0,0,10,0,1,0,0,0,6,0,0
802,REST_X8,802,3,10,0,0,0,0,10,0,2,0,0,0,6,0,0
803,REST_X8,803,3,10,0,0,0,0,10,0,3,0,0,0,6,0,0
804,[X6_X8_GET_resp_2xx],804,3,10,0,0,0,0,3,0,0,0,0,0,6,0,0
805,[X12_X6_GET_resp_2xx],805,3,10,0,0,0,0,0,0,0,0,0,0,3,0,0
806,[X1_X12_GET_resp_2xx],806,3,3,0,0,0,0,0,0,0,0,0,0,0,0,0
807,[X0_X1_GET_resp_2xx],807,0,0,0,0,0,0,0,0,0,0,0,0,0,0,0
808,REST_X0,808,2,0,0,0,0,0,0,0,0,0,0,0,0,0,0
809,[X0_X1_GET_req],809,3,1,0,0,0,0,0,0,0,0,0,0,0,0,0
810,REST_X1,810,3,2,0,0,0,0,0,0,0,0,0,0,0,0,0
811,REST_X1,811,3,5,0,0,0,0,0,0,0,0,0,0,0,0,0
812,[X1_X2_GET_req],812,3,6,1,0,0,0,0,0,0,0,0,0,0,0,0
813,REST_X2,813,3,6,2,0,0,0,0,0,0,0,0,0,0,0,0
814,REST_X2,814,3,6,3,0,0,0,0,0,0,0,0,0,0,0,0
815,[X1_X2_GET_resp_2xx],815,3,3,0,0,0,0,0,0,0,0,0,0,0,0,0
816,[X0_X1_GET_resp_2xx],816,0,0,0,0,0,0,0,0,0,0,0,0,0,0,0
817,REST_X0,817,2,0,0,0,0,0,0,0,0,0,0,0,0,0,0
818,[X0_X1_GET_req],818,3,1,0,0,0,0,0,0,0,0,0,0,0,0,0
819,REST_X1,819,3,2,0,0,0,0,0,0,0,0,0,0,0,0,0
820,REST_X1,820,3,5,0,0,0,0,0,0,0,0,0,0,0,0,0
821,[X1_X2_GET_req],821,3,6,1,0,0,0,0,0,0,0,0,0,0,0,0
822,REST_X2,822,3,6,2,0,0,0,0,0,0,0,0,0,0,0,0
823,REST_X2,823,3,6,4,0,0,0,0,0,0,0,0,0,0,0,0
824,[X1_X2_GET_resp_5xx],824,3,7,0,0,0,0,0,0,0,0,0,0,0,0,0
825,[X1_X2_GET_req],825,3,8,1,0,0,0,0,0,0,0,0,0,0,0,0
826,REST_X2,826,3,8,2,0,0,0,0,0,0,0,0,0,0,0,0
827,REST_X2,827,3,8,3,0,0,0,0,0,0,0,0,0,0,0,0
828,[X1_X2_GET_resp_2xx],828,3,3,0,0,0,0,0,0,0,0,0,0,0,0,0
829,[X0_X1_GET_resp_2xx],829,0,0,0,0,0,0,0,0,0,0,0,0,0,0,0
830,REST_X0,830,2,0,0,0,0,0,0,0,0,0,0,0,0,0,0
831,[X0_X1_GET_req],831,3,1,0,0,0,0,0,0,0,0,0,0,0,0,0
832,REST_X1,832,3,2,0,0,0,0,0,0,0,0,0,0,0,0,0
833,REST_X1,833,3,5,0,0,0,0,0,0,0,0,0,0,0,0,0
834,[X1_X2_GET_req],834,3,6,1,0,0,0,0,0,0,0,0,0,0,0,0
835,REST_X2,835,3,6,2,0,0,0,0,0,0,0,0,0,0,0,0
836,REST_X2,836,3,6,3,0,0,0,0,0,0,0,0,0,0,0,0
837,[X1_X2_GET_resp_2xx],837,3,3,0,0,0,0,0,0,0,0,0,0,0,0,0
838,[X0_X1_GET_resp_2xx],838,0,0,0,0,0,0,0,0,0,0,0,0,0,0,0
839,REST_X0,839,2,0,0,0,0,0,0,0,0,0,0,0,0,0,0
840,[X0_X1_GET_req],840,3,1,0,0,0,0,0,0,0,0,0,0,0,0,0
841,REST_X1,841,3,2,0,0,0,0,0,0,0,0,0,0,0,0,0
842,REST_X1,842,3,5,0,0,0,0,0,0,0,0,0,0,0,0,0
843,[X1_X2_GET_req],843,3,6,1,0,0,0,0,0,0,0,0,0,0,0,0
844,REST_X2,844,3,6,2,0,0,0,0,0,0,0,0,0,0,0,0
845,REST_X2,845,3,6,3,0,0,0,0,0,0,0,0,0,0,0,0
846,[X1_X2_GET_resp_2xx],846,3,3,0,0,0,0,0,0,0,0,0,0,0,0,0
847,[X0_X1_GET_resp_2xx],847,0,0,0,0,0,0,0,0,0,0,0,0,0,0,0
848,REST_X0,848,2,0,0,0,0,0,0,0,0,0,0,0,0,0,0
849,[X0_X1_GET_req],849,3,1,0,0,0,0,0,0,0,0,0,0,0,0,0
850,REST_X1,850,3,2,0,0,0,0,0,0,0,0,0,0,0,0,0
851,REST_X1,851,3,5,0,0,0,0,0,0,0,0,0,0,0,0,0
852,[X1_X2_GET_req],852,3,6,1,0,0,0,0,0,0,0,0,0,0,0,0
853,REST_X2,853,3,6,2,0,0,0,0,0,0,0,0,0,0,0,0
854,REST_X2,854,3,6,3,0,0,0,0,0,0,0,0,0,0,0,0
855,[X1_X2_GET_resp_2xx],855,3,3,0,0,0,0,0,0,0,0,0,0,0,0,0
856,[X0_X1_GET_resp_2xx],856,0,0,0,0,0,0,0,0,0,0,0,0,0,0,0
857,REST_X0,857,2,0,0,0,0,0,0,0,0,0,0,0,0,0,0
858,[X0_X1_GET_req],858,3,1,0,0,0,0,0,0,0,0,0,0,0,0,0
859,REST_X1,859,3,2,0,0,0,0,0,0,0,0,0,0,0,0,0
860,REST_X1,860,3,5,0,0,0,0,0,0,0,0,0,0,0,0,0
861,[X1_X2_GET_req],861,3,6,1,0,0,0,0,0,0,0,0,0,0,0,0
862,REST_X2,862,3,6,2,0,0,0,0,0,0,0,0,0,0,0,0
863,REST_X2,863,3,6,3,0,0,0,0,0,0,0,0,0,0,0,0
864,[X1_X2_GET_resp_2xx],864,3,3,0,0,0,0,0,0,0,0,0,0,0,0,0
865,[X0_X1_GET_resp_2xx],865,0,0,0,0,0,0,0,0,0,0,0,0,0,0,0
866,REST_X0,866,2,0,0,0,0,0,0,0,0,0,0,0,0,0,0
867,[X0_X1_GET_req],867,3,1,0,0,0,0,0,0,0,0,0,0,0,0,0
868,REST_X1,868,3,2,0,0,0,0,0,0,0,0,0,0,0,0,0
869,REST_X1,869,3,5,0,0,0,0,0,0,0,0,0,0,0,0,0
870,[X1_X2_GET_req],870,3,6,1,0,0,0,0,0,0,0,0,0,0,0,0
871,REST_X2,871,3,6,2,0,0,0,0,0,0,0,0,0,0,0,0
872,REST_X2,872,3,6,3,0,0,0,0,0,0,0,0,0,0,0,0
873,[X1_X2_GET_resp_2xx],873,3,3,0,0,0,0,0,0,0,0,0,0,0,0,0
874,[X0_X1_GET_resp_2xx],874,0,0,0,0,0,0,0,0,0,0,0,0,0,0,0
875,REST_X0,875,2,0,0,0,0,0,0,0,0,0,0,0,0,0,0
876,[X0_X1_GET_req],876,3,1,0,0,0,0,0,0,0,0,0,0,0,0,0
877,REST_X1,877,3,2,0,0,0,0,0,0,0,0,0,0,0,0,0
878,REST_X1,878,3,5,0,0,0,0,0,0,0,0,0,0,0,0,0
879,[X1_X2_GET_req],879,3,6,1,0,0,0,0,0,0,0,0,0,0,0,0
880,REST_X2,880,3,6,2,0,0,0,0,0,0,0,0,0,0,0,0
881,REST_X2,881,3,6,3,0,0,0,0,0,0,0,0,0,0,0,0
882,[X1_X2_GET_resp_2xx],882,3,3,0,0,0,0,0,0,0,0,0,0,0,0,0
883,[X0_X1_GET_resp_2xx],883,0,0,0,0,0,0,0,0,0,0,0,0,0,0,0
884,REST_X0,884,2,0,0,0,0,0,0,0,0,0,0,0,0,0,0
885,[X0_X1_GET_req],885,3,1,0,0,0,0,0,0,0,0,0,0,0,0,0
886,REST_X1,886,3,2,0,0,0,0,0,0,0,0,0,0,0,0,0
887,REST_X1,887,3,9,0,0,0,0,0,0,0,0,0,0,0,0,0
888,[X1_X12_GET_req],888,3,10,0,0,0,0,0,0,0,0,0,0,1,0,0
889,REST_X12,889,3,10,0,0,0,0,0,0,0,0,0,0,2,0,0
890,REST_X12,890,3,10,0,0,0,0,0,0,0,0,0,0,5,0,0
891,[X12_X6_GET_req],891,3,10,0,0,0,0,1,0,0,0,0,0,6,0,0
892,REST_X6,892,3,10,0,0,0,0,2,0,0,0,0,0,6,0,0
893,REST_X6,893,3,10,0,0,0,0,5,0,0,0,0,0,6,0,0
894,[X6_X3_GET_req],894,3,10,0,1,0,0,6,0,0,0,0,0,6,0,0
895,REST_X3,895,3,10,0,2,0,0,6,0,0,0,0,0,6,0,0
896,REST_X3,896,3,10,0,3,0,0,6,0,0,0,0,0,6,0,0
897,[X6_X3_GET_resp_2xx],897,3,10,0,0,0,0,3,0,0,0,0,0,6,0,0
898,[X12_X6_GET_resp_2xx],898,3,10,0,0,0,0,0,0,0,0,0,0,3,0,0
899,[X1_X12_GET_resp_2xx],899,3,3,0,0,0,0,0,0,0,0,0,0,0,0,0
900,[X0_X1_GET_resp_2xx],900,0,0,0,0,0,0,0,0,0,0,0,0,0,0,0
901,REST_X0,901,2,0,0,0,0,0,0,0,0,0,0,0,0,0,0
902,[X0_X1_GET_req],902,3,1,0,0,0,0,0,0,0,0,0,0,0,0,0
903,REST_X1,903,3,2,0,0,0,0,0,0,0,0,0,0,0,0,0
904,REST_X1,904,3,5,0,0,0,0,0,0,0,0,0,0,0,0,0
905,[X1_X2_GET_req],905,3,6,1,0,0,0,0,0,0,0,0,0,0,0,0
906,REST_X2,906,3,6,2,0,0,0,0,0,0,0,0,0,0,0,0
907,REST_X2,907,3,6,3,0,0,0,0,0,0,0,0,0,0,0,0
908,[X1_X2_GET_resp_2xx],908,3,3,0,0,0,0,0,0,0,0,0,0,0,0,0
909,[X0_X1_GET_resp_2xx],909,0,0,0,0,0,0,0,0,0,0,0,0,0,0,0
910,REST_X0,910,2,0,0,0,0,0,0,0,0,0,0,0,0,0,0
911,[X0_X1_GET_req],911,3,1,0,0,0,0,0,0,0,0,0,0,0,0,0
912,REST_X1,912,3,2,0,0,0,0,0,0,0,0,0,0,0,0,0
913,REST_X1,913,3,9,0,0,0,0,0,0,0,0,0,0,0,0,0
914,[X1_X12_GET_req],914,3,10,0,0,0,0,0,0,0,0,0,0,1,0,0
915,REST_X12,915,3,10,0,0,0,0,0,0,0,0,0,0,2,0,0
916,REST_X12,916,3,10,0,0,0,0,0,0,0,0,0,0,5,0,0
917,[X12_X6_GET_req],917,3,10,0,0,0,0,1,0,0,0,0,0,6,0,0
918,REST_X6,918,3,10,0,0,0,0,2,0,0,0,0,0,6,0,0
919,REST_X6,919,3,10,0,0,0,0,9,0,0,0,0,0,6,0,0
920,[X6_X8_GET_req],920,3,10,0,0,0,0,10,0,1,0,0,0,6,0,0
921,REST_X8,921,3,10,0,0,0,0,10,0,2,0,0,0,6,0,0
922,REST_X8,922,3,10,0,0,0,0,10,0,3,0,0,0,6,0,0
923,[X6_X8_GET_resp_2xx],923,3,10,0,0,0,0,3,0,0,0,0,0,6,0,0
924,[X12_X6_GET_resp_2xx],924,3,10,0,0,0,0,0,0,0,0,0,0,3,0,0
925,[X1_X12_GET_resp_2xx],925,3,3,0,0,0,0,0,0,0,0,0,0,0,0,0
926,[X0_X1_GET_resp_2xx],926,0,0,0,0,0,0,0,0,0,0,0,0,0,0,0
927,REST_X0,927,2,0,0,0,0,0,0,0,0,0,0,0,0,0,0
928,[X0_X1_GET_req],928,3,1,0,0,0,0,0,0,0,0,0,0,0,0,0
929,REST_X1,929,3,2,0,0,0,0,0,0,0,0,0,0,0,0,0
930,REST_X1,930,3,9,0,0,0,0,0,0,0,0,0,0,0,0,0
931,[X1_X12_GET_req],931,3,10,0,0,0,0,0,0,0,0,0,0,1,0,0
932,REST_X12,932,3,10,0,0,0,0,0,0,0,0,0,0,2,0,0
933,REST_X12,933,3,10,0,0,0,0,0,0,0,0,0,0,5,0,0
934,[X12_X6_GET_req],934,3,10,0,0,0,0,1,0,0,0,0,0,6,0,0
935,REST_X6,935,3,10,0,0,0,0,2,0,0,0,0,0,6,0,0
936,REST_X6,936,3,10,0,0,0,0,5,0,0,0,0,0,6,0,0
937,[X6_X3_GET_req],937,3,10,0,1,0,0,6,0,0,0,0,0,6,0,0
938,REST_X3,938,3,10,0,2,0,0,6,0,0,0,0,0,6,0,0
939,REST_X3,939,3,10,0,4,0,0,6,0,0,0,0,0,6,0,0
940,[X6_X3_GET_resp_5xx],940,3,10,0,0,0,0,7,0,0,0,0,0,6,0,0
941,[X6_X3_GET_req],941,3,10,0,1,0,0,8,0,0,0,0,0,6,0,0
942,REST_X3,942,3,10,0,2,0,0,8,0,0,0,0,0,6,0,0
943,REST_X3,943,3,10,0,3,0,0,8,0,0,0,0,0,6,0,0
944,[X6_X3_GET_resp_2xx],944,3,10,0,0,0,0,3,0,0,0,0,0,6,0,0
945,[X12_X6_GET_resp_2xx],945,3,10,0,0,0,0,0,0,0,0,0,0,3,0,0
946,[X1_X12_GET_resp_2xx],946,3,3,0,0,0,0,0,0,0,0,0,0,0,0,0
947,[X0_X1_GET_resp_2xx],947,0,0,0,0,0,0,0,0,0,0,0,0,0,0,0
948,REST_X0,948,2,0,0,0,0,0,0,0,0,0,0,0,0,0,0
949,[X0_X1_GET_req],949,3,1,0,0,0,0,0,0,0,0,0,0,0,0,0
950,REST_X1,950,3,2,0,0,0,0,0,0,0,0,0,0,0,0,0
951,REST_X1,951,3,9,0,0,0,0,0,0,0,0,0,0,0,0,0
952,[X1_X12_GET_req],952,3,10,0,0,0,0,0,0,0,0,0,0,1,0,0
953,REST_X12,953,3,10,0,0,0,0,0,0,0,0,0,0,2,0,0
954,REST_X12,954,3,10,0,0,0,0,0,0,0,0,0,0,5,0,0
955,[X12_X6_GET_req],955,3,10,0,0,0,0,1,0,0,0,0,0,6,0,0
956,REST_X6,956,3,10,0,0,0,0,2,0,0,0,0,0,6,0,0
957,REST_X6,957,3,10,0,0,0,0,5,0,0,0,0,0,6,0,0
958,[X6_X3_GET_req],958,3,10,0,1,0,0,6,0,0,0,0,0,6,0,0
959,REST_X3,959,3,10,0,2,0,0,6,0,0,0,0,0,6,0,0
960,REST_X3,960,3,10,0,3,0,0,6,0,0,0,0,0,6,0,0
961,[X6_X3_GET_resp_2xx],961,3,10,0,0,0,0,3,0,0,0,0,0,6,0,0
962,[X12_X6_GET_resp_2xx],962,3,10,0,0,0,0,0,0,0,0,0,0,3,0,0
963,[X1_X12_GET_resp_2xx],963,3,3,0,0,0,0,0,0,0,0,0,0,0,0,0
964,[X0_X1_GET_resp_2xx],964,0,0,0,0,0,0,0,0,0,0,0,0,0,0,0
965,REST_X0,965,2,0,0,0,0,0,0,0,0,0,0,0,0,0,0
966,[X0_X1_GET_req],966,3,1,0,0,0,0,0,0,0,0,0,0,0,0,0
967,REST_X1,967,3,2,0,0,0,0,0,0,0,0,0,0,0,0,0
968,REST_X1,968,3,5,0,0,0,0,0,0,0,0,0,0,0,0,0
969,[X1_X2_GET_req],969,3,6,1,0,0,0,0,0,0,0,0,0,0,0,0
970,REST_X2,970,3,6,2,0,0,0,0,0,0,0,0,0,0,0,0
971,REST_X2,971,3,6,3,0,0,0,0,0,0,0,0,0,0,0,0
972,[X1_X2_GET_resp_2xx],972,3,3,0,0,0,0,0,0,0,0,0,0,0,0,0
973,[X0_X1_GET_resp_2xx],973,0,0,0,0,0,0,0,0,0,0,0,0,0,0,0
974,REST_X0,974,2,0,0,0,0,0,0,0,0,0,0,0,0,0,0
975,[X0_X1_GET_req],975,3,1,0,0,0,0,0,0,0,0,0,0,0,0,0
976,REST_X1,976,3,2,0,0,0,0,0,0,0,0,0,0,0,0,0
977,REST_X1,977,3,9,0,0,0,0,0,0,0,0,0,0,0,0,0
978,[X1_X12_GET_req],978,3,10,0,0,0,0,0,0,0,0,0,0,1,0,0
979,REST_X12,979,3,10,0,0,0,0,0,0,0,0,0,0,2,0,0
980,REST_X12,980,3,10,0,0,0,0,0,0,0,0,0,0,5,0,0
981,[X12_X6_GET_req],981,3,10,0,0,0,0,1,0,0,0,0,0,6,0,0
982,REST_X6,982,3,10,0,0,0,0,2,0,0,0,0,0,6,0,0
983,REST_X6,983,3,10,0,0,0,0,13,0,0,0,0,0,6,0,0
984,[X6_X7_GET_req],984,3,10,0,0,0,0,14,1,0,0,0,0,6,0,0
985,REST_X7,985,3,10,0,0,0,0,14,2,0,0,0,0,6,0,0
986,REST_X7,986,3,10,0,0,0,0,14,9,0,0,0,0,6,0,0
987,[X7_X9_GET_req],987,3,10,0,0,0,0,14,10,0,1,0,0,6,0,0
988,REST_X9,988,3,10,0,0,0,0,14,10,0,2,0,0,6,0,0
989,REST_X9,989,3,10,0,0,0,0,14,10,0,5,0,0,6,0,0
990,[X9_X11_GET_req],990,3,10,0,0,0,0,14,10,0,6,0,1,6,0,0
991,REST_X11,991,3,10,0,0,0,0,14,10,0,6,0,2,6,0,0
992,REST_X11,992,3,10,0,0,0,0,14,10,0,6,0,3,6,0,0
993,[X9_X11_GET_resp_2xx],993,3,10,0,0,0,0,14,10,0,3,0,0,6,0,0
994,[X7_X9_GET_resp_2xx],994,3,10,0,0,0,0,14,3,0,0,0,0,6,0,0
995,[X6_X7_GET_resp_2xx],995,3,10,0,0,0,0,3,0,0,0,0,0,6,0,0
996,[X12_X6_GET_resp_2xx],996,3,10,0,0,0,0,0,0,0,0,0,0,3,0,0
997,[X1_X12_GET_resp_2xx],997,3,3,0,0,0,0,0,0,0,0,0,0,0,0,0
998,[X0_X1_GET_resp_2xx],998,0,0,0,0,0,0,0,0,0,0,0,0,0,0,0
999,REST_X0,999,2,0,0,0,0,0,0,0,0,0,0,0,0,0,0
1000,[X0_X1_GET_req],1000,3,1,0,0,0,0,0,0,0,0,0,0,0,0,0
1001,REST_X1,1001,3,2,0,0,0,0,0,0,0,0,0,0,0,0,0
1002,REST_X1,1002,3,9,0,0,0,0,0,0,0,0,0,0,0,0,0
1003,[X1_X12_GET_req],1003,3,10,0,0,0,0,0,0,0,0,0,0,1,0,0
1004,REST_X12,1004,3,10,0,0,0,0,0,0,0,0,0,0,2,0,0
1005,REST_X12,1005,3,10,0,0,0,0,0,0,0,0,0,0,5,0,0
1006,[X12_X6_GET_req],1006,3,10,0,0,0,0,1,0,0,0,0,0,6,0,0
1007,REST_X6,1007,3,10,0,0,0,0,2,0,0,0,0,0,6,0,0
1008,REST_X6,1008,3,10,0,0,0,0,9,0,0,0,0,0,6,0,0
1009,[X6_X8_GET_req],1009,3,10,0,0,0,0,10,0,1,0,0,0,6,0,0
1010,REST_X8,1010,3,10,0,0,0,0,10,0,2,0,0,0,6,0,0
1011,REST_X8,1011,3,10,0,0,0,0,10,0,3,0,0,0,6,0,0
1012,[X6_X8_GET_resp_2xx],1012,3,10,0,0,0,0,3,0,0,0,0,0,6,0,0
1013,[X12_X6_GET_resp_2xx],1013,3,10,0,0,0,0,0,0,0,0,0,0,3,0,0
1014,[X1_X12_GET_resp_2xx],1014,3,3,0,0,0,0,0,0,0,0,0,0,0,0,0
1015,[X0_X1_GET_resp_2xx],1015,0,0,0,0,0,0,0,0,0,0,0,0,0,0,0
1016,REST_X0,1016,2,0,0,0,0,0,0,0,0,0,0,0,0,0,0
1017,[X0_X1_GET_req],1017,3,1,0,0,0,0,0,0,0,0,0,0,0,0,0
1018,REST_X1,1018,3,2,0,0,0,0,0,0,0,0,0,0,0,0,0
1019,REST_X1,1019,3,9,0,0,0,0,0,0,0,0,0,0,0,0,0
1020,[X1_X12_GET_req],1020,3,10,0,0,0,0,0,0,0,0,0,0,1,0,0
1021,REST_X12,1021,3,10,0,0,0,0,0,0,0,0,0,0,2,0,0
1022,REST_X12,1022,3,10,0,0,0,0,0,0,0,0,0,0,5,0,0
1023,[X12_X6_GET_req],1023,3,10,0,0,0,0,1,0,0,0,0,0,6,0,0
1024,REST_X6,1024,3,10,0,0,0,0,2,0,0,0,0,0,6,0,0
1025,REST_X6,1025,3,10,0,0,0,0,9,0,0,0,0,0,6,0,0
1026,[X6_X8_GET_req],1026,3,10,0,0,0,0,10,0,1,0,0,0,6,0,0
1027,REST_X8,1027,3,10,0,0,0,0,10,0,2,0,0,0,6,0,0
1028,REST_X8,1028,3,10,0,0,0,0,10,0,3,0,0,0,6,0,0
1029,[X6_X8_GET_resp_2xx],1029,3,10,0,0,0,0,3,0,0,0,0,0,6,0,0
1030,[X12_X6_GET_resp_2xx],1030,3,10,0,0,0,0,0,0,0,0,0,0,3,0,0
1031,[X1_X12_GET_resp_2xx],1031,3,3,0,0,0,0,0,0,0,0,0,0,0,0,0
1032,[X0_X1_GET_resp_2xx],1032,0,0,0,0,0,0,0,0,0,0,0,0,0,0,0
1033,REST_X0,1033,2,0,0,0,0,0,0,0,0,0,0,0,0,0,0
1034,[X0_X1_GET_req],1034,3,1,0,0,0,0,0,0,0,0,0,0,0,0,0
1035,REST_X1,1035,3,2,0,0,0,0,0,0,0,0,0,0,0,0,0
1036,REST_X1,1036,3,9,0,0,0,0,0,0,0,0,0,0,0,0,0
1037,[X1_X12_GET_req],1037,3,10,0,0,0,0,0,0,0,0,0,0,1,0,0
1038,REST_X12,1038,3,10,0,0,0,0,0,0,0,0,0,0,2,0,0
1039,REST_X12,1039,3,10,0,0,0,0,0,0,0,0,0,0,5,0,0
1040,[X12_X6_GET_req],1040,3,10,0,0,0,0,1,0,0,0,0,0,6,0,0
1041,REST_X6,1041,3,10,0,0,0,0,2,0,0,0,0,0,6,0,0
1042,REST_X6,1042,3,10,0,0,0,0,5,0,0,0,0,0,6,0,0
1043,[X6_X3_GET_req],1043,3,10,0,1,0,0,6,0,0,0,0,0,6,0,0
1044,REST_X3,1044,3,10,0,2,0,0,6,0,0,0,0,0,6,0,0
1045,REST_X3,1045,3,10,0,3,0,0,6,0,0,0,0,0,6,0,0
1046,[X6_X3_GET_resp_2xx],1046,3,10,0,0,0,0,3,0,0,0,0,0,6,0,0
1047,[X12_X6_GET_resp_2xx],1047,3,10,0,0,0,0,0,0,0,0,0,0,3,0,0
1048,[X1_X12_GET_resp_2xx],1048,3,3,0,0,0,0,0,0,0,0,0,0,0,0,0
1049,[X0_X1_GET_resp_2xx],1049,0,0,0,0,0,0,0,0,0,0,0,0,0,0,0
1050,REST_X0,1050,2,0,0,0,0,0,0,0,0,0,0,0,0,0,0
1051,[X0_X1_GET_req],1051,3,1,0,0,0,0,0,0,0,0,0,0,0,0,0
1052,REST_X1,1052,3,2,0,0,0,0,0,0,0,0,0,0,0,0,0
1053,REST_X1,1053,3,5,0,0,0,0,0,0,0,0,0,0,0,0,0
1054,[X1_X2_GET_req],1054,3,6,1,0,0,0,0,0,0,0,0,0,0,0,0
1055,REST_X2,1055,3,6,2,0,0,0,0,0,0,0,0,0,0,0,0
1056,REST_X2,1056,3,6,3,0,0,0,0,0,0,0,0,0,0,0,0
1057,[X1_X2_GET_resp_2xx],1057,3,3,0,0,0,0,0,0,0,0,0,0,0,0,0
1058,[X0_X1_GET_resp_2xx],1058,0,0,0,0,0,0,0,0,0,0,0,0,0,0,0
1059,REST_X0,1059,2,0,0,0,0,0,0,0,0,0,0,0,0,0,0
1060,[X0_X1_GET_req],1060,3,1,0,0,0,0,0,0,0,0,0,0,0,0,0
1061,REST_X1,1061,3,2,0,0,0,0,0,0,0,0,0,0,0,0,0
1062,REST_X1,1062,3,5,0,0,0,0,0,0,0,0,0,0,0,0,0
1063,[X1_X2_GET_req],1063,3,6,1,0,0,0,0,0,0,0,0,0,0,0,0
1064,REST_X2,1064,3,6,2,0,0,0,0,0,0,0,0,0,0,0,0
1065,REST_X2,1065,3,6,3,0,0,0,0,0,0,0,0,0,0,0,0
1066,[X1_X2_GET_resp_2xx],1066,3,3,0,0,0,0,0,0,0,0,0,0,0,0,0
1067,[X0_X1_GET_resp_2xx],1067,0,0,0,0,0,0,0,0,0,0,0,0,0,0,0
1068,REST_X0,1068,2,0,0,0,0,0,0,0,0,0,0,0,0,0,0
1069,[X0_X1_GET_req],1069,3,1,0,0,0,0,0,0,0,0,0,0,0,0,0
1070,REST_X1,1070,3,2,0,0,0,0,0,0,0,0,0,0,0,0,0
1071,REST_X1,1071,3,9,0,0,0,0,0,0,0,0,0,0,0,0,0
1072,[X1_X12_GET_req],1072,3,10,0,0,0,0,0,0,0,0,0,0,1,0,0
1073,REST_X12,1073,3,10,0,0,0,0,0,0,0,0,0,0,2,0,0
1074,REST_X12,1074,3,10,0,0,0,0,0,0,0,0,0,0,5,0,0
1075,[X12_X6_GET_req],1075,3,10,0,0,0,0,1,0,0,0,0,0,6,0,0
1076,REST_X6,1076,3,10,0,0,0,0,2,0,0,0,0,0,6,0,0
1077,REST_X6,1077,3,10,0,0,0,0,5,0,0,0,0,0,6,0,0
1078,[X6_X3_GET_req],1078,3,10,0,1,0,0,6,0,0,0,0,0,6,0,0
1079,REST_X3,1079,3,10,0,2,0,0,6,0,0,0,0,0,6,0,0
1080,REST_X3,1080,3,10,0,3,0,0,6,0,0,0,0,0,6,0,0
1081,[X6_X3_GET_resp_2xx],1081,3,10,0,0,0,0,3,0,0,0,0,0,6,0,0
1082,[X12_X6_GET_resp_2xx],1082,3,10,0,0,0,0,0,0,0,0,0,0,3,0,0
1083,[X1_X12_GET_resp_2xx],1083,3,3,0,0,0,0,0,0,0,0,0,0,0,0,0
1084,[X0_X1_GET_resp_2xx],1084,0,0,0,0,0,0,0,0,0,0,0,0,0,0,0
1085,REST_X0,1085,2,0,0,0,0,0,0,0,0,0,0,0,0,0,0
1086,[X0_X1_GET_req],1086,3,1,0,0,0,0,0,0,0,0,0,0,0,0,0
1087,REST_X1,1087,3,2,0,0,0,0,0,0,0,0,0,0,0,0,0
1088,REST_X1,1088,3,5,0,0,0,0,0,0,0,0,0,0,0,0,0
1089,[X1_X2_GET_req],1089,3,6,1,0,0,0,0,0,0,0,0,0,0,0,0
1090,REST_X2,1090,3,6,2,0,0,0,0,0,0,0,0,0,0,0,0
1091,REST_X2,1091,3,6,3,0,0,0,0,0,0,0,0,0,0,0,0
1092,[X1_X2_GET_resp_2xx],1092,3,3,0,0,0,0,0,0,0,0,0,0,0,0,0
1093,[X0_X1_GET_resp_2xx],1093,0,0,0,0,0,0,0,0,0,0,0,0,0,0,0
1094,REST_X0,1094,2,0,0,0,0,0,0,0,0,0,0,0,0,0,0
1095,[X0_X1_GET_req],1095,3,1,0,0,0,0,0,0,0,0,0,0,0,0,0
1096,REST_X1,1096,3,2,0,0,0,0,0,0,0,0,0,0,0,0,0
1097,REST_X1,1097,3,5,0,0,0,0,0,0,0,0,0,0,0,0,0
1098,[X1_X2_GET_req],1098,3,6,1,0,0,0,0,0,0,0,0,0,0,0,0
1099,REST_X2,1099,3,6,2,0,0,0,0,0,0,0,0,0,0,0,0
1100,REST_X2,1100,3,6,3,0,0,0,0,0,0,0,0,0,0,0,0
1101,[X1_X2_GET_resp_2xx],1101,3,3,0,0,0,0,0,0,0,0,0,0,0,0,0
1102,[X0_X1_GET_resp_2xx],1102,0,0,0,0,0,0,0,0,0,0,0,0,0,0,0
1103,REST_X0,1103,2,0,0,0,0,0,0,0,0,0,0,0,0,0,0
1104,[X0_X1_GET_req],1104,3,1,0,0,0,0,0,0,0,0,0,0,0,0,0
1105,REST_X1,1105,3,2,0,0,0,0,0,0,0,0,0,0,0,0,0
1106,REST_X1,1106,3,9,0,0,0,0,0,0,0,0,0,0,0,0,0
1107,[X1_X12_GET_req],1107,3,10,0,0,0,0,0,0,0,0,0,0,1,0,0
1108,REST_X12,1108,3,10,0,0,0,0,0,0,0,0,0,0,2,0,0
1109,REST_X12,1109,3,10,0,0,0,0,0,0,0,0,0,0,5,0,0
1110,[X12_X6_GET_req],1110,3,10,0,0,0,0,1,0,0,0,0,0,6,0,0
1111,REST_X6,1111,3,10,0,0,0,0,2,0,0,0,0,0,6,0,0
1112,REST_X6,1112,3,10,0,0,0,0,9,0,0,0,0,0,6,0,0
1113,[X6_X8_GET_req],1113,3,10,0,0,0,0,10,0,1,0,0,0,6,0,0
1114,REST_X8,1114,3,10,0,0,0,0,10,0,2,0,0,0,6,0,0
1115,REST_X8,1115,3,10,0,0,0,0,10,0,3,0,0,0,6,0,0
1116,[X6_X8_GET_resp_2xx],1116,3,10,0,0,0,0,3,0,0,0,0,0,6,0,0
1117,[X12_X6_GET_resp_2xx],1117,3,10,0,0,0,0,0,0,0,0,0,0,3,0,0
1118,[X1_X12_GET_resp_2xx],1118,3,3,0,0,0,0,0,0,0,0,0,0,0,0,0
1119,[X0_X1_GET_resp_2xx],1119,0,0,0,0,0,0,0,0,0,0,0,0,0,0,0
1120,REST_X0,1120,2,0,0,0,0,0,0,0,0,0,0,0,0,0,0
1121,[X0_X1_GET_req],1121,3,1,0,0,0,0,0,0,0,0,0,0,0,0,0
1122,REST_X1,1122,3,2,0,0,0,0,0,0,0,0,0,0,0,0,0
1123,REST_X1,1123,3,5,0,0,0,0,0,0,0,0,0,0,0,0,0
1124,[X1_X2_GET_req],1124,3,6,1,0,0,0,0,0,0,0,0,0,0,0,0
1125,REST_X2,1125,3,6,2,0,0,0,0,0,0,0,0,0,0,0,0
1126,REST_X2,1126,3,6,3,0,0,0,0,0,0,0,0,0,0,0,0
1127,[X1_X2_GET_resp_2xx],1127,3,3,0,0,0,0,0,0,0,0,0,0,0,0,0
1128,[X0_X1_GET_resp_2xx],1128,0,0,0,0,0,0,0,0,0,0,0,0,0,0,0
1129,REST_X0,1129,2,0,0,0,0,0,0,0,0,0,0,0,0,0,0
1130,[X0_X1_GET_req],1130,3,1,0,0,0,0,0,0,0,0,0,0,0,0,0
1131,REST_X1,1131,3,2,0,0,0,0,0,0,0,0,0,0,0,0,0
1132,REST_X1,1132,3,5,0,0,0,0,0,0,0,0,0,0,0,0,0
1133,[X1_X2_GET_req],1133,3,6,1,0,0,0,0,0,0,0,0,0,0,0,0
1134,REST_X2,1134,3,6,2,0,0,0,0,0,0,0,0,0,0,0,0
1135,REST_X2,1135,3,6,3,0,0,0,0,0,0,0,0,0,0,0,0
1136,[X1_X2_GET_resp_2xx],1136,3,3,0,0,0,0,0,0,0,0,0,0,0,0,0
1137,[X0_X1_GET_resp_2xx],1137,0,0,0,0,0,0,0,0,0,0,0,0,0,0,0
1138,REST_X0,1138,2,0,0,0,0,0,0,0,0,0,0,0,0,0,0
1139,[X0_X1_GET_req],1139,3,1,0,0,0,0,0,0,0,0,0,0,0,0,0
1140,REST_X1,1140,3,2,0,0,0,0,0,0,0,0,0,0,0,0,0
1141,REST_X1,1141,3,5,0,0,0,0,0,0,0,0,0,0,0,0,0
1142,[X1_X2_GET_req],1142,3,6,1,0,0,0,0,0,0,0,0,0,0,0,0
1143,REST_X2,1143,3,6,2,0,0,0,0,0,0,0,0,0,0,0,0
1144,REST_X2,1144,3,6,3,0,0,0,0,0,0,0,0,0,0,0,0
1145,[X1_X2_GET_resp_2xx],1145,3,3,0,0,0,0,0,0,0,0,0,0,0,0,0
1146,[X0_X1_GET_resp_2xx],1146,0,0,0,0,0,0,0,0,0,0,0,0,0,0,0
1147,REST_X0,1147,2,0,0,0,0,0,0,0,0,0,0,0,0,0,0
1148,[X0_X1_GET_req],1148,3,1,0,0,0,0,0,0,0,0,0,0,0,0,0
1149,REST_X1,1149,3,2,0,0,0,0,0,0,0,0,0,0,0,0,0
1150,REST_X1,1150,3,9,0,0,0,0,0,0,0,0,0,0,0,0,0
1151,[X1_X12_GET_req],1151,3,10,0,0,0,0,0,0,0,0,0,0,1,0,0
1152,REST_X12,1152,3,10,0,0,0,0,0,0,0,0,0,0,2,0,0
1153,REST_X12,1153,3,10,0,0,0,0,0,0,0,0,0,0,5,0,0
1154,[X12_X6_GET_req],1154,3,10,0,0,0,0,1,0,0,0,0,0,6,0,0
1155,REST_X6,1155,3,10,0,0,0,0,2,0,0,0,0,0,6,0,0
1156,REST_X6,1156,3,10,0,0,0,0,9,0,0,0,0,0,6,0,0
1157,[X6_X8_GET_req],1157,3,10,0,0,0,0,10,0,1,0,0,0,6,0,0
1158,REST_X8,1158,3,10,0,0,0,0,10,0,2,0,0,0,6,0,0
1159,REST_X8,1159,3,10,0,0,0,0,10,0,3,0,0,0,6,0,0
1160,[X6_X8_GET_resp_2xx],1160,3,10,0,0,0,0,3,0,0,0,0,0,6,0,0
1161,[X12_X6_GET_resp_2xx],1161,3,10,0,0,0,0,0,0,0,0,0,0,3,0,0
1162,[X1_X12_GET_resp_2xx],1162,3,3,0,0,0,0,0,0,0,0,0,0,0,0,0
1163,[X0_X1_GET_resp_2xx],1163,0,0,0,0,0,0,0,0,0,0,0,0,0,0,0
1164,REST_X0,1164,2,0,0,0,0,0,0,0,0,0,0,0,0,0,0
1165,[X0_X1_GET_req],1165,3,1,0,0,0,0,0,0,0,0,0,0,0,0,0
1166,REST_X1,1166,3,2,0,0,0,0,0,0,0,0,0,0,0,0,0
1167,REST_X1,1167,3,5,0,0,0,0,0,0,0,0,0,0,0,0,0
1168,[X1_X2_GET_req],1168,3,6,1,0,0,0,0,0,0,0,0,0,0,0,0
1169,REST_X2,1169,3,6,2,0,0,0,0,0,0,0,0,0,0,0,0
1170,REST_X2,1170,3,6,3,0,0,0,0,0,0,0,0,0,0,0,0
1171,[X1_X2_GET_resp_2xx],1171,3,3,0,0,0,0,0,0,0,0,0,0,0,0,0
1172,[X0_X1_GET_resp_2xx],1172,0,0,0,0,0,0,0,0,0,0,0,0,0,0,0
1173,REST_X0,1173,2,0,0,0,0,0,0,0,0,0,0,0,0,0,0
1174,[X0_X1_GET_req],1174,3,1,0,0,0,0,0,0,0,0,0,0,0,0,0
1175,REST_X1,1175,3,2,0,0,0,0,0,0,0,0,0,0,0,0,0
1176,REST_X1,1176,3,5,0,0,0,0,0,0,0,0,0,0,0,0,0
1177,[X1_X2_GET_req],1177,3,6,1,0,0,0,0,0,0,0,0,0,0,0,0
1178,REST_X2,1178,3,6,2,0,0,0,0,0,0,0,0,0,0,0,0
1179,REST_X2,1179,3,6,3,0,0,0,0,0,0,0,0,0,0,0,0
1180,[X1_X2_GET_resp_2xx],1180,3,3,0,0,0,0,0,0,0,0,0,0,0,0,0
1181,[X0_X1_GET_resp_2xx],1181,0,0,0,0,0,0,0,0,0,0,0,0,0,0,0
1182,REST_X0,1182,2,0,0,0,0,0,0,0,0,0,0,0,0,0,0
1183,[X0_X1_GET_req],1183,3,1,0,0,0,0,0,0,0,0,0,0,0,0,0
1184,REST_X1,1184,3,2,0,0,0,0,0,0,0,0,0,0,0,0,0
1185,REST_X1,1185,3,5,0,0,0,0,0,0,0,0,0,0,0,0,0
1186,[X1_X2_GET_req],1186,3,6,1,0,0,0,0,0,0,0,0,0,0,0,0
1187,REST_X2,1187,3,6,2,0,0,0,0,0,0,0,0,0,0,0,0
1188,REST_X2,1188,3,6,3,0,0,0,0,0,0,0,0,0,0,0,0
1189,[X1_X2_GET_resp_2xx],1189,3,3,0,0,0,0,0,0,0,0,0,0,0,0,0
1190,[X0_X1_GET_resp_2xx],1190,0,0,0,0,0,0,0,0,0,0,0,0,0,0,0
1191,REST_X0,1191,2,0,0,0,0,0,0,0,0,0,0,0,0,0,0
1192,[X0_X1_GET_req],1192,3,1,0,0,0,0,0,0,0,0,0,0,0,0,0
1193,REST_X1,1193,3,2,0,0,0,0,0,0,0,0,0,0,0,0,0
1194,REST_X1,1194,3,9,0,0,0,0,0,0,0,0,0,0,0,0,0
1195,[X1_X12_GET_req],1195,3,10,0,0,0,0,0,0,0,0,0,0,1,0,0
1196,REST_X12,1196,3,10,0,0,0,0,0,0,0,0,0,0,2,0,0
1197,REST_X12,1197,3,10,0,0,0,0,0,0,0,0,0,0,5,0,0
1198,[X12_X6_GET_req],1198,3,10,0,0,0,0,1,0,0,0,0,0,6,0,0
1199,REST_X6,1199,3,10,0,0,0,0,2,0,0,0,0,0,6,0,0
1200,REST_X6,1200,3,10,0,0,0,0,13,0,0,0,0,0,6,0,0
1201,[X6_X7_GET_req],1201,3,10,0,0,0,0,14,1,0,0,0,0,6,0,0
1202,REST_X7,1202,3,10,0,0,0,0,14,2,0,0,0,0,6,0,0
1203,REST_X7,1203,3,10,0,0,0,0,14,9,0,0,0,0,6,0,0
1204,[X7_X9_GET_req],1204,3,10,0,0,0,0,14,10,0,1,0,0,6,0,0
1205,REST_X9,1205,3,10,0,0,0,0,14,10,0,2,0,0,6,0,0
1206,REST_X9,1206,3,10,0,0,0,0,14,10,0,5,0,0,6,0,0
1207,[X9_X11_GET_req],1207,3,10,0,0,0,0,14,10,0,6,0,1,6,0,0
1208,REST_X11,1208,3,10,0,0,0,0,14,10,0,6,0,2,6,0,0
1209,REST_X11,1209,3,10,0,0,0,0,14,10,0,6,0,3,6,0,0
1210,[X9_X11_GET_resp_2xx],1210,3,10,0,0,0,0,14,10,0,3,0,0,6,0,0
1211,[X7_X9_GET_resp_2xx],1211,3,10,0,0,0,0,14,3,0,0,0,0,6,0,0
1212,[X6_X7_GET_resp_2xx],1212,3,10,0,0,0,0,3,0,0,0,0,0,6,0,0
1213,[X12_X6_GET_resp_2xx],1213,3,10,0,0,0,0,0,0,0,0,0,0,3,0,0
1214,[X1_X12_GET_resp_2xx],1214,3,3,0,0,0,0,0,0,0,0,0,0,0,0,0
1215,[X0_X1_GET_resp_2xx],1215,0,0,0,0,0,0,0,0,0,0,0,0,0,0,0
1216,REST_X0,1216,2,0,0,0,0,0,0,0,0,0,0,0,0,0,0
1217,[X0_X1_GET_req],1217,3,1,0,0,0,0,0,0,0,0,0,0,0,0,0
1218,REST_X1,1218,3,2,0,0,0,0,0,0,0,0,0,0,0,0,0
1219,REST_X1,1219,3,5,0,0,0,0,0,0,0,0,0,0,0,0,0
1220,[X1_X2_GET_req],1220,3,6,1,0,0,0,0,0,0,0,0,0,0,0,0
1221,REST_X2,1221,3,6,2,0,0,0,0,0,0,0,0,0,0,0,0
1222,REST_X2,1222,3,6,3,0,0,0,0,0,0,0,0,0,0,0,0
1223,[X1_X2_GET_resp_2xx],1223,3,3,0,0,0,0,0,0,0,0,0,0,0,0,0
1224,[X0_X1_GET_resp_2xx],1224,0,0,0,0,0,0,0,0,0,0,0,0,0,0,0
1225,REST_X0,1225,2,0,0,0,0,0,0,0,0,0,0,0,0,0,0
1226,[X0_X1_GET_req],1226,3,1,0,0,0,0,0,0,0,0,0,0,0,0,0
1227,REST_X1,1227,3,2,0,0,0,0,0,0,0,0,0,0,0,0,0
1228,REST_X1,1228,3,5,0,0,0,0,0,0,0,0,0,0,0,0,0
1229,[X1_X2_GET_req],1229,3,6,1,0,0,0,0,0,0,0,0,0,0,0,0
1230,REST_X2,1230,3,6,2,0,0,0,0,0,0,0,0,0,0,0,0
1231,REST_X2,1231,3,6,3,0,0,0,0,0,0,0,0,0,0,0,0
1232,[X1_X2_GET_resp_2xx],1232,3,3,0,0,0,0,0,0,0,0,0,0,0,0,0
1233,[X0_X1_GET_resp_2xx],1233,0,0,0,0,0,0,0,0,0,0,0,0,0,0,0
1234,REST_X0,1234,2,0,0,0,0,0,0,0,0,0,0,0,0,0,0
1235,[X0_X1_GET_req],1235,3,1,0,0,0,0,0,0,0,0,0,0,0,0,0
1236,REST_X1,1236,3,2,0,0,0,0,0,0,0,0,0,0,0,0,0
1237,REST_X1,1237,3,5,0,0,0,0,0,0,0,0,0,0,0,0,0
1238,[X1_X2_GET_req],1238,3,6,1,0,0,0,0,0,0,0,0,0,0,0,0
1239,REST_X2,1239,3,6,2,0,0,0,0,0,0,0,0,0,0,0,0
1240,REST_X2,1240,3,6,3,0,0,0,0,0,0,0,0,0,0,0,0
1241,[X1_X2_GET_resp_2xx],1241,3,3,0,0,0,0,0,0,0,0,0,0,0,0,0
1242,[X0_X1_GET_resp_2xx],1242,0,0,0,0,0,0,0,0,0,0,0,0,0,0,0
1243,REST_X0,1243,2,0,0,0,0,0,0,0,0,0,0,0,0,0,0
1244,[X0_X1_GET_req],1244,3,1,0,0,0,0,0,0,0,0,0,0,0,0,0
1245,REST_X1,1245,3,2,0,0,0,0,0,0,0,0,0,0,0,0,0
1246,REST_X1,1246,3,9,0,0,0,0,0,0,0,0,0,0,0,0,0
1247,[X1_X12_GET_req],1247,3,10,0,0,0,0,0,0,0,0,0,0,1,0,0
1248,REST_X12,1248,3,10,0,0,0,0,0,0,0,0,0,0,2,0,0
1249,REST_X12,1249,3,10,0,0,0,0,0,0,0,0,0,0,5,0,0
1250,[X12_X6_GET_req],1250,3,10,0,0,0,0,1,0,0,0,0,0,6,0,0
1251,REST_X6,1251,3,10,0,0,0,0,2,0,0,0,0,0,6,0,0
1252,REST_X6,1252,3,10,0,0,0,0,5,0,0,0,0,0,6,0,0
1253,[X6_X3_GET_req],1253,3,10,0,1,0,0,6,0,0,0,0,0,6,0,0
1254,REST_X3,1254,3,10,0,2,0,0,6,0,0,0,0,0,6,0,0
1255,REST_X3,1255,3,10,0,3,0,0,6,0,0,0,0,0,6,0,0
1256,[X6_X3_GET_resp_2xx],1256,3,10,0,0,0,0,3,0,0,0,0,0,6,0,0
1257,[X12_X6_GET_resp_2xx],1257,3,10,0,0,0,0,0,0,0,0,0,0,3,0,0
1258,[X1_X12_GET_resp_2xx],1258,3,3,0,0,0,0,0,0,0,0,0,0,0,0,0
1259,[X0_X1_GET_resp_2xx],1259,0,0,0,0,0,0,0,0,0,0,0,0,0,0,0
1260,REST_X0,1260,2,0,0,0,0,0,0,0,0,0,0,0,0,0,0
1261,[X0_X1_GET_req],1261,3,1,0,0,0,0,0,0,0,0,0,0,0,0,0
1262,REST_X1,1262,3,2,0,0,0,0,0,0,0,0,0,0,0,0,0
1263,REST_X1,1263,3,9,0,0,0,0,0,0,0,0,0,0,0,0,0
1264,[X1_X12_GET_req],1264,3,10,0,0,0,0,0,0,0,0,0,0,1,0,0
1265,REST_X12,1265,3,10,0,0,0,0,0,0,0,0,0,0,2,0,0
1266,REST_X12,1266,3,10,0,0,0,0,0,0,0,0,0,0,5,0,0
1267,[X12_X6_GET_req],1267,3,10,0,0,0,0,1,0,0,0,0,0,6,0,0
1268,REST_X6,1268,3,10,0,0,0,0,2,0,0,0,0,0,6,0,0
1269,REST_X6,1269,3,10,0,0,0,0,5,0,0,0,0,0,6,0,0
1270,[X6_X3_GET_req],1270,3,10,0,1,0,0,6,0,0,0,0,0,6,0,0
1271,REST_X3,1271,3,10,0,2,0,0,6,0,0,0,0,0,6,0,0
1272,REST_X3,1272,3,10,0,3,0,0,6,0,0,0,0,0,6,0,0
1273,[X6_X3_GET_resp_2xx],1273,3,10,0,0,0,0,3,0,0,0,0,0,6,0,0
1274,[X12_X6_GET_resp_2xx],1274,3,10,0,0,0,0,0,0,0,0,0,0,3,0,0
1275,[X1_X12_GET_resp_2xx],1275,3,3,0,0,0,0,0,0,0,0,0,0,0,0,0
1276,[X0_X1_GET_resp_2xx],1276,0,0,0,0,0,0,0,0,0,0,0,0,0,0,0
1277,REST_X0,1277,2,0,0,0,0,0,0,0,0,0,0,0,0,0,0
1278,[X0_X1_GET_req],1278,3,1,0,0,0,0,0,0,0,0,0,0,0,0,0
1279,REST_X1,1279,3,2,0,0,0,0,0,0,0,0,0,0,0,0,0
1280,REST_X1,1280,3,9,0,0,0,0,0,0,0,0,0,0,0,0,0
1281,[X1_X12_GET_req],1281,3,10,0,0,0,0,0,0,0,0,0,0,1,0,0
1282,REST_X12,1282,3,10,0,0,0,0,0,0,0,0,0,0,2,0,0
1283,REST_X12,1283,3,10,0,0,0,0,0,0,0,0,0,0,5,0,0
1284,[X12_X6_GET_req],1284,3,10,0,0,0,0,1,0,0,0,0,0,6,0,0
1285,REST_X6,1285,3,10,0,0,0,0,2,0,0,0,0,0,6,0,0
1286,REST_X6,1286,3,10,0,0,0,0,5,0,0,0,0,0,6,0,0
1287,[X6_X3_GET_req],1287,3,10,0,1,0,0,6,0,0,0,0,0,6,0,0
1288,REST_X3,1288,3,10,0,2,0,0,6,0,0,0,0,0,6,0,0
1289,REST_X3,1289,3,10,0,3,0,0,6,0,0,0,0,0,6,0,0
1290,[X6_X3_GET_resp_2xx],1290,3,10,0,0,0,0,3,0,0,0,0,0,6,0,0
1291,[X12_X6_GET_resp_2xx],1291,3,10,0,0,0,0,0,0,0,0,0,0,3,0,0
1292,[X1_X12_GET_resp_2xx],1292,3,3,0,0,0,0,0,0,0,0,0,0,0,0,0
1293,[X0_X1_GET_resp_2xx],1293,0,0,0,0,0,0,0,0,0,0,0,0,0,0,0
1294,REST_X0,1294,2,0,0,0,0,0,0,0,0,0,0,0,0,0,0
1295,[X0_X1_GET_req],1295,3,1,0,0,0,0,0,0,0,0,0,0,0,0,0
1296,REST_X1,1296,3,2,0,0,0,0,0,0,0,0,0,0,0,0,0
1297,REST_X1,1297,3,9,0,0,0,0,0,0,0,0,0,0,0,0,0
1298,[X1_X12_GET_req],1298,3,10,0,0,0,0,0,0,0,0,0,0,1,0,0
1299,REST_X12,1299,3,10,0,0,0,0,0,0,0,0,0,0,2,0,0
1300,REST_X12,1300,3,10,0,0,0,0,0,0,0,0,0,0,5,0,0
1301,[X12_X6_GET_req],1301,3,10,0,0,0,0,1,0,0,0,0,0,6,0,0
1302,REST_X6,1302,3,10,0,0,0,0,2,0,0,0,0,0,6,0,0
1303,REST_X6,1303,3,10,0,0,0,0,9,0,0,0,0,0,6,0,0
1304,[X6_X8_GET_req],1304,3,10,0,0,0,0,10,0,1,0,0,0,6,0,0
1305,REST_X8,1305,3,10,0,0,0,0,10,0,2,0,0,0,6,0,0
1306,REST_X8,1306,3,10,0,0,0,0,10,0,3,0,0,0,6,0,0
1307,[X6_X8_GET_resp_2xx],1307,3,10,0,0,0,0,3,0,0,0,0,0,6,0,0
1308,[X12_X6_GET_resp_2xx],1308,3,10,0,0,0,0,0,0,0,0,0,0,3,0,0
1309,[X1_X12_GET_resp_2xx],1309,3,3,0,0,0,0,0,0,0,0,0,0,0,0,0
1310,[X0_X1_GET_resp_2xx],1310,0,0,0,0,0,0,0,0,0,0,0,0,0,0,0
1311,REST_X0,1311,2,0,0,0,0,0,0,0,0,0,0,0,0,0,0
1312,[X0_X1_GET_req],1312,3,1,0,0,0,0,0,0,0,0,0,0,0,0,0
1313,REST_X1,1313,3,2,0,0,0,0,0,0,0,0,0,0,0,0,0
1314,REST_X1,1314,3,5,0,0,0,0,0,0,0,0,0,0,0,0,0
1315,[X1_X2_GET_req],1315,3,6,1,0,0,0,0,0,0,0,0,0,0,0,0
1316,REST_X2,1316,3,6,2,0,0,0,0,0,0,0,0,0,0,0,0
1317,REST_X2,1317,3,6,3,0,0,0,0,0,0,0,0,0,0,0,0
1318,[X1_X2_GET_resp_2xx],1318,3,3,0,0,0,0,0,0,0,0,0,0,0,0,0
1319,[X0_X1_GET_resp_2xx],1319,0,0,0,0,0,0,0,0,0,0,0,0,0,0,0
1320,REST_X0,1320,2,0,0,0,0,0,0,0,0,0,0,0,0,0,0
1321,[X0_X1_GET_req],1321,3,1,0,0,0,0,0,0,0,0,0,0,0,0,0
1322,REST_X1,1322,3,2,0,0,0,0,0,0,0,0,0,0,0,0,0
1323,REST_X1,1323,3,9,0,0,0,0,0,0,0,0,0,0,0,0,0
1324,[X1_X12_GET_req],1324,3,10,0,0,0,0,0,0,0,0,0,0,1,0,0
1325,REST_X12,1325,3,10,0,0,0,0,0,0,0,0,0,0,2,0,0
1326,REST_X12,1326,3,10,0,0,0,0,0,0,0,0,0,0,5,0,0
1327,[X12_X6_GET_req],1327,3,10,0,0,0,0,1,0,0,0,0,0,6,0,0
1328,REST_X6,1328,3,10,0,0,0,0,2,0,0,0,0,0,6,0,0
1329,REST_X6,1329,3,10,0,0,0,0,5,0,0,0,0,0,6,0,0
1330,[X6_X3_GET_req],1330,3,10,0,1,0,0,6,0,0,0,0,0,6,0,0
1331,REST_X3,1331,3,10,0,2,0,0,6,0,0,0,0,0,6,0,0
1332,REST_X3,1332,3,10,0,3,0,0,6,0,0,0,0,0,6,0,0
1333,[X6_X3_GET_resp_2xx],1333,3,10,0,0,0,0,3,0,0,0,0,0,6,0,0
1334,[X12_X6_GET_resp_2xx],1334,3,10,0,0,0,0,0,0,0,0,0,0,3,0,0
1335,[X1_X12_GET_resp_2xx],1335,3,3,0,0,0,0,0,0,0,0,0,0,0,0,0
1336,[X0_X1_GET_resp_2xx],1336,0,0,0,0,0,0,0,0,0,0,0,0,0,0,0
1337,REST_X0,1337,2,0,0,0,0,0,0,0,0,0,0,0,0,0,0
1338,[X0_X1_GET_req],1338,3,1,0,0,0,0,0,0,0,0,0,0,0,0,0
1339,REST_X1,1339,3,2,0,0,0,0,0,0,0,0,0,0,0,0,0
1340,REST_X1,1340,3,5,0,0,0,0,0,0,0,0,0,0,0,0,0
1341,[X1_X2_GET_req],1341,3,6,1,0,0,0,0,0,0,0,0,0,0,0,0
1342,REST_X2,1342,3,6,2,0,0,0,0,0,0,0,0,0,0,0,0
1343,REST_X2,1343,3,6,3,0,0,0,0,0,0,0,0,0,0,0,0
1344,[X1_X2_GET_resp_2xx],1344,3,3,0,0,0,0,0,0,0,0,0,0,0,0,0
1345,[X0_X1_GET_resp_2xx],1345,0,0,0,0,0,0,0,0,0,0,0,0,0,0,0
1346,REST_X0,1346,2,0,0,0,0,0,0,0,0,0,0,0,0,0,0
1347,[X0_X1_GET_req],1347,3,1,0,0,0,0,0,0,0,0,0,0,0,0,0
1348,REST_X1,1348,3,2,0,0,0,0,0,0,0,0,0,0,0,0,0
1349,REST_X1,1349,3,9,0,0,0,0,0,0,0,0,0,0,0,0,0
1350,[X1_X12_GET_req],1350,3,10,0,0,0,0,0,0,0,0,0,0,1,0,0
1351,REST_X12,1351,3,10,0,0,0,0,0,0,0,0,0,0,2,0,0
1352,REST_X12,1352,3,10,0,0,0,0,0,0,0,0,0,0,5,0,0
1353,[X12_X6_GET_req],1353,3,10,0,0,0,0,1,0,0,0,0,0,6,0,0
1354,REST_X6,1354,3,10,0,0,0,0,2,0,0,0,0,0,6,0,0
1355,REST_X6,1355,3,10,0,0,0,0,13,0,0,0,0,0,6,0,0
1356,[X6_X7_GET_req],1356,3,10,0,0,0,0,14,1,0,0,0,0,6,0,0
1357,REST_X7,1357,3,10,0,0,0,0,14,2,0,0,0,0,6,0,0
1358,REST_X7,1358,3,10,0,0,0,0,14,5,0,0,0,0,6,0,0
1359,[X7_X5_GET_req],1359,3,10,0,0,0,1,14,6,0,0,0,0,6,0,0
1360,REST_X5,1360,3,10,0,0,0,2,14,6,0,0,0,0,6,0,0
1361,REST_X5,1361,3,10,0,0,0,3,14,6,0,0,0,0,6,0,0
1362,[X7_X5_GET_resp_2xx],1362,3,10,0,0,0,0,14,3,0,0,0,0,6,0,0
1363,[X6_X7_GET_resp_2xx],1363,3,10,0,0,0,0,3,0,0,0,0,0,6,0,0
1364,[X12_X6_GET_resp_2xx],1364,3,10,0,0,0,0,0,0,0,0,0,0,3,0,0
1365,[X1_X12_GET_resp_2xx],1365,3,3,0,0,0,0,0,0,0,0,0,0,0,0,0
1366,[X0_X1_GET_resp_2xx],1366,0,0,0,0,0,0,0,0,0,0,0,0,0,0,0
1367,REST_X0,1367,2,0,0,0,0,0,0,0,0,0,0,0,0,0,0
1368,[X0_X1_GET_req],1368,3,1,0,0,0,0,0,0,0,0,0,0,0,0,0
1369,REST_X1,1369,3,2,0,0,0,0,0,0,0,0,0,0,0,0,0
1370,REST_X1,1370,3,5,0,0,0,0,0,0,0,0,0,0,0,0,0
1371,[X1_X2_GET_req],1371,3,6,1,0,0,0,0,0,0,0,0,0,0,0,0
1372,REST_X2,1372,3,6,2,0,0,0,0,0,0,0,0,0,0,0,0
1373,REST_X2,1373,3,6,3,0,0,0,0,0,0,0,0,0,0,0,0
1374,[X1_X2_GET_resp_2xx],1374,3,3,0,0,0,0,0,0,0,0,0,0,0,0,0
1375,[X0_X1_GET_resp_2xx],1375,0,0,0,0,0,0,0,0,0,0,0,0,0,0,0
1376,REST_X0,1376,2,0,0,0,0,0,0,0,0,0,0,0,0,0,0
1377,[X0_X1_GET_req],1377,3,1,0,0,0,0,0,0,0,0,0,0,0,0,0
1378,REST_X1,1378,3,2,0,0,0,0,0,0,0,0,0,0,0,0,0
1379,REST_X1,1379,3,5,0,0,0,0,0,0,0,0,0,0,0,0,0
1380,[X1_X2_GET_req],1380,3,6,1,0,0,0,0,0,0,0,0,0,0,0,0
1381,REST_X2,1381,3,6,2,0,0,0,0,0,0,0,0,0,0,0,0
1382,REST_X2,1382,3,6,3,0,0,0,0,0,0,0,0,0,0,0,0
1383,[X1_X2_GET_resp_2xx],1383,3,3,0,0,0,0,0,0,0,0,0,0,0,0,0
1384,[X0_X1_GET_resp_2xx],1384,0,0,0,0,0,0,0,0,0,0,0,0,0,0,0
1385,REST_X0,1385,2,0,0,0,0,0,0,0,0,0,0,0,0,0,0
1386,[X0_X1_GET_req],1386,3,1,0,0,0,0,0,0,0,0,0,0,0,0,0
1387,REST_X1,1387,3,2,0,0,0,0,0,0,0,0,0,0,0,0,0
1388,REST_X1,1388,3,9,0,0,0,0,0,0,0,0,0,0,0,0,0
1389,[X1_X12_GET_req],1389,3,10,0,0,0,0,0,0,0,0,0,0,1,0,0
1390,REST_X12,1390,3,10,0,0,0,0,0,0,0,0,0,0,2,0,0
1391,REST_X12,1391,3,10,0,0,0,0,0,0,0,0,0,0,5,0,0
1392,[X12_X6_GET_req],1392,3,10,0,0,0,0,1,0,0,0,0,0,6,0,0
1393,REST_X6,1393,3,10,0,0,0,0,2,0,0,0,0,0,6,0,0
1394,REST_X6,1394,3,10,0,0,0,0,5,0,0,0,0,0,6,0,0
1395,[X6_X3_GET_req],1395,3,10,0,1,0,0,6,0,0,0,0,0,6,0,0
1396,REST_X3,1396,3,10,0,2,0,0,6,0,0,0,0,0,6,0,0
1397,REST_X3,1397,3,10,0,3,0,0,6,0,0,0,0,0,6,0,0
1398,[X6_X3_GET_resp_2xx],1398,3,10,0,0,0,0,3,0,0,0,0,0,6,0,0
1399,[X12_X6_GET_resp_2xx],1399,3,10,0,0,0,0,0,0,0,0,0,0,3,0,0
1400,[X1_X12_GET_resp_2xx],1400,3,3,0,0,0,0,0,0,0,0,0,0,0,0,0
1401,[X0_X1_GET_resp_2xx],1401,0,0,0,0,0,0,0,0,0,0,0,0,0,0,0
1402,REST_X0,1402,2,0,0,0,0,0,0,0,0,0,0,0,0,0,0
1403,[X0_X1_GET_req],1403,3,1,0,0,0,0,0,0,0,0,0,0,0,0,0
1404,REST_X1,1404,3,2,0,0,0,0,0,0,0,0,0,0,0,0,0
1405,REST_X1,1405,3,5,0,0,0,0,0,0,0,0,0,0,0,0,0
1406,[X1_X2_GET_req],1406,3,6,1,0,0,0,0,0,0,0,0,0,0,0,0
1407,REST_X2,1407,3,6,2,0,0,0,0,0,0,0,0,0,0,0,0
1408,REST_X2,1408,3,6,3,0,0,0,0,0,0,0,0,0,0,0,0
1409,[X1_X2_GET_resp_2xx],1409,3,3,0,0,0,0,0,0,0,0,0,0,0,0,0
1410,[X0_X1_GET_resp_2xx],1410,0,0,0,0,0,0,0,0,0,0,0,0,0,0,0
1411,REST_X0,1411,2,0,0,0,0,0,0,0,0,0,0,0,0,0,0
1412,[X0_X1_GET_req],1412,3,1,0,0,0,0,0,0,0,0,0,0,0,0,0
1413,REST_X1,1413,3,2,0,0,0,0,0,0,0,0,0,0,0,0,0
1414,REST_X1,1414,3,5,0,0,0,0,0,0,0,0,0,0,0,0,0
1415,[X1_X2_GET_req],1415,3,6,1,0,0,0,0,0,0,0,0,0,0,0,0
1416,REST_X2,1416,3,6,2,0,0,0,0,0,0,0,0,0,0,0,0
1417,REST_X2,1417,3,6,3,0,0,0,0,0,0,0,0,0,0,0,0
1418,[X1_X2_GET_resp_2xx],1418,3,3,0,0,0,0,0,0,0,0,0,0,0,0,0
1419,[X0_X1_GET_resp_2xx],1419,0,0,0,0,0,0,0,0,0,0,0,0,0,0,0
1420,REST_X0,1420,2,0,0,0,0,0,0,0,0,0,0,0,0,0,0
1421,[X0_X1_GET_req],1421,3,1,0,0,0,0,0,0,0,0,0,0,0,0,0
1422,REST_X1,1422,3,2,0,0,0,0,0,0,0,0,0,0,0,0,0
1423,REST_X1,1423,3,5,0,0,0,0,0,0,0,0,0,0,0,0,0
1424,[X1_X2_GET_req],1424,3,6,1,0,0,0,0,0,0,0,0,0,0,0,0
1425,REST_X2,1425,3,6,2,0,0,0,0,0,0,0,0,0,0,0,0
1426,REST_X2,1426,3,6,4,0,0,0,0,0,0,0,0,0,0,0,0
1427,[X1_X2_GET_resp_5xx],1427,3,7,0,0,0,0,0,0,0,0,0,0,0,0,0
1428,[X1_X2_GET_req],1428,3,8,1,0,0,0,0,0,0,0,0,0,0,0,0
1429,REST_X2,1429,3,8,2,0,0,0,0,0,0,0,0,0,0,0,0
1430,REST_X2,1430,3,8,4,0,0,0,0,0,0,0,0,0,0,0,0
1431,[X1_X2_GET_resp_5xx],1431,3,4,0,0,0,0,0,0,0,0,0,0,0,0,0
1432,[X0_X1_GET_resp_5xx],1432,4,0,0,0,0,0,0,0,0,0,0,0,0,0,0
1433,[X0_X1_GET_req],1433,5,1,0,0,0,0,0,0,0,0,0,0,0,0,0
1434,REST_X1,1434,5,2,0,0,0,0,0,0,0,0,0,0,0,0,0
1435,REST_X1,1435,5,9,0,0,0,0,0,0,0,0,0,0,0,0,0
1436,[X1_X12_GET_req],1436,5,10,0,0,0,0,0,0,0,0,0,0,1,0,0
1437,REST_X12,1437,5,10,0,0,0,0,0,0,0,0,0,0,2,0,0
1438,REST_X12,1438,5,10,0,0,0,0,0,0,0,0,0,0,5,0,0
1439,[X12_X6_GET_req],1439,5,10,0,0,0,0,1,0,0,0,0,0,6,0,0
1440,REST_X6,1440,5,10,0,0,0,0,2,0,0,0,0,0,6,0,0
1441,REST_X6,1441,5,10,0,0,0,0,9,0,0,0,0,0,6,0,0
1442,[X6_X8_GET_req],1442,5,10,0,0,0,0,10,0,1,0,0,0,6,0,0
1443,REST_X8,1443,5,10,0,0,0,0,10,0,2,0,0,0,6,0,0
1444,REST_X8,1444,5,10,0,0,0,0,10,0,3,0,0,0,6,0,0
1445,[X6_X8_GET_resp_2xx],1445,5,10,0,0,0,0,3,0,0,0,0,0,6,0,0
1446,[X12_X6_GET_resp_2xx],1446,5,10,0,0,0,0,0,0,0,0,0,0,3,0,0
1447,[X1_X12_GET_resp_2xx],1447,5,3,0,0,0,0,0,0,0,0,0,0,0,0,0
1448,[X0_X1_GET_resp_2xx],1448,0,0,0,0,0,0,0,0,0,0,0,0,0,0,0
1449,REST_X0,1449,2,0,0,0,0,0,0,0,0,0,0,0,0,0,0
1450,[X0_X1_GET_req],1450,3,1,0,0,0,0,0,0,0,0,0,0,0,0,0
1451,REST_X1,1451,3,2,0,0,0,0,0,0,0,0,0,0,0,0,0
1452,REST_X1,1452,3,5,0,0,0,0,0,0,0,0,0,0,0,0,0
1453,[X1_X2_GET_req],1453,3,6,1,0,0,0,0,0,0,0,0,0,0,0,0
1454,REST_X2,1454,3,6,2,0,0,0,0,0,0,0,0,0,0,0,0
1455,REST_X2,1455,3,6,3,0,0,0,0,0,0,0,0,0,0,0,0
1456,[X1_X2_GET_resp_2xx],1456,3,3,0,0,0,0,0,0,0,0,0,0,0,0,0
1457,[X0_X1_GET_resp_2xx],1457,0,0,0,0,0,0,0,0,0,0,0,0,0,0,0
1458,REST_X0,1458,2,0,0,0,0,0,0,0,0,0,0,0,0,0,0
1459,[X0_X1_GET_req],1459,3,1,0,0,0,0,0,0,0,0,0,0,0,0,0
1460,REST_X1,1460,3,2,0,0,0,0,0,0,0,0,0,0,0,0,0
1461,REST_X1,1461,3,9,0,0,0,0,0,0,0,0,0,0,0,0,0
1462,[X1_X12_GET_req],1462,3,10,0,0,0,0,0,0,0,0,0,0,1,0,0
1463,REST_X12,1463,3,10,0,0,0,0,0,0,0,0,0,0,2,0,0
1464,REST_X12,1464,3,10,0,0,0,0,0,0,0,0,0,0,5,0,0
1465,[X12_X6_GET_req],1465,3,10,0,0,0,0,1,0,0,0,0,0,6,0,0
1466,REST_X6,1466,3,10,0,0,0,0,2,0,0,0,0,0,6,0,0
1467,REST_X6,1467,3,10,0,0,0,0,9,0,0,0,0,0,6,0,0
1468,[X6_X8_GET_req],1468,3,10,0,0,0,0,10,0,1,0,0,0,6,0,0
1469,REST_X8,1469,3,10,0,0,0,0,10,0,2,0,0,0,6,0,0
1470,REST_X8,1470,3,10,0,0,0,0,10,0,3,0,0,0,6,0,0
1471,[X6_X8_GET_resp_2xx],1471,3,10,0,0,0,0,3,0,0,0,0,0,6,0,0
1472,[X12_X6_GET_resp_2xx],1472,3,10,0,0,0,0,0,0,0,0,0,0,3,0,0
1473,[X1_X12_GET_resp_2xx],1473,3,3,0,0,0,0,0,0,0,0,0,0,0,0,0
1474,[X0_X1_GET_resp_2xx],1474,0,0,0,0,0,0,0,0,0,0,0,0,0,0,0
1475,REST_X0,1475,2,0,0,0,0,0,0,0,0,0,0,0,0,0,0
1476,[X0_X1_GET_req],1476,3,1,0,0,0,0,0,0,0,0,0,0,0,0,0
1477,REST_X1,1477,3,2,0,0,0,0,0,0,0,0,0,0,0,0,0
1478,REST_X1,1478,3,5,0,0,0,0,0,0,0,0,0,0,0,0,0
1479,[X1_X2_GET_req],1479,3,6,1,0,0,0,0,0,0,0,0,0,0,0,0
1480,REST_X2,1480,3,6,2,0,0,0,0,0,0,0,0,0,0,0,0
1481,REST_X2,1481,3,6,3,0,0,0,0,0,0,0,0,0,0,0,0
1482,[X1_X2_GET_resp_2xx],1482,3,3,0,0,0,0,0,0,0,0,0,0,0,0,0
1483,[X0_X1_GET_resp_2xx],1483,0,0,0,0,0,0,0,0,0,0,0,0,0,0,0
1484,REST_X0,1484,2,0,0,0,0,0,0,0,0,0,0,0,0,0,0
1485,[X0_X1_GET_req],1485,3,1,0,0,0,0,0,0,0,0,0,0,0,0,0
1486,REST_X1,1486,3,2,0,0,0,0,0,0,0,0,0,0,0,0,0
1487,REST_X1,1487,3,5,0,0,0,0,0,0,0,0,0,0,0,0,0
1488,[X1_X2_GET_req],1488,3,6,1,0,0,0,0,0,0,0,0,0,0,0,0
1489,REST_X2,1489,3,6,2,0,0,0,0,0,0,0,0,0,0,0,0
1490,REST_X2,1490,3,6,3,0,0,0,0,0,0,0,0,0,0,0,0
1491,[X1_X2_GET_resp_2xx],1491,3,3,0,0,0,0,0,0,0,0,0,0,0,0,0
1492,[X0_X1_GET_resp_2xx],1492,0,0,0,0,0,0,0,0,0,0,0,0,0,0,0
1493,REST_X0,1493,2,0,0,0,0,0,0,0,0,0,0,0,0,0,0
1494,[X0_X1_GET_req],1494,3,1,0,0,0,0,0,0,0,0,0,0,0,0,0
1495,REST_X1,1495,3,2,0,0,0,0,0,0,0,0,0,0,0,0,0
1496,REST_X1,1496,3,9,0,0,0,0,0,0,0,0,0,0,0,0,0
1497,[X1_X12_GET_req],1497,3,10,0,0,0,0,0,0,0,0,0,0,1,0,0
1498,REST_X12,1498,3,10,0,0,0,0,0,0,0,0,0,0,2,0,0
1499,REST_X12,1499,3,10,0,0,0,0,0,0,0,0,0,0,5,0,0
1500,[X12_X6_GET_req],1500,3,10,0,0,0,0,1,0,0,0,0,0,6,0,0
1501,REST_X6,1501,3,10,0,0,0,0,2,0,0,0,0,0,6,0,0
1502,REST_X6,1502,3,10,0,0,0,0,13,0,0,0,0,0,6,0,0
1503,[X6_X7_GET_req],1503,3,10,0,0,0,0,14,1,0,0,0,0,6,0,0
1504,REST_X7,1504,3,10,0,0,0,0,14,2,0,0,0,0,6,0,0
1505,REST_X7,1505,3,10,0,0,0,0,14,5,0,0,0,0,6,0,0
1506,[X7_X5_GET_req],1506,3,10,0,0,0,1,14,6,0,0,0,0,6,0,0
1507,REST_X5,1507,3,10,0,0,0,2,14,6,0,0,0,0,6,0,0
1508,REST_X5,1508,3,10,0,0,0,3,14,6,0,0,0,0,6,0,0
1509,[X7_X5_GET_resp_2xx],1509,3,10,0,0,0,0,14,3,0,0,0,0,6,0,0
1510,[X6_X7_GET_resp_2xx],1510,3,10,0,0,0,0,3,0,0,0,0,0,6,0,0
1511,[X12_X6_GET_resp_2xx],1511,3,10,0,0,0,0,0,0,0,0,0,0,3,0,0
1512,[X1_X12_GET_resp_2xx],1512,3,3,0,0,0,0,0,0,0,0,0,0,0,0,0
1513,[X0_X1_GET_resp_2xx],1513,0,0,0,0,0,0,0,0,0,0,0,0,0,0,0
1514,REST_X0,1514,2,0,0,0,0,0,0,0,0,0,0,0,0,0,0
1515,[X0_X1_GET_req],1515,3,1,0,0,0,0,0,0,0,0,0,0,0,0,0
1516,REST_X1,1516,3,2,0,0,0,0,0,0,0,0,0,0,0,0,0
1517,REST_X1,1517,3,5,0,0,0,0,0,0,0,0,0,0,0,0,0
1518,[X1_X2_GET_req],1518,3,6,1,0,0,0,0,0,0,0,0,0,0,0,0
1519,REST_X2,1519,3,6,2,0,0,0,0,0,0,0,0,0,0,0,0
1520,REST_X2,1520,3,6,3,0,0,0,0,0,0,0,0,0,0,0,0
1521,[X1_X2_GET_resp_2xx],1521,3,3,0,0,0,0,0,0,0,0,0,0,0,0,0
1522,[X0_X1_GET_resp_2xx],1522,0,0,0,0,0,0,0,0,0,0,0,0,0,0,0
1523,REST_X0,1523,2,0,0,0,0,0,0,0,0,0,0,0,0,0,0
1524,[X0_X1_GET_req],1524,3,1,0,0,0,0,0,0,0,0,0,0,0,0,0
1525,REST_X1,1525,3,2,0,0,0,0,0,0,0,0,0,0,0,0,0
1526,REST_X1,1526,3,5,0,0,0,0,0,0,0,0,0,0,0,0,0
1527,[X1_X2_GET_req],1527,3,6,1,0,0,0,0,0,0,0,0,0,0,0,0
1528,REST_X2,1528,3,6,2,0,0,0,0,0,0,0,0,0,0,0,0
1529,REST_X2,1529,3,6,3,0,0,0,0,0,0,0,0,0,0,0,0
1530,[X1_X2_GET_resp_2xx],1530,3,3,0,0,0,0,0,0,0,0,0,0,0,0,0
1531,[X0_X1_GET_resp_2xx],1531,0,0,0,0,0,0,0,0,0,0,0,0,0,0,0
1532,REST_X0,1532,2,0,0,0,0,0,0,0,0,0,0,0,0,0,0
1533,[X0_X1_GET_req],1533,3,1,0,0,0,0,0,0,0,0,0,0,0,0,0
1534,REST_X1,1534,3,2,0,0,0,0,0,0,0,0,0,0,0,0,0
1535,REST_X1,1535,3,5,0,0,0,0,0,0,0,0,0,0,0,0,0
1536,[X1_X2_GET_req],1536,3,6,1,0,0,0,0,0,0,0,0,0,0,0,0
1537,REST_X2,1537,3,6,2,0,0,0,0,0,0,0,0,0,0,0,0
1538,REST_X2,1538,3,6,3,0,0,0,0,0,0,0,0,0,0,0,0
1539,[X1_X2_GET_resp_2xx],1539,3,3,0,0,0,0,0,0,0,0,0,0,0,0,0
1540,[X0_X1_GET_resp_2xx],1540,0,0,0,0,0,0,0,0,0,0,0,0,0,0,0
1541,REST_X0,1541,2,0,0,0,0,0,0,0,0,0,0,0,0,0,0
1542,[X0_X1_GET_req],1542,3,1,0,0,0,0,0,0,0,0,0,0,0,0,0
1543,REST_X1,1543,3,2,0,0,0,0,0,0,0,0,0,0,0,0,0
1544,REST_X1,1544,3,5,0,0,0,0,0,0,0,0,0,0,0,0,0
1545,[X1_X2_GET_req],1545,3,6,1,0,0,0,0,0,0,0,0,0,0,0,0
1546,REST_X2,1546,3,6,2,0,0,0,0,0,0,0,0,0,0,0,0
1547,REST_X2,1547,3,6,3,0,0,0,0,0,0,0,0,0,0,0,0
1548,[X1_X2_GET_resp_2xx],1548,3,3,0,0,0,0,0,0,0,0,0,0,0,0,0
1549,[X0_X1_GET_resp_2xx],1549,0,0,0,0,0,0,0,0,0,0,0,0,0,0,0
1550,REST_X0,1550,2,0,0,0,0,0,0,0,0,0,0,0,0,0,0
1551,[X0_X1_GET_req],1551,3,1,0,0,0,0,0,0,0,0,0,0,0,0,0
1552,REST_X1,1552,3,2,0,0,0,0,0,0,0,0,0,0,0,0,0
1553,REST_X1,1553,3,9,0,0,0,0,0,0,0,0,0,0,0,0,0
1554,[X1_X12_GET_req],1554,3,10,0,0,0,0,0,0,0,0,0,0,1,0,0
1555,REST_X12,1555,3,10,0,0,0,0,0,0,0,0,0,0,2,0,0
1556,REST_X12,1556,3,10,0,0,0,0,0,0,0,0,0,0,5,0,0
1557,[X12_X6_GET_req],1557,3,10,0,0,0,0,1,0,0,0,0,0,6,0,0
1558,REST_X6,1558,3,10,0,0,0,0,2,0,0,0,0,0,6,0,0
1559,REST_X6,1559,3,10,0,0,0,0,5,0,0,0,0,0,6,0,0
1560,[X6_X3_GET_req],1560,3,10,0,1,0,0,6,0,0,0,0,0,6,0,0
1561,REST_X3,1561,3,10,0,2,0,0,6,0,0,0,0,0,6,0,0
1562,REST_X3,1562,3,10,0,3,0,0,6,0,0,0,0,0,6,0,0
1563,[X6_X3_GET_resp_2xx],1563,3,10,0,0,0,0,3,0,0,0,0,0,6,0,0
1564,[X12_X6_GET_resp_2xx],1564,3,10,0,0,0,0,0,0,0,0,0,0,3,0,0
1565,[X1_X12_GET_resp_2xx],1565,3,3,0,0,0,0,0,0,0,0,0,0,0,0,0
1566,[X0_X1_GET_resp_2xx],1566,0,0,0,0,0,0,0,0,0,0,0,0,0,0,0
1567,REST_X0,1567,2,0,0,0,0,0,0,0,0,0,0,0,0,0,0
1568,[X0_X1_GET_req],1568,3,1,0,0,0,0,0,0,0,0,0,0,0,0,0
1569,REST_X1,1569,3,2,0,0,0,0,0,0,0,0,0,0,0,0,0
1570,REST_X1,1570,3,9,0,0,0,0,0,0,0,0,0,0,0,0,0
1571,[X1_X12_GET_req],1571,3,10,0,0,0,0,0,0,0,0,0,0,1,0,0
1572,REST_X12,1572,3,10,0,0,0,0,0,0,0,0,0,0,2,0,0
1573,REST_X12,1573,3,10,0,0,0,0,0,0,0,0,0,0,5,0,0
1574,[X12_X6_GET_req],1574,3,10,0,0,0,0,1,0,0,0,0,0,6,0,0
1575,REST_X6,1575,3,10,0,0,0,0,2,0,0,0,0,0,6,0,0
1576,REST_X6,1576,3,10,0,0,0,0,5,0,0,0,0,0,6,0,0
1577,[X6_X3_GET_req],1577,3,10,0,1,0,0,6,0,0,0,0,0,6,0,0
1578,REST_X3,1578,3,10,0,2,0,0,6,0,0,0,0,0,6,0,0
1579,REST_X3,1579,3,10,0,3,0,0,6,0,0,0,0,0,6,0,0
1580,[X6_X3_GET_resp_2xx],1580,3,10,0,0,0,0,3,0,0,0,0,0,6,0,0
1581,[X12_X6_GET_resp_2xx],1581,3,10,0,0,0,0,0,0,0,0,0,0,3,0,0
1582,[X1_X12_GET_resp_2xx],1582,3,3,0,0,0,0,0,0,0,0,0,0,0,0,0
1583,[X0_X1_GET_resp_2xx],1583,0,0,0,0,0,0,0,0,0,0,0,0,0,0,0
1584,REST_X0,1584,2,0,0,0,0,0,0,0,0,0,0,0,0,0,0
1585,[X0_X1_GET_req],1585,3,1,0,0,0,0,0,0,0,0,0,0,0,0,0
1586,REST_X1,1586,3,2,0,0,0,0,0,0,0,0,0,0,0,0,0
1587,REST_X1,1587,3,5,0,0,0,0,0,0,0,0,0,0,0,0,0
1588,[X1_X2_GET_req],1588,3,6,1,0,0,0,0,0,0,0,0,0,0,0,0
1589,REST_X2,1589,3,6,2,0,0,0,0,0,0,0,0,0,0,0,0
1590,REST_X2,1590,3,6,3,0,0,0,0,0,0,0,0,0,0,0,0
1591,[X1_X2_GET_resp_2xx],1591,3,3,0,0,0,0,0,0,0,0,0,0,0,0,0
1592,[X0_X1_GET_resp_2xx],1592,0,0,0,0,0,0,0,0,0,0,0,0,0,0,0
1593,REST_X0,1593,2,0,0,0,0,0,0,0,0,0,0,0,0,0,0
1594,[X0_X1_GET_req],1594,3,1,0,0,0,0,0,0,0,0,0,0,0,0,0
1595,REST_X1,1595,3,2,0,0,0,0,0,0,0,0,0,0,0,0,0
1596,REST_X1,1596,3,9,0,0,0,0,0,0,0,0,0,0,0,0,0
1597,[X1_X12_GET_req],1597,3,10,0,0,0,0,0,0,0,0,0,0,1,0,0
1598,REST_X12,1598,3,10,0,0,0,0,0,0,0,0,0,0,2,0,0
1599,REST_X12,1599,3,10,0,0,0,0,0,0,0,0,0,0,5,0,0
1600,[X12_X6_GET_req],1600,3,10,0,0,0,0,1,0,0,0,0,0,6,0,0
1601,REST_X6,1601,3,10,0,0,0,0,2,0,0,0,0,0,6,0,0
1602,REST_X6,1602,3,10,0,0,0,0,13,0,0,0,0,0,6,0,0
1603,[X6_X7_GET_req],1603,3,10,0,0,0,0,14,1,0,0,0,0,6,0,0
1604,REST_X7,1604,3,10,0,0,0,0,14,2,0,0,0,0,6,0,0
1605,REST_X7,1605,3,10,0,0,0,0,14,5,0,0,0,0,6,0,0
1606,[X7_X5_GET_req],1606,3,10,0,0,0,1,14,6,0,0,0,0,6,0,0
1607,REST_X5,1607,3,10,0,0,0,2,14,6,0,0,0,0,6,0,0
1608,REST_X5,1608,3,10,0,0,0,3,14,6,0,0,0,0,6,0,0
1609,[X7_X5_GET_resp_2xx],1609,3,10,0,0,0,0,14,3,0,0,0,0,6,0,0
1610,[X6_X7_GET_resp_2xx],1610,3,10,0,0,0,0,3,0,0,0,0,0,6,0,0
1611,[X12_X6_GET_resp_2xx],1611,3,10,0,0,0,0,0,0,0,0,0,0,3,0,0
1612,[X1_X12_GET_resp_2xx],1612,3,3,0,0,0,0,0,0,0,0,0,0,0,0,0
1613,[X0_X1_GET_resp_2xx],1613,0,0,0,0,0,0,0,0,0,0,0,0,0,0,0
1614,REST_X0,1614,2,0,0,0,0,0,0,0,0,0,0,0,0,0,0
1615,[X0_X1_GET_req],1615,3,1,0,0,0,0,0,0,0,0,0,0,0,0,0
1616,REST_X1,1616,3,2,0,0,0,0,0,0,0,0,0,0,0,0,0
1617,REST_X1,1617,3,5,0,0,0,0,0,0,0,0,0,0,0,0,0
1618,[X1_X2_GET_req],1618,3,6,1,0,0,0,0,0,0,0,0,0,0,0,0
1619,REST_X2,1619,3,6,2,0,0,0,0,0,0,0,0,0,0,0,0
1620,REST_X2,1620,3,6,3,0,0,0,0,0,0,0,0,0,0,0,0
1621,[X1_X2_GET_resp_2xx],1621,3,3,0,0,0,0,0,0,0,0,0,0,0,0,0
1622,[X0_X1_GET_resp_2xx],1622,0,0,0,0,0,0,0,0,0,0,0,0,0,0,0
1623,REST_X0,1623,2,0,0,0,0,0,0,0,0,0,0,0,0,0,0
1624,[X0_X1_GET_req],1624,3,1,0,0,0,0,0,0,0,0,0,0,0,0,0
1625,REST_X1,1625,3,2,0,0,0,0,0,0,0,0,0,0,0,0,0
1626,REST_X1,1626,3,9,0,0,0,0,0,0,0,0,0,0,0,0,0
1627,[X1_X12_GET_req],1627,3,10,0,0,0,0,0,0,0,0,0,0,1,0,0
1628,REST_X12,1628,3,10,0,0,0,0,0,0,0,0,0,0,2,0,0
1629,REST_X12,1629,3,10,0,0,0,0,0,0,0,0,0,0,5,0,0
1630,[X12_X6_GET_req],1630,3,10,0,0,0,0,1,0,0,0,0,0,6,0,0
1631,REST_X6,1631,3,10,0,0,0,0,2,0,0,0,0,0,6,0,0
1632,REST_X6,1632,3,10,0,0,0,0,5,0,0,0,0,0,6,0,0
1633,[X6_X3_GET_req],1633,3,10,0,1,0,0,6,0,0,0,0,0,6,0,0
1634,REST_X3,1634,3,10,0,2,0,0,6,0,0,0,0,0,6,0,0
1635,REST_X3,1635,3,10,0,3,0,0,6,0,0,0,0,0,6,0,0
1636,[X6_X3_GET_resp_2xx],1636,3,10,0,0,0,0,3,0,0,0,0,0,6,0,0
1637,[X12_X6_GET_resp_2xx],1637,3,10,0,0,0,0,0,0,0,0,0,0,3,0,0
1638,[X1_X12_GET_resp_2xx],1638,3,3,0,0,0,0,0,0,0,0,0,0,0,0,0
1639,[X0_X1_GET_resp_2xx],1639,0,0,0,0,0,0,0,0,0,0,0,0,0,0,0
1640,REST_X0,1640,2,0,0,0,0,0,0,0,0,0,0,0,0,0,0
1641,[X0_X1_GET_req],1641,3,1,0,0,0,0,0,0,0,0,0,0,0,0,0
1642,REST_X1,1642,3,2,0,0,0,0,0,0,0,0,0,0,0,0,0
1643,REST_X1,1643,3,5,0,0,0,0,0,0,0,0,0,0,0,0,0
1644,[X1_X2_GET_req],1644,3,6,1,0,0,0,0,0,0,0,0,0,0,0,0
1645,REST_X2,1645,3,6,2,0,0,0,0,0,0,0,0,0,0,0,0
1646,REST_X2,1646,3,6,3,0,0,0,0,0,0,0,0,0,0,0,0
1647,[X1_X2_GET_resp_2xx],1647,3,3,0,0,0,0,0,0,0,0,0,0,0,0,0
1648,[X0_X1_GET_resp_2xx],1648,0,0,0,0,0,0,0,0,0,0,0,0,0,0,0
1649,REST_X0,1649,2,0,0,0,0,0,0,0,0,0,0,0,0,0,0
1650,[X0_X1_GET_req],1650,3,1,0,0,0,0,0,0,0,0,0,0,0,0,0
1651,REST_X1,1651,3,2,0,0,0,0,0,0,0,0,0,0,0,0,0
1652,REST_X1,1652,3,9,0,0,0,0,0,0,0,0,0,0,0,0,0
1653,[X1_X12_GET_req],1653,3,10,0,0,0,0,0,0,0,0,0,0,1,0,0
1654,REST_X12,1654,3,10,0,0,0,0,0,0,0,0,0,0,2,0,0
1655,REST_X12,1655,3,10,0,0,0,0,0,0,0,0,0,0,5,0,0
1656,[X12_X6_GET_req],1656,3,10,0,0,0,0,1,0,0,0,0,0,6,0,0
1657,REST_X6,1657,3,10,0,0,0,0,2,0,0,0,0,0,6,0,0
1658,REST_X6,1658,3,10,0,0,0,0,9,0,0,0,0,0,6,0,0
1659,[X6_X8_GET_req],1659,3,10,0,0,0,0,10,0,1,0,0,0,6,0,0
1660,REST_X8,1660,3,10,0,0,0,0,10,0,2,0,0,0,6,0,0
1661,REST_X8,1661,3,10,0,0,0,0,10,0,3,0,0,0,6,0,0
1662,[X6_X8_GET_resp_2xx],1662,3,10,0,0,0,0,3,0,0,0,0,0,6,0,0
1663,[X12_X6_GET_resp_2xx],1663,3,10,0,0,0,0,0,0,0,0,0,0,3,0,0
1664,[X1_X12_GET_resp_2xx],1664,3,3,0,0,0,0,0,0,0,0,0,0,0,0,0
1665,[X0_X1_GET_resp_2xx],1665,0,0,0,0,0,0,0,0,0,0,0,0,0,0,0
1666,REST_X0,1666,2,0,0,0,0,0,0,0,0,0,0,0,0,0,0
1667,[X0_X1_GET_req],1667,3,1,0,0,0,0,0,0,0,0,0,0,0,0,0
1668,REST_X1,1668,3,2,0,0,0,0,0,0,0,0,0,0,0,0,0
1669,REST_X1,1669,3,9,0,0,0,0,0,0,0,0,0,0,0,0,0
1670,[X1_X12_GET_req],1670,3,10,0,0,0,0,0,0,0,0,0,0,1,0,0
1671,REST_X12,1671,3,10,0,0,0,0,0,0,0,0,0,0,2,0,0
1672,REST_X12,1672,3,10,0,0,0,0,0,0,0,0,0,0,5,0,0
1673,[X12_X6_GET_req],1673,3,10,0,0,0,0,1,0,0,0,0,0,6,0,0
1674,REST_X6,1674,3,10,0,0,0,0,2,0,0,0,0,0,6,0,0
1675,REST_X6,1675,3,10,0,0,0,0,5,0,0,0,0,0,6,0,0
1676,[X6_X3_GET_req],1676,3,10,0,1,0,0,6,0,0,0,0,0,6,0,0
1677,REST_X3,1677,3,10,0,2,0,0,6,0,0,0,0,0,6,0,0
1678,REST_X3,1678,3,10,0,3,0,0,6,0,0,0,0,0,6,0,0
1679,[X6_X3_GET_resp_2xx],1679,3,10,0,0,0,0,3,0,0,0,0,0,6,0,0
1680,[X12_X6_GET_resp_2xx],1680,3,10,0,0,0,0,0,0,0,0,0,0,3,0,0
1681,[X1_X12_GET_resp_2xx],1681,3,3,0,0,0,0,0,0,0,0,0,0,0,0,0
1682,[X0_X1_GET_resp_2xx],1682,0,0,0,0,0,0,0,0,0,0,0,0,0,0,0
1683,REST_X0,1683,2,0,0,0,0,0,0,0,0,0,0,0,0,0,0
1684,[X0_X1_GET_req],1684,3,1,0,0,0,0,0,0,0,0,0,0,0,0,0
1685,REST_X1,1685,3,2,0,0,0,0,0,0,0,0,0,0,0,0,0
1686,REST_X1,1686,3,9,0,0,0,0,0,0,0,0,0,0,0,0,0
1687,[X1_X12_GET_req],1687,3,10,0,0,0,0,0,0,0,0,0,0,1,0,0
1688,REST_X12,1688,3,10,0,0,0,0,0,0,0,0,0,0,2,0,0
1689,REST_X12,1689,3,10,0,0,0,0,0,0,0,0,0,0,5,0,0
1690,[X12_X6_GET_req],1690,3,10,0,0,0,0,1,0,0,0,0,0,6,0,0
1691,REST_X6,1691,3,10,0,0,0,0,2,0,0,0,0,0,6,0,0
1692,REST_X6,1692,3,10,0,0,0,0,9,0,0,0,0,0,6,0,0
1693,[X6_X8_GET_req],1693,3,10,0,0,0,0,10,0,1,0,0,0,6,0,0
1694,REST_X8,1694,3,10,0,0,0,0,10,0,2,0,0,0,6,0,0
1695,REST_X8,1695,3,10,0,0,0,0,10,0,3,0,0,0,6,0,0
1696,[X6_X8_GET_resp_2xx],1696,3,10,0,0,0,0,3,0,0,0,0,0,6,0,0
1697,[X12_X6_GET_resp_2xx],1697,3,10,0,0,0,0,0,0,0,0,0,0,3,0,0
1698,[X1_X12_GET_resp_2xx],1698,3,3,0,0,0,0,0,0,0,0,0,0,0,0,0
1699,[X0_X1_GET_resp_2xx],1699,0,0,0,0,0,0,0,0,0,0,0,0,0,0,0
1700,REST_X0,1700,2,0,0,0,0,0,0,0,0,0,0,0,0,0,0
1701,[X0_X1_GET_req],1701,3,1,0,0,0,0,0,0,0,0,0,0,0,0,0
1702,REST_X1,1702,3,2,0,0,0,0,0,0,0,0,0,0,0,0,0
1703,REST_X1,1703,3,9,0,0,0,0,0,0,0,0,0,0,0,0,0
1704,[X1_X12_GET_req],1704,3,10,0,0,0,0,0,0,0,0,0,0,1,0,0
1705,REST_X12,1705,3,10,0,0,0,0,0,0,0,0,0,0,2,0,0
1706,REST_X12,1706,3,10,0,0,0,0,0,0,0,0,0,0,5,0,0
1707,[X12_X6_GET_req],1707,3,10,0,0,0,0,1,0,0,0,0,0,6,0,0
1708,REST_X6,1708,3,10,0,0,0,0,2,0,0,0,0,0,6,0,0
1709,REST_X6,1709,3,10,0,0,0,0,9,0,0,0,0,0,6,0,0
1710,[X6_X8_GET_req],1710,3,10,0,0,0,0,10,0,1,0,0,0,6,0,0
1711,REST_X8,1711,3,10,0,0,0,0,10,0,2,0,0,0,6,0,0
1712,REST_X8,1712,3,10,0,0,0,0,10,0,3,0,0,0,6,0,0
1713,[X6_X8_GET_resp_2xx],1713,3,10,0,0,0,0,3,0,0,0,0,0,6,0,0
1714,[X12_X6_GET_resp_2xx],1714,3,10,0,0,0,0,0,0,0,0,0,0,3,0,0
1715,[X1_X12_GET_resp_2xx],1715,3,3,0,0,0,0,0,0,0,0,0,0,0,0,0
1716,[X0_X1_GET_resp_2xx],1716,0,0,0,0,0,0,0,0,0,0,0,0,0,0,0
1717,REST_X0,1717,2,0,0,0,0,0,0,0,0,0,0,0,0,0,0
1718,[X0_X1_GET_req],1718,3,1,0,0,0,0,0,0,0,0,0,0,0,0,0
1719,REST_X1,1719,3,2,0,0,0,0,0,0,0,0,0,0,0,0,0
1720,REST_X1,1720,3,5,0,0,0,0,0,0,0,0,0,0,0,0,0
1721,[X1_X2_GET_req],1721,3,6,1,0,0,0,0,0,0,0,0,0,0,0,0
1722,REST_X2,1722,3,6,2,0,0,0,0,0,0,0,0,0,0,0,0
1723,REST_X2,1723,3,6,3,0,0,0,0,0,0,0,0,0,0,0,0
1724,[X1_X2_GET_resp_2xx],1724,3,3,0,0,0,0,0,0,0,0,0,0,0,0,0
1725,[X0_X1_GET_resp_2xx],1725,0,0,0,0,0,0,0,0,0,0,0,0,0,0,0
1726,REST_X0,1726,2,0,0,0,0,0,0,0,0,0,0,0,0,0,0
1727,[X0_X1_GET_req],1727,3,1,0,0,0,0,0,0,0,0,0,0,0,0,0
1728,REST_X1,1728,3,2,0,0,0,0,0,0,0,0,0,0,0,0,0
1729,REST_X1,1729,3,9,0,0,0,0,0,0,0,0,0,0,0,0,0
1730,[X1_X12_GET_req],1730,3,10,0,0,0,0,0,0,0,0,0,0,1,0,0
1731,REST_X12,1731,3,10,0,0,0,0,0,0,0,0,0,0,2,0,0
1732,REST_X12,1732,3,10,0,0,0,0,0,0,0,0,0,0,5,0,0
1733,[X12_X6_GET_req],1733,3,10,0,0,0,0,1,0,0,0,0,0,6,0,0
1734,REST_X6,1734,3,10,0,0,0,0,2,0,0,0,0,0,6,0,0
1735,REST_X6,1735,3,10,0,0,0,0,13,0,0,0,0,0,6,0,0
1736,[X6_X7_GET_req],1736,3,10,0,0,0,0,14,1,0,0,0,0,6,0,0
1737,REST_X7,1737,3,10,0,0,0,0,14,2,0,0,0,0,6,0,0
1738,REST_X7,1738,3,10,0,0,0,0,14,9,0,0,0,0,6,0,0
1739,[X7_X9_GET_req],1739,3,10,0,0,0,0,14,10,0,1,0,0,6,0,0
1740,REST_X9,1740,3,10,0,0,0,0,14,10,0,2,0,0,6,0,0
1741,REST_X9,1741,3,10,0,0,0,0,14,10,0,9,0,0,6,0,0
1742,[X9_X4_GET_req],1742,3,10,0,0,1,0,14,10,0,10,0,0,6,0,0
1743,REST_X4,1743,3,10,0,0,2,0,14,10,0,10,0,0,6,0,0
1744,REST_X4,1744,3,10,0,0,9,0,14,10,0,10,0,0,6,0,0
1745,[X4_X14_GET_req],1745,3,10,0,0,10,0,14,10,0,10,0,0,6,0,1
1746,REST_X14,1746,3,10,0,0,10,0,14,10,0,10,0,0,6,0,2
1747,REST_X14,1747,3,10,0,0,10,0,14,10,0,10,0,0,6,0,5
1748,[X14_X13_GET_req],1748,3,10,0,0,10,0,14,10,0,10,0,0,6,1,6
1749,REST_X13,1749,3,10,0,0,10,0,14,10,0,10,0,0,6,2,6
1750,REST_X13,1750,3,10,0,0,10,0,14,10,0,10,0,0,6,3,6
1751,[X14_X13_GET_resp_2xx],1751,3,10,0,0,10,0,14,10,0,10,0,0,6,0,3
1752,[X4_X14_GET_resp_2xx],1752,3,10,0,0,3,0,14,10,0,10,0,0,6,0,0
1753,[X9_X4_GET_resp_2xx],1753,3,10,0,0,0,0,14,10,0,3,0,0,6,0,0
1754,[X7_X9_GET_resp_2xx],1754,3,10,0,0,0,0,14,3,0,0,0,0,6,0,0
1755,[X6_X7_GET_resp_2xx],1755,3,10,0,0,0,0,3,0,0,0,0,0,6,0,0
1756,[X12_X6_GET_resp_2xx],1756,3,10,0,0,0,0,0,0,0,0,0,0,3,0,0
1757,[X1_X12_GET_resp_2xx],1757,3,3,0,0,0,0,0,0,0,0,0,0,0,0,0
1758,[X0_X1_GET_resp_2xx],1758,0,0,0,0,0,0,0,0,0,0,0,0,0,0,0
1759,REST_X0,1759,2,0,0,0,0,0,0,0,0,0,0,0,0,0,0
1760,[X0_X1_GET_req],1760,3,1,0,0,0,0,0,0,0,0,0,0,0,0,0
1761,REST_X1,1761,3,2,0,0,0,0,0,0,0,0,0,0,0,0,0
1762,REST_X1,1762,3,5,0,0,0,0,0,0,0,0,0,0,0,0,0
1763,[X1_X2_GET_req],1763,3,6,1,0,0,0,0,0,0,0,0,0,0,0,0
1764,REST_X2,1764,3,6,2,0,0,0,0,0,0,0,0,0,0,0,0
1765,REST_X2,1765,3,6,3,0,0,0,0,0,0,0,0,0,0,0,0
1766,[X1_X2_GET_resp_2xx],1766,3,3,0,0,0,0,0,0,0,0,0,0,0,0,0
1767,[X0_X1_GET_resp_2xx],1767,0,0,0,0,0,0,0,0,0,0,0,0,0,0,0
1768,REST_X0,1768,2,0,0,0,0,0,0,0,0,0,0,0,0,0,0
1769,[X0_X1_GET_req],1769,3,1,0,0,0,0,0,0,0,0,0,0,0,0,0
1770,REST_X1,1770,3,2,0,0,0,0,0,0,0,0,0,0,0,0,0
1771,REST_X1,1771,3,5,0,0,0,0,0,0,0,0,0,0,0,0,0
1772,[X1_X2_GET_req],1772,3,6,1,0,0,0,0,0,0,0,0,0,0,0,0
1773,REST_X2,1773,3,6,2,0,0,0,0,0,0,0,0,0,0,0,0
1774,REST_X2,1774,3,6,3,0,0,0,0,0,0,0,0,0,0,0,0
1775,[X1_X2_GET_resp_2xx],1775,3,3,0,0,0,0,0,0,0,0,0,0,0,0,0
1776,[X0_X1_GET_resp_2xx],1776,0,0,0,0,0,0,0,0,0,0,0,0,0,0,0
1777,REST_X0,1777,2,0,0,0,0,0,0,0,0,0,0,0,0,0,0
1778,[X0_X1_GET_req],1778,3,1,0,0,0,0,0,0,0,0,0,0,0,0,0
1779,REST_X1,1779,3,2,0,0,0,0,0,0,0,0,0,0,0,0,0
1780,REST_X1,1780,3,9,0,0,0,0,0,0,0,0,0,0,0,0,0
1781,[X1_X12_GET_req],1781,3,10,0,0,0,0,0,0,0,0,0,0,1,0,0
1782,REST_X12,1782,3,10,0,0,0,0,0,0,0,0,0,0,2,0,0
1783,REST_X12,1783,3,10,0,0,0,0,0,0,0,0,0,0,5,0,0
1784,[X12_X6_GET_req],1784,3,10,0,0,0,0,1,0,0,0,0,0,6,0,0
1785,REST_X6,1785,3,10,0,0,0,0,2,0,0,0,0,0,6,0,0
1786,REST_X6,1786,3,10,0,0,0,0,9,0,0,0,0,0,6,0,0
1787,[X6_X8_GET_req],1787,3,10,0,0,0,0,10,0,1,0,0,0,6,0,0
1788,REST_X8,1788,3,10,0,0,0,0,10,0,2,0,0,0,6,0,0
1789,REST_X8,1789,3,10,0,0,0,0,10,0,3,0,0,0,6,0,0
1790,[X6_X8_GET_resp_2xx],1790,3,10,0,0,0,0,3,0,0,0,0,0,6,0,0
1791,[X12_X6_GET_resp_2xx],1791,3,10,0,0,0,0,0,0,0,0,0,0,3,0,0
1792,[X1_X12_GET_resp_2xx],1792,3,3,0,0,0,0,0,0,0,0,0,0,0,0,0
1793,[X0_X1_GET_resp_2xx],1793,0,0,0,0,0,0,0,0,0,0,0,0,0,0,0
1794,REST_X0,1794,2,0,0,0,0,0,0,0,0,0,0,0,0,0,0
1795,[X0_X1_GET_req],1795,3,1,0,0,0,0,0,0,0,0,0,0,0,0,0
1796,REST_X1,1796,3,2,0,0,0,0,0,0,0,0,0,0,0,0,0
1797,REST_X1,1797,3,9,0,0,0,0,0,0,0,0,0,0,0,0,0
1798,[X1_X12_GET_req],1798,3,10,0,0,0,0,0,0,0,0,0,0,1,0,0
1799,REST_X12,1799,3,10,0,0,0,0,0,0,0,0,0,0,2,0,0
1800,REST_X12,1800,3,10,0,0,0,0,0,0,0,0,0,0,5,0,0
1801,[X12_X6_GET_req],1801,3,10,0,0,0,0,1,0,0,0,0,0,6,0,0
1802,REST_X6,1802,3,10,0,0,0,0,2,0,0,0,0,0,6,0,0
1803,REST_X6,1803,3,10,0,0,0,0,9,0,0,0,0,0,6,0,0
1804,[X6_X8_GET_req],1804,3,10,0,0,0,0,10,0,1,0,0,0,6,0,0
1805,REST_X8,1805,3,10,0,0,0,0,10,0,2,0,0,0,6,0,0
1806,REST_X8,1806,3,10,0,0,0,0,10,0,3,0,0,0,6,0,0
1807,[X6_X8_GET_resp_2xx],1807,3,10,0,0,0,0,3,0,0,0,0,0,6,0,0
1808,[X12_X6_GET_resp_2xx],1808,3,10,0,0,0,0,0,0,0,0,0,0,3,0,0
1809,[X1_X12_GET_resp_2xx],1809,3,3,0,0,0,0,0,0,0,0,0,0,0,0,0
1810,[X0_X1_GET_resp_2xx],1810,0,0,0,0,0,0,0,0,0,0,0,0,0,0,0
1811,REST_X0,1811,2,0,0,0,0,0,0,0,0,0,0,0,0,0,0
1812,[X0_X1_GET_req],1812,3,1,0,0,0,0,0,0,0,0,0,0,0,0,0
1813,REST_X1,1813,3,2,0,0,0,0,0,0,0,0,0,0,0,0,0
1814,REST_X1,1814,3,5,0,0,0,0,0,0,0,0,0,0,0,0,0
1815,[X1_X2_GET_req],1815,3,6,1,0,0,0,0,0,0,0,0,0,0,0,0
1816,REST_X2,1816,3,6,2,0,0,0,0,0,0,0,0,0,0,0,0
1817,REST_X2,1817,3,6,3,0,0,0,0,0,0,0,0,0,0,0,0
1818,[X1_X2_GET_resp_2xx],1818,3,3,0,0,0,0,0,0,0,0,0,0,0,0,0
1819,[X0_X1_GET_resp_2xx],1819,0,0,0,0,0,0,0,0,0,0,0,0,0,0,0
1820,REST_X0,1820,2,0,0,0,0,0,0,0,0,0,0,0,0,0,0
1821,[X0_X1_GET_req],1821,3,1,0,0,0,0,0,0,0,0,0,0,0,0,0
1822,REST_X1,1822,3,2,0,0,0,0,0,0,0,0,0,0,0,0,0
1823,REST_X1,1823,3,5,0,0,0,0,0,0,0,0,0,0,0,0,0
1824,[X1_X2_GET_req],1824,3,6,1,0,0,0,0,0,0,0,0,0,0,0,0
1825,REST_X2,1825,3,6,2,0,0,0,0,0,0,0,0,0,0,0,0
1826,REST_X2,1826,3,6,3,0,0,0,0,0,0,0,0,0,0,0,0
1827,[X1_X2_GET_resp_2xx],1827,3,3,0,0,0,0,0,0,0,0,0,0,0,0,0
1828,[X0_X1_GET_resp_2xx],1828,0,0,0,0,0,0,0,0,0,0,0,0,0,0,0
1829,REST_X0,1829,2,0,0,0,0,0,0,0,0,0,0,0,0,0,0
1830,[X0_X1_GET_req],1830,3,1,0,0,0,0,0,0,0,0,0,0,0,0,0
1831,REST_X1,1831,3,2,0,0,0,0,0,0,0,0,0,0,0,0,0
1832,REST_X1,1832,3,9,0,0,0,0,0,0,0,0,0,0,0,0,0
1833,[X1_X12_GET_req],1833,3,10,0,0,0,0,0,0,0,0,0,0,1,0,0
1834,REST_X12,1834,3,10,0,0,0,0,0,0,0,0,0,0,2,0,0
1835,REST_X12,1835,3,10,0,0,0,0,0,0,0,0,0,0,5,0,0
1836,[X12_X6_GET_req],1836,3,10,0,0,0,0,1,0,0,0,0,0,6,0,0
1837,REST_X6,1837,3,10,0,0,0,0,2,0,0,0,0,0,6,0,0
1838,REST_X6,1838,3,10,0,0,0,0,9,0,0,0,0,0,6,0,0
1839,[X6_X8_GET_req],1839,3,10,0,0,0,0,10,0,1,0,0,0,6,0,0
1840,REST_X8,1840,3,10,0,0,0,0,10,0,2,0,0,0,6,0,0
1841,REST_X8,1841,3,10,0,0,0,0,10,0,4,0,0,0,6,0,0
1842,[X6_X8_GET_resp_5xx],1842,3,10,0,0,0,0,11,0,0,0,0,0,6,0,0
1843,[X6_X8_GET_req],1843,3,10,0,0,0,0,12,0,1,0,0,0,6,0,0
1844,REST_X8,1844,3,10,0,0,0,0,12,0,2,0,0,0,6,0,0
1845,REST_X8,1845,3,10,0,0,0,0,12,0,3,0,0,0,6,0,0
1846,[X6_X8_GET_resp_2xx],1846,3,10,0,0,0,0,3,0,0,0,0,0,6,0,0
1847,[X12_X6_GET_resp_2xx],1847,3,10,0,0,0,0,0,0,0,0,0,0,3,0,0
1848,[X1_X12_GET_resp_2xx],1848,3,3,0,0,0,0,0,0,0,0,0,0,0,0,0
1849,[X0_X1_GET_resp_2xx],1849,0,0,0,0,0,0,0,0,0,0,0,0,0,0,0
1850,REST_X0,1850,2,0,0,0,0,0,0,0,0,0,0,0,0,0,0
1851,[X0_X1_GET_req],1851,3,1,0,0,0,0,0,0,0,0,0,0,0,0,0
1852,REST_X1,1852,3,2,0,0,0,0,0,0,0,0,0,0,0,0,0
1853,REST_X1,1853,3,9,0,0,0,0,0,0,0,0,0,0,0,0,0
1854,[X1_X12_GET_req],1854,3,10,0,0,0,0,0,0,0,0,0,0,1,0,0
1855,REST_X12,1855,3,10,0,0,0,0,0,0,0,0,0,0,2,0,0
1856,REST_X12,1856,3,10,0,0,0,0,0,0,0,0,0,0,5,0,0
1857,[X12_X6_GET_req],1857,3,10,0,0,0,0,1,0,0,0,0,0,6,0,0
1858,REST_X6,1858,3,10,0,0,0,0,2,0,0,0,0,0,6,0,0
1859,REST_X6,1859,3,10,0,0,0,0,5,0,0,0,0,0,6,0,0
1860,[X6_X3_GET_req],1860,3,10,0,1,0,0,6,0,0,0,0,0,6,0,0
1861,REST_X3,1861,3,10,0,2,0,0,6,0,0,0,0,0,6,0,0
1862,REST_X3,1862,3,10,0,3,0,0,6,0,0,0,0,0,6,0,0
1863,[X6_X3_GET_resp_2xx],1863,3,10,0,0,0,0,3,0,0,0,0,0,6,0,0
1864,[X12_X6_GET_resp_2xx],1864,3,10,0,0,0,0,0,0,0,0,0,0,3,0,0
1865,[X1_X12_GET_resp_2xx],1865,3,3,0,0,0,0,0,0,0,0,0,0,0,0,0
1866,[X0_X1_GET_resp_2xx],1866,0,0,0,0,0,0,0,0,0,0,0,0,0,0,0
1867,REST_X0,1867,2,0,0,0,0,0,0,0,0,0,0,0,0,0,0
1868,[X0_X1_GET_req],1868,3,1,0,0,0,0,0,0,0,0,0,0,0,0,0
1869,REST_X1,1869,3,2,0,0,0,0,0,0,0,0,0,0,0,0,0
1870,REST_X1,1870,3,9,0,0,0,0,0,0,0,0,0,0,0,0,0
1871,[X1_X12_GET_req],1871,3,10,0,0,0,0,0,0,0,0,0,0,1,0,0
1872,REST_X12,1872,3,10,0,0,0,0,0,0,0,0,0,0,2,0,0
1873,REST_X12,1873,3,10,0,0,0,0,0,0,0,0,0,0,5,0,0
1874,[X12_X6_GET_req],1874,3,10,0,0,0,0,1,0,0,0,0,0,6,0,0
1875,REST_X6,1875,3,10,0,0,0,0,2,0,0,0,0,0,6,0,0
1876,REST_X6,1876,3,10,0,0,0,0,5,0,0,0,0,0,6,0,0
1877,[X6_X3_GET_req],1877,3,10,0,1,0,0,6,0,0,0,0,0,6,0,0
1878,REST_X3,1878,3,10,0,2,0,0,6,0,0,0,0,0,6,0,0
1879,REST_X3,1879,3,10,0,3,0,0,6,0,0,0,0,0,6,0,0
1880,[X6_X3_GET_resp_2xx],1880,3,10,0,0,0,0,3,0,0,0,0,0,6,0,0
1881,[X12_X6_GET_resp_2xx],1881,3,10,0,0,0,0,0,0,0,0,0,0,3,0,0
1882,[X1_X12_GET_resp_2xx],1882,3,3,0,0,0,0,0,0,0,0,0,0,0,0,0
1883,[X0_X1_GET_resp_2xx],1883,0,0,0,0,0,0,0,0,0,0,0,0,0,0,0
1884,REST_X0,1884,2,0,0,0,0,0,0,0,0,0,0,0,0,0,0
1885,[X0_X1_GET_req],1885,3,1,0,0,0,0,0,0,0,0,0,0,0,0,0
1886,REST_X1,1886,3,2,0,0,0,0,0,0,0,0,0,0,0,0,0
1887,REST_X1,1887,3,5,0,0,0,0,0,0,0,0,0,0,0,0,0
1888,[X1_X2_GET_req],1888,3,6,1,0,0,0,0,0,0,0,0,0,0,0,0
1889,REST_X2,1889,3,6,2,0,0,0,0,0,0,0,0,0,0,0,0
1890,REST_X2,1890,3,6,3,0,0,0,0,0,0,0,0,0,0,0,0
1891,[X1_X2_GET_resp_2xx],1891,3,3,0,0,0,0,0,0,0,0,0,0,0,0,0
1892,[X0_X1_GET_resp_2xx],1892,0,0,0,0,0,0,0,0,0,0,0,0,0,0,0
1893,REST_X0,1893,2,0,0,0,0,0,0,0,0,0,0,0,0,0,0
1894,[X0_X1_GET_req],1894,3,1,0,0,0,0,0,0,0,0,0,0,0,0,0
1895,REST_X1,1895,3,2,0,0,0,0,0,0,0,0,0,0,0,0,0
1896,REST_X1,1896,3,5,0,0,0,0,0,0,0,0,0,0,0,0,0
1897,[X1_X2_GET_req],1897,3,6,1,0,0,0,0,0,0,0,0,0,0,0,0
1898,REST_X2,1898,3,6,2,0,0,0,0,0,0,0,0,0,0,0,0
1899,REST_X2,1899,3,6,3,0,0,0,0,0,0,0,0,0,0,0,0
1900,[X1_X2_GET_resp_2xx],1900,3,3,0,0,0,0,0,0,0,0,0,0,0,0,0
1901,[X0_X1_GET_resp_2xx],1901,0,0,0,0,0,0,0,0,0,0,0,0,0,0,0
1902,REST_X0,1902,2,0,0,0,0,0,0,0,0,0,0,0,0,0,0
1903,[X0_X1_GET_req],1903,3,1,0,0,0,0,0,0,0,0,0,0,0,0,0
1904,REST_X1,1904,3,2,0,0,0,0,0,0,0,0,0,0,0,0,0
1905,REST_X1,1905,3,9,0,0,0,0,0,0,0,0,0,0,0,0,0
1906,[X1_X12_GET_req],1906,3,10,0,0,0,0,0,0,0,0,0,0,1,0,0
1907,REST_X12,1907,3,10,0,0,0,0,0,0,0,0,0,0,2,0,0
1908,REST_X12,1908,3,10,0,0,0,0,0,0,0,0,0,0,5,0,0
1909,[X12_X6_GET_req],1909,3,10,0,0,0,0,1,0,0,0,0,0,6,0,0
1910,REST_X6,1910,3,10,0,0,0,0,2,0,0,0,0,0,6,0,0
1911,REST_X6,1911,3,10,0,0,0,0,9,0,0,0,0,0,6,0,0
1912,[X6_X8_GET_req],1912,3,10,0,0,0,0,10,0,1,0,0,0,6,0,0
1913,REST_X8,1913,3,10,0,0,0,0,10,0,2,0,0,0,6,0,0
1914,REST_X8,1914,3,10,0,0,0,0,10,0,3,0,0,0,6,0,0
1915,[X6_X8_GET_resp_2xx],1915,3,10,0,0,0,0,3,0,0,0,0,0,6,0,0
1916,[X12_X6_GET_resp_2xx],1916,3,10,0,0,0,0,0,0,0,0,0,0,3,0,0
1917,[X1_X12_GET_resp_2xx],1917,3,3,0,0,0,0,0,0,0,0,0,0,0,0,0
1918,[X0_X1_GET_resp_2xx],1918,0,0,0,0,0,0,0,0,0,0,0,0,0,0,0
1919,REST_X0,1919,2,0,0,0,0,0,0,0,0,0,0,0,0,0,0
1920,[X0_X1_GET_req],1920,3,1,0,0,0,0,0,0,0,0,0,0,0,0,0
1921,REST_X1,1921,3,2,0,0,0,0,0,0,0,0,0,0,0,0,0
1922,REST_X1,1922,3,5,0,0,0,0,0,0,0,0,0,0,0,0,0
1923,[X1_X2_GET_req],1923,3,6,1,0,0,0,0,0,0,0,0,0,0,0,0
1924,REST_X2,1924,3,6,2,0,0,0,0,0,0,0,0,0,0,0,0
1925,REST_X2,1925,3,6,3,0,0,0,0,0,0,0,0,0,0,0,0
1926,[X1_X2_GET_resp_2xx],1926,3,3,0,0,0,0,0,0,0,0,0,0,0,0,0
1927,[X0_X1_GET_resp_2xx],1927,0,0,0,0,0,0,0,0,0,0,0,0,0,0,0
1928,REST_X0,1928,2,0,0,0,0,0,0,0,0,0,0,0,0,0,0
1929,[X0_X1_GET_req],1929,3,1,0,0,0,0,0,0,0,0,0,0,0,0,0
1930,REST_X1,1930,3,2,0,0,0,0,0,0,0,0,0,0,0,0,0
1931,REST_X1,1931,3,5,0,0,0,0,0,0,0,0,0,0,0,0,0
1932,[X1_X2_GET_req],1932,3,6,1,0,0,0,0,0,0,0,0,0,0,0,0
1933,REST_X2,1933,3,6,2,0,0,0,0,0,0,0,0,0,0,0,0
1934,REST_X2,1934,3,6,3,0,0,0,0,0,0,0,0,0,0,0,0
1935,[X1_X2_GET_resp_2xx],1935,3,3,0,0,0,0,0,0,0,0,0,0,0,0,0
1936,[X0_X1_GET_resp_2xx],1936,0,0,0,0,0,0,0,0,0,0,0,0,0,0,0
1937,REST_X0,1937,2,0,0,0,0,0,0,0,0,0,0,0,0,0,0
1938,[X0_X1_GET_req],1938,3,1,0,0,0,0,0,0,0,0,0,0,0,0,0
1939,REST_X1,1939,3,2,0,0,0,0,0,0,0,0,0,0,0,0,0
1940,REST_X1,1940,3,5,0,0,0,0,0,0,0,0,0,0,0,0,0
1941,[X1_X2_GET_req],1941,3,6,1,0,0,0,0,0,0,0,0,0,0,0,0
1942,REST_X2,1942,3,6,2,0,0,0,0,0,0,0,0,0,0,0,0
1943,REST_X2,1943,3,6,3,0,0,0,0,0,0,0,0,0,0,0,0
1944,[X1_X2_GET_resp_2xx],1944,3,3,0,0,0,0,0,0,0,0,0,0,0,0,0
1945,[X0_X1_GET_resp_2xx],1945,0,0,0,0,0,0,0,0,0,0,0,0,0,0,0
1946,REST_X0,1946,2,0,0,0,0,0,0,0,0,0,0,0,0,0,0
1947,[X0_X1_GET_req],1947,3,1,0,0,0,0,0,0,0,0,0,0,0,0,0
1948,REST_X1,1948,3,2,0,0,0,0,0,0,0,0,0,0,0,0,0
1949,REST_X1,1949,3,5,0,0,0,0,0,0,0,0,0,0,0,0,0
1950,[X1_X2_GET_req],1950,3,6,1,0,0,0,0,0,0,0,0,0,0,0,0
1951,REST_X2,1951,3,6,2,0,0,0,0,0,0,0,0,0,0,0,0
1952,REST_X2,1952,3,6,3,0,0,0,0,0,0,0,0,0,0,0,0
1953,[X1_X2_GET_resp_2xx],1953,3,3,0,0,0,0,0,0,0,0,0,0,0,0,0
1954,[X0_X1_GET_resp_2xx],1954,0,0,0,0,0,0,0,0,0,0,0,0,0,0,0
1955,REST_X0,1955,2,0,0,0,0,0,0,0,0,0,0,0,0,0,0
1956,[X0_X1_GET_req],1956,3,1,0,0,0,0,0,0,0,0,0,0,0,0,0
1957,REST_X1,1957,3,2,0,0,0,0,0,0,0,0,0,0,0,0,0
1958,REST_X1,1958,3,5,0,0,0,0,0,0,0,0,0,0,0,0,0
1959,[X1_X2_GET_req],1959,3,6,1,0,0,0,0,0,0,0,0,0,0,0,0
1960,REST_X2,1960,3,6,2,0,0,0,0,0,0,0,0,0,0,0,0
1961,REST_X2,1961,3,6,3,0,0,0,0,0,0,0,0,0,0,0,0
1962,[X1_X2_GET_resp_2xx],1962,3,3,0,0,0,0,0,0,0,0,0,0,0,0,0
1963,[X0_X1_GET_resp_2xx],1963,0,0,0,0,0,0,0,0,0,0,0,0,0,0,0
1964,REST_X0,1964,2,0,0,0,0,0,0,0,0,0,0,0,0,0,0
1965,[X0_X1_GET_req],1965,3,1,0,0,0,0,0,0,0,0,0,0,0,0,0
1966,REST_X1,1966,3,2,0,0,0,0,0,0,0,0,0,0,0,0,0
1967,REST_X1,1967,3,9,0,0,0,0,0,0,0,0,0,0,0,0,0
1968,[X1_X12_GET_req],1968,3,10,0,0,0,0,0,0,0,0,0,0,1,0,0
1969,REST_X12,1969,3,10,0,0,0,0,0,0,0,0,0,0,2,0,0
1970,REST_X12,1970,3,10,0,0,0,0,0,0,0,0,0,0,5,0,0
1971,[X12_X6_GET_req],1971,3,10,0,0,0,0,1,0,0,0,0,0,6,0,0
1972,REST_X6,1972,3,10,0,0,0,0,2,0,0,0,0,0,6,0,0
1973,REST_X6,1973,3,10,0,0,0,0,13,0,0,0,0,0,6,0,0
1974,[X6_X7_GET_req],1974,3,10,0,0,0,0,14,1,0,0,0,0,6,0,0
1975,REST_X7,1975,3,10,0,0,0,0,14,2,0,0,0,0,6,0,0
1976,REST_X7,1976,3,10,0,0,0,0,14,9,0,0,0,0,6,0,0
1977,[X7_X9_GET_req],1977,3,10,0,0,0,0,14,10,0,1,0,0,6,0,0
1978,REST_X9,1978,3,10,0,0,0,0,14,10,0,2,0,0,6,0,0
1979,REST_X9,1979,3,10,0,0,0,0,14,10,0,5,0,0,6,0,0
1980,[X9_X11_GET_req],1980,3,10,0,0,0,0,14,10,0,6,0,1,6,0,0
1981,REST_X11,1981,3,10,0,0,0,0,14,10,0,6,0,2,6,0,0
1982,REST_X11,1982,3,10,0,0,0,0,14,10,0,6,0,3,6,0,0
1983,[X9_X11_GET_resp_2xx],1983,3,10,0,0,0,0,14,10,0,3,0,0,6,0,0
1984,[X7_X9_GET_resp_2xx],1984,3,10,0,0,0,0,14,3,0,0,0,0,6,0,0
1985,[X6_X7_GET_resp_2xx],1985,3,10,0,0,0,0,3,0,0,0,0,0,6,0,0
1986,[X12_X6_GET_resp_2xx],1986,3,10,0,0,0,0,0,0,0,0,0,0,3,0,0
1987,[X1_X12_GET_resp_2xx],1987,3,3,0,0,0,0,0,0,0,0,0,0,0,0,0
1988,[X0_X1_GET_resp_2xx],1988,0,0,0,0,0,0,0,0,0,0,0,0,0,0,0
1989,REST_X0,1989,2,0,0,0,0,0,0,0,0,0,0,0,0,0,0
1990,[X0_X1_GET_req],1990,3,1,0,0,0,0,0,0,0,0,0,0,0,0,0
1991,REST_X1,1991,3,2,0,0,0,0,0,0,0,0,0,0,0,0,0
1992,REST_X1,1992,3,5,0,0,0,0,0,0,0,0,0,0,0,0,0
1993,[X1_X2_GET_req],1993,3,6,1,0,0,0,0,0,0,0,0,0,0,0,0
1994,REST_X2,1994,3,6,2,0,0,0,0,0,0,0,0,0,0,0,0
1995,REST_X2,1995,3,6,3,0,0,0,0,0,0,0,0,0,0,0,0
1996,[X1_X2_GET_resp_2xx],1996,3,3,0,0,0,0,0,0,0,0,0,0,0,0,0
1997,[X0_X1_GET_resp_2xx],1997,0,0,0,0,0,0,0,0,0,0,0,0,0,0,0
1998,REST_X0,1998,2,0,0,0,0,0,0,0,0,0,0,0,0,0,0
1999,[X0_X1_GET_req],1999,3,1,0,0,0,0,0,0,0,0,0,0,0,0,0
2000,REST_X1,2000,3,2,0,0,0,0,0,0,0,0,0,0,0,0,0
2001,REST_X1,2001,3,5,0,0,0,0,0,0,0,0,0,0,0,0,0
2002,[X1_X2_GET_req],2002,3,6,1,0,0,0,0,0,0,0,0,0,0,0,0
2003,REST_X2,2003,3,6,2,0,0,0,0,0,0,0,0,0,0,0,0
2004,REST_X2,2004,3,6,3,0,0,0,0,0,0,0,0,0,0,0,0
2005,[X1_X2_GET_resp_2xx],2005,3,3,0,0,0,0,0,0,0,0,0,0,0,0,0
2006,[X0_X1_GET_resp_2xx],2006,0,0,0,0,0,0,0,0,0,0,0,0,0,0,0
2007,REST_X0,2007,2,0,0,0,0,0,0,0,0,0,0,0,0,0,0
2008,[X0_X1_GET_req],2008,3,1,0,0,0,0,0,0,0,0,0,0,0,0,0
2009,REST_X1,2009,3,2,0,0,0,0,0,0,0,0,0,0,0,0,0
2010,REST_X1,2010,3,5,0,0,0,0,0,0,0,0,0,0,0,0,0
2011,[X1_X2_GET_req],2011,3,6,1,0,0,0,0,0,0,0,0,0,0,0,0
2012,REST_X2,2012,3,6,2,0,0,0,0,0,0,0,0,0,0,0,0
2013,REST_X2,2013,3,6,3,0,0,0,0,0,0,0,0,0,0,0,0
2014,[X1_X2_GET_resp_2xx],2014,3,3,0,0,0,0,0,0,0,0,0,0,0,0,0
2015,[X0_X1_GET_resp_2xx],2015,0,0,0,0,0,0,0,0,0,0,0,0,0,0,0
2016,REST_X0,2016,2,0,0,0,0,0,0,0,0,0,0,0,0,0,0
2017,[X0_X1_GET_req],2017,3,1,0,0,0,0,0,0,0,0,0,0,0,0,0
2018,REST_X1,2018,3,2,0,0,0,0,0,0,0,0,0,0,0,0,0
2019,REST_X1,2019,3,5,0,0,0,0,0,0,0,0,0,0,0,0,0
2020,[X1_X2_GET_req],2020,3,6,1,0,0,0,0,0,0,0,0,0,0,0,0
2021,REST_X2,2021,3,6,2,0,0,0,0,0,0,0,0,0,0,0,0
2022,REST_X2,2022,3,6,3,0,0,0,0,0,0,0,0,0,0,0,0
2023,[X1_X2_GET_resp_2xx],2023,3,3,0,0,0,0,0,0,0,0,0,0,0,0,0
2024,[X0_X1_GET_resp_2xx],2024,0,0,0,0,0,0,0,0,0,0,0,0,0,0,0
2025,REST_X0,2025,2,0,0,0,0,0,0,0,0,0,0,0,0,0,0
2026,[X0_X1_GET_req],2026,3,1,0,0,0,0,0,0,0,0,0,0,0,0,0
2027,REST_X1,2027,3,2,0,0,0,0,0,0,0,0,0,0,0,0,0
2028,REST_X1,2028,3,9,0,0,0,0,0,0,0,0,0,0,0,0,0
2029,[X1_X12_GET_req],2029,3,10,0,0,0,0,0,0,0,0,0,0,1,0,0
2030,REST_X12,2030,3,10,0,0,0,0,0,0,0,0,0,0,2,0,0
2031,REST_X12,2031,3,10,0,0,0,0,0,0,0,0,0,0,5,0,0
2032,[X12_X6_GET_req],2032,3,10,0,0,0,0,1,0,0,0,0,0,6,0,0
2033,REST_X6,2033,3,10,0,0,0,0,2,0,0,0,0,0,6,0,0
2034,REST_X6,2034,3,10,0,0,0,0,5,0,0,0,0,0,6,0,0
2035,[X6_X3_GET_req],2035,3,10,0,1,0,0,6,0,0,0,0,0,6,0,0
2036,REST_X3,2036,3,10,0,2,0,0,6,0,0,0,0,0,6,0,0
2037,REST_X3,2037,3,10,0,3,0,0,6,0,0,0,0,0,6,0,0
2038,[X6_X3_GET_resp_2xx],2038,3,10,0,0,0,0,3,0,0,0,0,0,6,0,0
2039,[X12_X6_GET_resp_2xx],2039,3,10,0,0,0,0,0,0,0,0,0,0,3,0,0
2040,[X1_X12_GET_resp_2xx],2040,3,3,0,0,0,0,0,0,0,0,0,0,0,0,0
2041,[X0_X1_GET_resp_2xx],2041,0,0,0,0,0,0,0,0,0,0,0,0,0,0,0
2042,REST_X0,2042,2,0,0,0,0,0,0,0,0,0,0,0,0,0,0
2043,[X0_X1_GET_req],2043,3,1,0,0,0,0,0,0,0,0,0,0,0,0,0
2044,REST_X1,2044,3,2,0,0,0,0,0,0,0,0,0,0,0,0,0
2045,REST_X1,2045,3,5,0,0,0,0,0,0,0,0,0,0,0,0,0
2046,[X1_X2_GET_req],2046,3,6,1,0,0,0,0,0,0,0,0,0,0,0,0
2047,REST_X2,2047,3,6,2,0,0,0,0,0,0,0,0,0,0,0,0
2048,REST_X2,2048,3,6,3,0,0,0,0,0,0,0,0,0,0,0,0
2049,[X1_X2_GET_resp_2xx],2049,3,3,0,0,0,0,0,0,0,0,0,0,0,0,0
2050,[X0_X1_GET_resp_2xx],2050,0,0,0,0,0,0,0,0,0,0,0,0,0,0,0
2051,REST_X0,2051,2,0,0,0,0,0,0,0,0,0,0,0,0,0,0
2052,[X0_X1_GET_req],2052,3,1,0,0,0,0,0,0,0,0,0,0,0,0,0
2053,REST_X1,2053,3,2,0,0,0,0,0,0,0,0,0,0,0,0,0
2054,REST_X1,2054,3,9,0,0,0,0,0,0,0,0,0,0,0,0,0
2055,[X1_X12_GET_req],2055,3,10,0,0,0,0,0,0,0,0,0,0,1,0,0
2056,REST_X12,2056,3,10,0,0,0,0,0,0,0,0,0,0,2,0,0
2057,REST_X12,2057,3,10,0,0,0,0,0,0,0,0,0,0,5,0,0
2058,[X12_X6_GET_req],2058,3,10,0,0,0,0,1,0,0,0,0,0,6,0,0
2059,REST_X6,2059,3,10,0,0,0,0,2,0,0,0,0,0,6,0,0
2060,REST_X6,2060,3,10,0,0,0,0,9,0,0,0,0,0,6,0,0
2061,[X6_X8_GET_req],2061,3,10,0,0,0,0,10,0,1,0,0,0,6,0,0
2062,REST_X8,2062,3,10,0,0,0,0,10,0,2,0,0,0,6,0,0
2063,REST_X8,2063,3,10,0,0,0,0,10,0,3,0,0,0,6,0,0
2064,[X6_X8_GET_resp_2xx],2064,3,10,0,0,0,0,3,0,0,0,0,0,6,0,0
2065,[X12_X6_GET_resp_2xx],2065,3,10,0,0,0,0,0,0,0,0,0,0,3,0,0
2066,[X1_X12_GET_resp_2xx],2066,3,3,0,0,0,0,0,0,0,0,0,0,0,0,0
2067,[X0_X1_GET_resp_2xx],2067,0,0,0,0,0,0,0,0,0,0,0,0,0,0,0
2068,REST_X0,2068,2,0,0,0,0,0,0,0,0,0,0,0,0,0,0
2069,[X0_X1_GET_req],2069,3,1,0,0,0,0,0,0,0,0,0,0,0,0,0
2070,REST_X1,2070,3,2,0,0,0,0,0,0,0,0,0,0,0,0,0
2071,REST_X1,2071,3,5,0,0,0,0,0,0,0,0,0,0,0,0,0
2072,[X1_X2_GET_req],2072,3,6,1,0,0,0,0,0,0,0,0,0,0,0,0
2073,REST_X2,2073,3,6,2,0,0,0,0,0,0,0,0,0,0,0,0
2074,REST_X2,2074,3,6,3,0,0,0,0,0,0,0,0,0,0,0,0
2075,[X1_X2_GET_resp_2xx],2075,3,3,0,0,0,0,0,0,0,0,0,0,0,0,0
2076,[X0_X1_GET_resp_2xx],2076,0,0,0,0,0,0,0,0,0,0,0,0,0,0,0
2077,REST_X0,2077,2,0,0,0,0,0,0,0,0,0,0,0,0,0,0
2078,[X0_X1_GET_req],2078,3,1,0,0,0,0,0,0,0,0,0,0,0,0,0
2079,REST_X1,2079,3,2,0,0,0,0,0,0,0,0,0,0,0,0,0
2080,REST_X1,2080,3,5,0,0,0,0,0,0,0,0,0,0,0,0,0
2081,[X1_X2_GET_req],2081,3,6,1,0,0,0,0,0,0,0,0,0,0,0,0
2082,REST_X2,2082,3,6,2,0,0,0,0,0,0,0,0,0,0,0,0
2083,REST_X2,2083,3,6,3,0,0,0,0,0,0,0,0,0,0,0,0
2084,[X1_X2_GET_resp_2xx],2084,3,3,0,0,0,0,0,0,0,0,0,0,0,0,0
2085,[X0_X1_GET_resp_2xx],2085,0,0,0,0,0,0,0,0,0,0,0,0,0,0,0
2086,REST_X0,2086,2,0,0,0,0,0,0,0,0,0,0,0,0,0,0
2087,[X0_X1_GET_req],2087,3,1,0,0,0,0,0,0,0,0,0,0,0,0,0
2088,REST_X1,2088,3,2,0,0,0,0,0,0,0,0,0,0,0,0,0
2089,REST_X1,2089,3,5,0,0,0,0,0,0,0,0,0,0,0,0,0
2090,[X1_X2_GET_req],2090,3,6,1,0,0,0,0,0,0,0,0,0,0,0,0
2091,REST_X2,2091,3,6,2,0,0,0,0,0,0,0,0,0,0,0,0
2092,REST_X2,2092,3,6,3,0,0,0,0,0,0,0,0,0,0,0,0
2093,[X1_X2_GET_resp_2xx],2093,3,3,0,0,0,0,0,0,0,0,0,0,0,0,0
2094,[X0_X1_GET_resp_2xx],2094,0,0,0,0,0,0,0,0,0,0,0,0,0,0,0
2095,REST_X0,2095,2,0,0,0,0,0,0,0,0,0,0,0,0,0,0
2096,[X0_X1_GET_req],2096,3,1,0,0,0,0,0,0,0,0,0,0,0,0,0
2097,REST_X1,2097,3,2,0,0,0,0,0,0,0,0,0,0,0,0,0
2098,REST_X1,2098,3,5,0,0,0,0,0,0,0,0,0,0,0,0,0
2099,[X1_X2_GET_req],2099,3,6,1,0,0,0,0,0,0,0,0,0,0,0,0
2100,REST_X2,2100,3,6,2,0,0,0,0,0,0,0,0,0,0,0,0
2101,REST_X2,2101,3,6,4,0,0,0,0,0,0,0,0,0,0,0,0
2102,[X1_X2_GET_resp_5xx],2102,3,7,0,0,0,0,0,0,0,0,0,0,0,0,0
2103,[X1_X2_GET_req],2103,3,8,1,0,0,0,0,0,0,0,0,0,0,0,0
2104,REST_X2,2104,3,8,2,0,0,0,0,0,0,0,0,0,0,0,0
2105,REST_X2,2105,3,8,3,0,0,0,0,0,0,0,0,0,0,0,0
2106,[X1_X2_GET_resp_2xx],2106,3,3,0,0,0,0,0,0,0,0,0,0,0,0,0
2107,[X0_X1_GET_resp_2xx],2107,0,0,0,0,0,0,0,0,0,0,0,0,0,0,0
2108,REST_X0,2108,2,0,0,0,0,0,0,0,0,0,0,0,0,0,0
2109,[X0_X1_GET_req],2109,3,1,0,0,0,0,0,0,0,0,0,0,0,0,0
2110,REST_X1,2110,3,2,0,0,0,0,0,0,0,0,0,0,0,0,0
2111,REST_X1,2111,3,5,0,0,0,0,0,0,0,0,0,0,0,0,0
2112,[X1_X2_GET_req],2112,3,6,1,0,0,0,0,0,0,0,0,0,0,0,0
2113,REST_X2,2113,3,6,2,0,0,0,0,0,0,0,0,0,0,0,0
2114,REST_X2,2114,3,6,3,0,0,0,0,0,0,0,0,0,0,0,0
2115,[X1_X2_GET_resp_2xx],2115,3,3,0,0,0,0,0,0,0,0,0,0,0,0,0
2116,[X0_X1_GET_resp_2xx],2116,0,0,0,0,0,0,0,0,0,0,0,0,0,0,0
2117,REST_X0,2117,2,0,0,0,0,0,0,0,0,0,0,0,0,0,0
2118,[X0_X1_GET_req],2118,3,1,0,0,0,0,0,0,0,0,0,0,0,0,0
2119,REST_X1,2119,3,2,0,0,0,0,0,0,0,0,0,0,0,0,0
2120,REST_X1,2120,3,5,0,0,0,0,0,0,0,0,0,0,0,0,0
2121,[X1_X2_GET_req],2121,3,6,1,0,0,0,0,0,0,0,0,0,0,0,0
2122,REST_X2,2122,3,6,2,0,0,0,0,0,0,0,0,0,0,0,0
2123,REST_X2,2123,3,6,4,0,0,0,0,0,0,0,0,0,0,0,0
2124,[X1_X2_GET_resp_5xx],2124,3,7,0,0,0,0,0,0,0,0,0,0,0,0,0
2125,[X1_X2_GET_req],2125,3,8,1,0,0,0,0,0,0,0,0,0,0,0,0
2126,REST_X2,2126,3,8,2,0,0,0,0,0,0,0,0,0,0,0,0
2127,REST_X2,2127,3,8,3,0,0,0,0,0,0,0,0,0,0,0,0
2128,[X1_X2_GET_resp_2xx],2128,3,3,0,0,0,0,0,0,0,0,0,0,0,0,0
2129,[X0_X1_GET_resp_2xx],2129,0,0,0,0,0,0,0,0,0,0,0,0,0,0,0
2130,REST_X0,2130,2,0,0,0,0,0,0,0,0,0,0,0,0,0,0
2131,[X0_X1_GET_req],2131,3,1,0,0,0,0,0,0,0,0,0,0,0,0,0
2132,REST_X1,2132,3,2,0,0,0,0,0,0,0,0,0,0,0,0,0
2133,REST_X1,2133,3,9,0,0,0,0,0,0,0,0,0,0,0,0,0
2134,[X1_X12_GET_req],2134,3,10,0,0,0,0,0,0,0,0,0,0,1,0,0
2135,REST_X12,2135,3,10,0,0,0,0,0,0,0,0,0,0,2,0,0
2136,REST_X12,2136,3,10,0,0,0,0,0,0,0,0,0,0,5,0,0
2137,[X12_X6_GET_req],2137,3,10,0,0,0,0,1,0,0,0,0,0,6,0,0
2138,REST_X6,2138,3,10,0,0,0,0,2,0,0,0,0,0,6,0,0
2139,REST_X6,2139,3,10,0,0,0,0,9,0,0,0,0,0,6,0,0
2140,[X6_X8_GET_req],2140,3,10,0,0,0,0,10,0,1,0,0,0,6,0,0
2141,REST_X8,2141,3,10,0,0,0,0,10,0,2,0,0,0,6,0,0
2142,REST_X8,2142,3,10,0,0,0,0,10,0,4,0,0,0,6,0,0
2143,[X6_X8_GET_resp_5xx],2143,3,10,0,0,0,0,11,0,0,0,0,0,6,0,0
2144,[X6_X8_GET_req],2144,3,10,0,0,0,0,12,0,1,0,0,0,6,0,0
2145,REST_X8,2145,3,10,0,0,0,0,12,0,2,0,0,0,6,0,0
2146,REST_X8,2146,3,10,0,0,0,0,12,0,3,0,0,0,6,0,0
2147,[X6_X8_GET_resp_2xx],2147,3,10,0,0,0,0,3,0,0,0,0,0,6,0,0
2148,[X12_X6_GET_resp_2xx],2148,3,10,0,0,0,0,0,0,0,0,0,0,3,0,0
2149,[X1_X12_GET_resp_2xx],2149,3,3,0,0,0,0,0,0,0,0,0,0,0,0,0
2150,[X0_X1_GET_resp_2xx],2150,0,0,0,0,0,0,0,0,0,0,0,0,0,0,0
2151,REST_X0,2151,2,0,0,0,0,0,0,0,0,0,0,0,0,0,0
2152,[X0_X1_GET_req],2152,3,1,0,0,0,0,0,0,0,0,0,0,0,0,0
2153,REST_X1,2153,3,2,0,0,0,0,0,0,0,0,0,0,0,0,0
2154,REST_X1,2154,3,5,0,0,0,0,0,0,0,0,0,0,0,0,0
2155,[X1_X2_GET_req],2155,3,6,1,0,0,0,0,0,0,0,0,0,0,0,0
2156,REST_X2,2156,3,6,2,0,0,0,0,0,0,0,0,0,0,0,0
2157,REST_X2,2157,3,6,4,0,0,0,0,0,0,0,0,0,0,0,0
2158,[X1_X2_GET_resp_5xx],2158,3,7,0,0,0,0,0,0,0,0,0,0,0,0,0
2159,[X1_X2_GET_req],2159,3,8,1,0,0,0,0,0,0,0,0,0,0,0,0
2160,REST_X2,2160,3,8,2,0,0,0,0,0,0,0,0,0,0,0,0
2161,REST_X2,2161,3,8,3,0,0,0,0,0,0,0,0,0,0,0,0
2162,[X1_X2_GET_resp_2xx],2162,3,3,0,0,0,0,0,0,0,0,0,0,0,0,0
2163,[X0_X1_GET_resp_2xx],2163,0,0,0,0,0,0,0,0,0,0,0,0,0,0,0
2164,REST_X0,2164,2,0,0,0,0,0,0,0,0,0,0,0,0,0,0
2165,[X0_X1_GET_req],2165,3,1,0,0,0,0,0,0,0,0,0,0,0,0,0
2166,REST_X1,2166,3,2,0,0,0,0,0,0,0,0,0,0,0,0,0
2167,REST_X1,2167,3,9,0,0,0,0,0,0,0,0,0,0,0,0,0
2168,[X1_X12_GET_req],2168,3,10,0,0,0,0,0,0,0,0,0,0,1,0,0
2169,REST_X12,2169,3,10,0,0,0,0,0,0,0,0,0,0,2,0,0
2170,REST_X12,2170,3,10,0,0,0,0,0,0,0,0,0,0,5,0,0
2171,[X12_X6_GET_req],2171,3,10,0,0,0,0,1,0,0,0,0,0,6,0,0
2172,REST_X6,2172,3,10,0,0,0,0,2,0,0,0,0,0,6,0,0
2173,REST_X6,2173,3,10,0,0,0,0,13,0,0,0,0,0,6,0,0
2174,[X6_X7_GET_req],2174,3,10,0,0,0,0,14,1,0,0,0,0,6,0,0
2175,REST_X7,2175,3,10,0,0,0,0,14,2,0,0,0,0,6,0,0
2176,REST_X7,2176,3,10,0,0,0,0,14,5,0,0,0,0,6,0,0
2177,[X7_X5_GET_req],2177,3,10,0,0,0,1,14,6,0,0,0,0,6,0,0
2178,REST_X5,2178,3,10,0,0,0,2,14,6,0,0,0,0,6,0,0
2179,REST_X5,2179,3,10,0,0,0,3,14,6,0,0,0,0,6,0,0
2180,[X7_X5_GET_resp_2xx],2180,3,10,0,0,0,0,14,3,0,0,0,0,6,0,0
2181,[X6_X7_GET_resp_2xx],2181,3,10,0,0,0,0,3,0,0,0,0,0,6,0,0
2182,[X12_X6_GET_resp_2xx],2182,3,10,0,0,0,0,0,0,0,0,0,0,3,0,0
2183,[X1_X12_GET_resp_2xx],2183,3,3,0,0,0,0,0,0,0,0,0,0,0,0,0
2184,[X0_X1_GET_resp_2xx],2184,0,0,0,0,0,0,0,0,0,0,0,0,0,0,0
2185,REST_X0,2185,2,0,0,0,0,0,0,0,0,0,0,0,0,0,0
2186,[X0_X1_GET_req],2186,3,1,0,0,0,0,0,0,0,0,0,0,0,0,0
2187,REST_X1,2187,3,2,0,0,0,0,0,0,0,0,0,0,0,0,0
2188,REST_X1,2188,3,9,0,0,0,0,0,0,0,0,0,0,0,0,0
2189,[X1_X12_GET_req],2189,3,10,0,0,0,0,0,0,0,0,0,0,1,0,0
2190,REST_X12,2190,3,10,0,0,0,0,0,0,0,0,0,0,2,0,0
2191,REST_X12,2191,3,10,0,0,0,0,0,0,0,0,0,0,5,0,0
2192,[X12_X6_GET_req],2192,3,10,0,0,0,0,1,0,0,0,0,0,6,0,0
2193,REST_X6,2193,3,10,0,0,0,0,2,0,0,0,0,0,6,0,0
2194,REST_X6,2194,3,10,0,0,0,0,13,0,0,0,0,0,6,0,0
2195,[X6_X7_GET_req],2195,3,10,0,0,0,0,14,1,0,0,0,0,6,0,0
2196,REST_X7,2196,3,10,0,0,0,0,14,2,0,0,0,0,6,0,0
2197,REST_X7,2197,3,10,0,0,0,0,14,9,0,0,0,0,6,0,0
2198,[X7_X9_GET_req],2198,3,10,0,0,0,0,14,10,0,1,0,0,6,0,0
2199,REST_X9,2199,3,10,0,0,0,0,14,10,0,2,0,0,6,0,0
2200,REST_X9,2200,3,10,0,0,0,0,14,10,0,9,0,0,6,0,0
2201,[X9_X4_GET_req],2201,3,10,0,0,1,0,14,10,0,10,0,0,6,0,0
2202,REST_X4,2202,3,10,0,0,2,0,14,10,0,10,0,0,6,0,0
2203,REST_X4,2203,3,10,0,0,5,0,14,10,0,10,0,0,6,0,0
2204,[X4_X10_GET_req],2204,3,10,0,0,6,0,14,10,0,10,1,0,6,0,0
2205,REST_X10,2205,3,10,0,0,6,0,14,10,0,10,2,0,6,0,0
2206,REST_X10,2206,3,10,0,0,6,0,14,10,0,10,3,0,6,0,0
2207,[X4_X10_GET_resp_2xx],2207,3,10,0,0,3,0,14,10,0,10,0,0,6,0,0
2208,[X9_X4_GET_resp_2xx],2208,3,10,0,0,0,0,14,10,0,3,0,0,6,0,0
2209,[X7_X9_GET_resp_2xx],2209,3,10,0,0,0,0,14,3,0,0,0,0,6,0,0
2210,[X6_X7_GET_resp_2xx],2210,3,10,0,0,0,0,3,0,0,0,0,0,6,0,0
2211,[X12_X6_GET_resp_2xx],2211,3,10,0,0,0,0,0,0,0,0,0,0,3,0,0
2212,[X1_X12_GET_resp_2xx],2212,3,3,0,0,0,0,0,0,0,0,0,0,0,0,0
2213,[X0_X1_GET_resp_2xx],2213,0,0,0,0,0,0,0,0,0,0,0,0,0,0,0
2214,REST_X0,2214,2,0,0,0,0,0,0,0,0,0,0,0,0,0,0
2215,[X0_X1_GET_req],2215,3,1,0,0,0,0,0,0,0,0,0,0,0,0,0
2216,REST_X1,2216,3,2,0,0,0,0,0,0,0,0,0,0,0,0,0
2217,REST_X1,2217,3,5,0,0,0,0,0,0,0,0,0,0,0,0,0
2218,[X1_X2_GET_req],2218,3,6,1,0,0,0,0,0,0,0,0,0,0,0,0
2219,REST_X2,2219,3,6,2,0,0,0,0,0,0,0,0,0,0,0,0
2220,REST_X2,2220,3,6,3,0,0,0,0,0,0,0,0,0,0,0,0
2221,[X1_X2_GET_resp_2xx],2221,3,3,0,0,0,0,0,0,0,0,0,0,0,0,0
2222,[X0_X1_GET_resp_2xx],2222,0,0,0,0,0,0,0,0,0,0,0,0,0,0,0
2223,REST_X0,2223,2,0,0,0,0,0,0,0,0,0,0,0,0,0,0
2224,[X0_X1_GET_req],2224,3,1,0,0,0,0,0,0,0,0,0,0,0,0,0
2225,REST_X1,2225,3,2,0,0,0,0,0,0,0,0,0,0,0,0,0
2226,REST_X1,2226,3,9,0,0,0,0,0,0,0,0,0,0,0,0,0
2227,[X1_X12_GET_req],2227,3,10,0,0,0,0,0,0,0,0,0,0,1,0,0
2228,REST_X12,2228,3,10,0,0,0,0,0,0,0,0,0,0,2,0,0
2229,REST_X12,2229,3,10,0,0,0,0,0,0,0,0,0,0,5,0,0
2230,[X12_X6_GET_req],2230,3,10,0,0,0,0,1,0,0,0,0,0,6,0,0
2231,REST_X6,2231,3,10,0,0,0,0,2,0,0,0,0,0,6,0,0
2232,REST_X6,2232,3,10,0,0,0,0,5,0,0,0,0,0,6,0,0
2233,[X6_X3_GET_req],2233,3,10,0,1,0,0,6,0,0,0,0,0,6,0,0
2234,REST_X3,2234,3,10,0,2,0,0,6,0,0,0,0,0,6,0,0
2235,REST_X3,2235,3,10,0,3,0,0,6,0,0,0,0,0,6,0,0
2236,[X6_X3_GET_resp_2xx],2236,3,10,0,0,0,0,3,0,0,0,0,0,6,0,0
2237,[X12_X6_GET_resp_2xx],2237,3,10,0,0,0,0,0,0,0,0,0,0,3,0,0
2238,[X1_X12_GET_resp_2xx],2238,3,3,0,0,0,0,0,0,0,0,0,0,0,0,0
2239,[X0_X1_GET_resp_2xx],2239,0,0,0,0,0,0,0,0,0,0,0,0,0,0,0
2240,REST_X0,2240,2,0,0,0,0,0,0,0,0,0,0,0,0,0,0
2241,[X0_X1_GET_req],2241,3,1,0,0,0,0,0,0,0,0,0,0,0,0,0
2242,REST_X1,2242,3,2,0,0,0,0,0,0,0,0,0,0,0,0,0
2243,REST_X1,2243,3,9,0,0,0,0,0,0,0,0,0,0,0,0,0
2244,[X1_X12_GET_req],2244,3,10,0,0,0,0,0,0,0,0,0,0,1,0,0
2245,REST_X12,2245,3,10,0,0,0,0,0,0,0,0,0,0,2,0,0
2246,REST_X12,2246,3,10,0,0,0,0,0,0,0,0,0,0,5,0,0
2247,[X12_X6_GET_req],2247,3,10,0,0,0,0,1,0,0,0,0,0,6,0,0
2248,REST_X6,2248,3,10,0,0,0,0,2,0,0,0,0,0,6,0,0
2249,REST_X6,2249,3,10,0,0,0,0,9,0,0,0,0,0,6,0,0
2250,[X6_X8_GET_req],2250,3,10,0,0,0,0,10,0,1,0,0,0,6,0,0
2251,REST_X8,2251,3,10,0,0,0,0,10,0,2,0,0,0,6,0,0
2252,REST_X8,2252,3,10,0,0,0,0,10,0,3,0,0,0,6,0,0
2253,[X6_X8_GET_resp_2xx],2253,3,10,0,0,0,0,3,0,0,0,0,0,6,0,0
2254,[X12_X6_GET_resp_2xx],2254,3,10,0,0,0,0,0,0,0,0,0,0,3,0,0
2255,[X1_X12_GET_resp_2xx],2255,3,3,0,0,0,0,0,0,0,0,0,0,0,0,0
2256,[X0_X1_GET_resp_2xx],2256,0,0,0,0,0,0,0,0,0,0,0,0,0,0,0
2257,REST_X0,2257,2,0,0,0,0,0,0,0,0,0,0,0,0,0,0
2258,[X0_X1_GET_req],2258,3,1,0,0,0,0,0,0,0,0,0,0,0,0,0
2259,REST_X1,2259,3,2,0,0,0,0,0,0,0,0,0,0,0,0,0
2260,REST_X1,2260,3,5,0,0,0,0,0,0,0,0,0,0,0,0,0
2261,[X1_X2_GET_req],2261,3,6,1,0,0,0,0,0,0,0,0,0,0,0,0
2262,REST_X2,2262,3,6,2,0,0,0,0,0,0,0,0,0,0,0,0
2263,REST_X2,2263,3,6,3,0,0,0,0,0,0,0,0,0,0,0,0
2264,[X1_X2_GET_resp_2xx],2264,3,3,0,0,0,0,0,0,0,0,0,0,0,0,0
2265,[X0_X1_GET_resp_2xx],2265,0,0,0,0,0,0,0,0,0,0,0,0,0,0,0
2266,REST_X0,2266,2,0,0,0,0,0,0,0,0,0,0,0,0,0,0
2267,[X0_X1_GET_req],2267,3,1,0,0,0,0,0,0,0,0,0,0,0,0,0
2268,REST_X1,2268,3,2,0,0,0,0,0,0,0,0,0,0,0,0,0
2269,REST_X1,2269,3,9,0,0,0,0,0,0,0,0,0,0,0,0,0
2270,[X1_X12_GET_req],2270,3,10,0,0,0,0,0,0,0,0,0,0,1,0,0
2271,REST_X12,2271,3,10,0,0,0,0,0,0,0,0,0,0,2,0,0
2272,REST_X12,2272,3,10,0,0,0,0,0,0,0,0,0,0,5,0,0
2273,[X12_X6_GET_req],2273,3,10,0,0,0,0,1,0,0,0,0,0,6,0,0
2274,REST_X6,2274,3,10,0,0,0,0,2,0,0,0,0,0,6,0,0
2275,REST_X6,2275,3,10,0,0,0,0,9,0,0,0,0,0,6,0,0
2276,[X6_X8_GET_req],2276,3,10,0,0,0,0,10,0,1,0,0,0,6,0,0
2277,REST_X8,2277,3,10,0,0,0,0,10,0,2,0,0,0,6,0,0
2278,REST_X8,2278,3,10,0,0,0,0,10,0,3,0,0,0,6,0,0
2279,[X6_X8_GET_resp_2xx],2279,3,10,0,0,0,0,3,0,0,0,0,0,6,0,0
2280,[X12_X6_GET_resp_2xx],2280,3,10,0,0,0,0,0,0,0,0,0,0,3,0,0
2281,[X1_X12_GET_resp_2xx],2281,3,3,0,0,0,0,0,0,0,0,0,0,0,0,0
2282,[X0_X1_GET_resp_2xx],2282,0,0,0,0,0,0,0,0,0,0,0,0,0,0,0
2283,REST_X0,2283,2,0,0,0,0,0,0,0,0,0,0,0,0,0,0
2284,[X0_X1_GET_req],2284,3,1,0,0,0,0,0,0,0,0,0,0,0,0,0
2285,REST_X1,2285,3,2,0,0,0,0,0,0,0,0,0,0,0,0,0
2286,REST_X1,2286,3,5,0,0,0,0,0,0,0,0,0,0,0,0,0
2287,[X1_X2_GET_req],2287,3,6,1,0,0,0,0,0,0,0,0,0,0,0,0
2288,REST_X2,2288,3,6,2,0,0,0,0,0,0,0,0,0,0,0,0
2289,REST_X2,2289,3,6,3,0,0,0,0,0,0,0,0,0,0,0,0
2290,[X1_X2_GET_resp_2xx],2290,3,3,0,0,0,0,0,0,0,0,0,0,0,0,0
2291,[X0_X1_GET_resp_2xx],2291,0,0,0,0,0,0,0,0,0,0,0,0,0,0,0
2292,REST_X0,2292,2,0,0,0,0,0,0,0,0,0,0,0,0,0,0
2293,[X0_X1_GET_req],2293,3,1,0,0,0,0,0,0,0,0,0,0,0,0,0
2294,REST_X1,2294,3,2,0,0,0,0,0,0,0,0,0,0,0,0,0
2295,REST_X1,2295,3,9,0,0,0,0,0,0,0,0,0,0,0,0,0
2296,[X1_X12_GET_req],2296,3,10,0,0,0,0,0,0,0,0,0,0,1,0,0
2297,REST_X12,2297,3,10,0,0,0,0,0,0,0,0,0,0,2,0,0
2298,REST_X12,2298,3,10,0,0,0,0,0,0,0,0,0,0,5,0,0
2299,[X12_X6_GET_req],2299,3,10,0,0,0,0,1,0,0,0,0,0,6,0,0
2300,REST_X6,2300,3,10,0,0,0,0,2,0,0,0,0,0,6,0,0
2301,REST_X6,2301,3,10,0,0,0,0,13,0,0,0,0,0,6,0,0
2302,[X6_X7_GET_req],2302,3,10,0,0,0,0,14,1,0,0,0,0,6,0,0
2303,REST_X7,2303,3,10,0,0,0,0,14,2,0,0,0,0,6,0,0
2304,REST_X7,2304,3,10,0,0,0,0,14,5,0,0,0,0,6,0,0
2305,[X7_X5_GET_req],2305,3,10,0,0,0,1,14,6,0,0,0,0,6,0,0
2306,REST_X5,2306,3,10,0,0,0,2,14,6,0,0,0,0,6,0,0
2307,REST_X5,2307,3,10,0,0,0,3,14,6,0,0,0,0,6,0,0
2308,[X7_X5_GET_resp_2xx],2308,3,10,0,0,0,0,14,3,0,0,0,0,6,0,0
2309,[X6_X7_GET_resp_2xx],2309,3,10,0,0,0,0,3,0,0,0,0,0,6,0,0
2310,[X12_X6_GET_resp_2xx],2310,3,10,0,0,0,0,0,0,0,0,0,0,3,0,0
2311,[X1_X12_GET_resp_2xx],2311,3,3,0,0,0,0,0,0,0,0,0,0,0,0,0
2312,[X0_X1_GET_resp_2xx],2312,0,0,0,0,0,0,0,0,0,0,0,0,0,0,0
2313,REST_X0,2313,2,0,0,0,0,0,0,0,0,0,0,0,0,0,0
2314,[X0_X1_GET_req],2314,3,1,0,0,0,0,0,0,0,0,0,0,0,0,0
2315,REST_X1,2315,3,2,0,0,0,0,0,0,0,0,0,0,0,0,0
2316,REST_X1,2316,3,9,0,0,0,0,0,0,0,0,0,0,0,0,0
2317,[X1_X12_GET_req],2317,3,10,0,0,0,0,0,0,0,0,0,0,1,0,0
2318,REST_X12,2318,3,10,0,0,0,0,0,0,0,0,0,0,2,0,0
2319,REST_X12,2319,3,10,0,0,0,0,0,0,0,0,0,0,5,0,0
2320,[X12_X6_GET_req],2320,3,10,0,0,0,0,1,0,0,0,0,0,6,0,0
2321,REST_X6,2321,3,10,0,0,0,0,2,0,0,0,0,0,6,0,0
2322,REST_X6,2322,3,10,0,0,0,0,5,0,0,0,0,0,6,0,0
2323,[X6_X3_GET_req],2323,3,10,0,1,0,0,6,0,0,0,0,0,6,0,0
2324,REST_X3,2324,3,10,0,2,0,0,6,0,0,0,0,0,6,0,0
2325,REST_X3,2325,3,10,0,3,0,0,6,0,0,0,0,0,6,0,0
2326,[X6_X3_GET_resp_2xx],2326,3,10,0,0,0,0,3,0,0,0,0,0,6,0,0
2327,[X12_X6_GET_resp_2xx],2327,3,10,0,0,0,0,0,0,0,0,0,0,3,0,0
2328,[X1_X12_GET_resp_2xx],2328,3,3,0,0,0,0,0,0,0,0,0,0,0,0,0
2329,[X0_X1_GET_resp_2xx],2329,0,0,0,0,0,0,0,0,0,0,0,0,0,0,0
2330,REST_X0,2330,2,0,0,0,0,0,0,0,0,0,0,0,0,0,0
2331,[X0_X1_GET_req],2331,3,1,0,0,0,0,0,0,0,0,0,0,0,0,0
2332,REST_X1,2332,3,2,0,0,0,0,0,0,0,0,0,0,0,0,0
2333,REST_X1,2333,3,9,0,0,0,0,0,0,0,0,0,0,0,0,0
2334,[X1_X12_GET_req],2334,3,10,0,0,0,0,0,0,0,0,0,0,1,0,0
2335,REST_X12,2335,3,10,0,0,0,0,0,0,0,0,0,0,2,0,0
2336,REST_X12,2336,3,10,0,0,0,0,0,0,0,0,0,0,5,0,0
2337,[X12_X6_GET_req],2337,3,10,0,0,0,0,1,0,0,0,0,0,6,0,0
2338,REST_X6,2338,3,10,0,0,0,0,2,0,0,0,0,0,6,0,0
2339,REST_X6,2339,3,10,0,0,0,0,5,0,0,0,0,0,6,0,0
2340,[X6_X3_GET_req],2340,3,10,0,1,0,0,6,0,0,0,0,0,6,0,0
2341,REST_X3,2341,3,10,0,2,0,0,6,0,0,0,0,0,6,0,0
2342,REST_X3,2342,3,10,0,3,0,0,6,0,0,0,0,0,6,0,0
2343,[X6_X3_GET_resp_2xx],2343,3,10,0,0,0,0,3,0,0,0,0,0,6,0,0
2344,[X12_X6_GET_resp_2xx],2344,3,10,0,0,0,0,0,0,0,0,0,0,3,0,0
2345,[X1_X12_GET_resp_2xx],2345,3,3,0,0,0,0,0,0,0,0,0,0,0,0,0
2346,[X0_X1_GET_resp_2xx],2346,0,0,0,0,0,0,0,0,0,0,0,0,0,0,0
2347,REST_X0,2347,2,0,0,0,0,0,0,0,0,0,0,0,0,0,0
2348,[X0_X1_GET_req],2348,3,1,0,0,0,0,0,0,0,0,0,0,0,0,0
2349,REST_X1,2349,3,2,0,0,0,0,0,0,0,0,0,0,0,0,0
2350,REST_X1,2350,3,5,0,0,0,0,0,0,0,0,0,0,0,0,0
2351,[X1_X2_GET_req],2351,3,6,1,0,0,0,0,0,0,0,0,0,0,0,0
2352,REST_X2,2352,3,6,2,0,0,0,0,0,0,0,0,0,0,0,0
2353,REST_X2,2353,3,6,3,0,0,0,0,0,0,0,0,0,0,0,0
2354,[X1_X2_GET_resp_2xx],2354,3,3,0,0,0,0,0,0,0,0,0,0,0,0,0
2355,[X0_X1_GET_resp_2xx],2355,0,0,0,0,0,0,0,0,0,0,0,0,0,0,0
2356,REST_X0,2356,2,0,0,0,0,0,0,0,0,0,0,0,0,0,0
2357,[X0_X1_GET_req],2357,3,1,0,0,0,0,0,0,0,0,0,0,0,0,0
2358,REST_X1,2358,3,2,0,0,0,0,0,0,0,0,0,0,0,0,0
2359,REST_X1,2359,3,5,0,0,0,0,0,0,0,0,0,0,0,0,0
2360,[X1_X2_GET_req],2360,3,6,1,0,0,0,0,0,0,0,0,0,0,0,0
2361,REST_X2,2361,3,6,2,0,0,0,0,0,0,0,0,0,0,0,0
2362,REST_X2,2362,3,6,3,0,0,0,0,0,0,0,0,0,0,0,0
2363,[X1_X2_GET_resp_2xx],2363,3,3,0,0,0,0,0,0,0,0,0,0,0,0,0
2364,[X0_X1_GET_resp_2xx],2364,0,0,0,0,0,0,0,0,0,0,0,0,0,0,0
2365,REST_X0,2365,2,0,0,0,0,0,0,0,0,0,0,0,0,0,0
2366,[X0_X1_GET_req],2366,3,1,0,0,0,0,0,0,0,0,0,0,0,0,0
2367,REST_X1,2367,3,2,0,0,0,0,0,0,0,0,0,0,0,0,0
2368,REST_X1,2368,3,9,0,0,0,0,0,0,0,0,0,0,0,0,0
2369,[X1_X12_GET_req],2369,3,10,0,0,0,0,0,0,0,0,0,0,1,0,0
2370,REST_X12,2370,3,10,0,0,0,0,0,0,0,0,0,0,2,0,0
2371,REST_X12,2371,3,10,0,0,0,0,0,0,0,0,0,0,5,0,0
2372,[X12_X6_GET_req],2372,3,10,0,0,0,0,1,0,0,0,0,0,6,0,0
2373,REST_X6,2373,3,10,0,0,0,0,2,0,0,0,0,0,6,0,0
2374,REST_X6,2374,3,10,0,0,0,0,9,0,0,0,0,0,6,0,0
2375,[X6_X8_GET_req],2375,3,10,0,0,0,0,10,0,1,0,0,0,6,0,0
2376,REST_X8,2376,3,10,0,0,0,0,10,0,2,0,0,0,6,0,0
2377,REST_X8,2377,3,10,0,0,0,0,10,0,3,0,0,0,6,0,0
2378,[X6_X8_GET_resp_2xx],2378,3,10,0,0,0,0,3,0,0,0,0,0,6,0,0
2379,[X12_X6_GET_resp_2xx],2379,3,10,0,0,0,0,0,0,0,0,0,0,3,0,0
2380,[X1_X12_GET_resp_2xx],2380,3,3,0,0,0,0,0,0,0,0,0,0,0,0,0
2381,[X0_X1_GET_resp_2xx],2381,0,0,0,0,0,0,0,0,0,0,0,0,0,0,0
2382,REST_X0,2382,2,0,0,0,0,0,0,0,0,0,0,0,0,0,0
2383,[X0_X1_GET_req],2383,3,1,0,0,0,0,0,0,0,0,0,0,0,0,0
2384,REST_X1,2384,3,2,0,0,0,0,0,0,0,0,0,0,0,0,0
2385,REST_X1,2385,3,9,0,0,0,0,0,0,0,0,0,0,0,0,0
2386,[X1_X12_GET_req],2386,3,10,0,0,0,0,0,0,0,0,0,0,1,0,0
2387,REST_X12,2387,3,10,0,0,0,0,0,0,0,0,0,0,2,0,0
2388,REST_X12,2388,3,10,0,0,0,0,0,0,0,0,0,0,5,0,0
2389,[X12_X6_GET_req],2389,3,10,0,0,0,0,1,0,0,0,0,0,6,0,0
2390,REST_X6,2390,3,10,0,0,0,0,2,0,0,0,0,0,6,0,0
2391,REST_X6,2391,3,10,0,0,0,0,13,0,0,0,0,0,6,0,0
2392,[X6_X7_GET_req],2392,3,10,0,0,0,0,14,1,0,0,0,0,6,0,0
2393,REST_X7,2393,3,10,0,0,0,0,14,2,0,0,0,0,6,0,0
2394,REST_X7,2394,3,10,0,0,0,0,14,5,0,0,0,0,6,0,0
2395,[X7_X5_GET_req],2395,3,10,0,0,0,1,14,6,0,0,0,0,6,0,0
2396,REST_X5,2396,3,10,0,0,0,2,14,6,0,0,0,0,6,0,0
2397,REST_X5,2397,3,10,0,0,0,3,14,6,0,0,0,0,6,0,0
2398,[X7_X5_GET_resp_2xx],2398,3,10,0,0,0,0,14,3,0,0,0,0,6,0,0
2399,[X6_X7_GET_resp_2xx],2399,3,10,0,0,0,0,3,0,0,0,0,0,6,0,0
2400,[X12_X6_GET_resp_2xx],2400,3,10,0,0,0,0,0,0,0,0,0,0,3,0,0
2401,[X1_X12_GET_resp_2xx],2401,3,3,0,0,0,0,0,0,0,0,0,0,0,0,0
2402,[X0_X1_GET_resp_2xx],2402,0,0,0,0,0,0,0,0,0,0,0,0,0,0,0
2403,REST_X0,2403,2,0,0,0,0,0,0,0,0,0,0,0,0,0,0
2404,[X0_X1_GET_req],2404,3,1,0,0,0,0,0,0,0,0,0,0,0,0,0
2405,REST_X1,2405,3,2,0,0,0,0,0,0,0,0,0,0,0,0,0
2406,REST_X1,2406,3,9,0,0,0,0,0,0,0,0,0,0,0,0,0
2407,[X1_X12_GET_req],2407,3,10,0,0,0,0,0,0,0,0,0,0,1,0,0
2408,REST_X12,2408,3,10,0,0,0,0,0,0,0,0,0,0,2,0,0
2409,REST_X12,2409,3,10,0,0,0,0,0,0,0,0,0,0,5,0,0
2410,[X12_X6_GET_req],2410,3,10,0,0,0,0,1,0,0,0,0,0,6,0,0
2411,REST_X6,2411,3,10,0,0,0,0,2,0,0,0,0,0,6,0,0
2412,REST_X6,2412,3,10,0,0,0,0,9,0,0,0,0,0,6,0,0
2413,[X6_X8_GET_req],2413,3,10,0,0,0,0,10,0,1,0,0,0,6,0,0
2414,REST_X8,2414,3,10,0,0,0,0,10,0,2,0,0,0,6,0,0
2415,REST_X8,2415,3,10,0,0,0,0,10,0,3,0,0,0,6,0,0
2416,[X6_X8_GET_resp_2xx],2416,3,10,0,0,0,0,3,0,0,0,0,0,6,0,0
2417,[X12_X6_GET_resp_2xx],2417,3,10,0,0,0,0,0,0,0,0,0,0,3,0,0
2418,[X1_X12_GET_resp_2xx],2418,3,3,0,0,0,0,0,0,0,0,0,0,0,0,0
2419,[X0_X1_GET_resp_2xx],2419,0,0,0,0,0,0,0,0,0,0,0,0,0,0,0
2420,REST_X0,2420,2,0,0,0,0,0,0,0,0,0,0,0,0,0,0
2421,[X0_X1_GET_req],2421,3,1,0,0,0,0,0,0,0,0,0,0,0,0,0
2422,REST_X1,2422,3,2,0,0,0,0,0,0,0,0,0,0,0,0,0
2423,REST_X1,2423,3,9,0,0,0,0,0,0,0,0,0,0,0,0,0
2424,[X1_X12_GET_req],2424,3,10,0,0,0,0,0,0,0,0,0,0,1,0,0
2425,REST_X12,2425,3,10,0,0,0,0,0,0,0,0,0,0,2,0,0
2426,REST_X12,2426,3,10,0,0,0,0,0,0,0,0,0,0,5,0,0
2427,[X12_X6_GET_req],2427,3,10,0,0,0,0,1,0,0,0,0,0,6,0,0
2428,REST_X6,2428,3,10,0,0,0,0,2,0,0,0,0,0,6,0,0
2429,REST_X6,2429,3,10,0,0,0,0,9,0,0,0,0,0,6,0,0
2430,[X6_X8_GET_req],2430,3,10,0,0,0,0,10,0,1,0,0,0,6,0,0
2431,REST_X8,2431,3,10,0,0,0,0,10,0,2,0,0,0,6,0,0
2432,REST_X8,2432,3,10,0,0,0,0,10,0,3,0,0,0,6,0,0
2433,[X6_X8_GET_resp_2xx],2433,3,10,0,0,0,0,3,0,0,0,0,0,6,0,0
2434,[X12_X6_GET_resp_2xx],2434,3,10,0,0,0,0,0,0,0,0,0,0,3,0,0
2435,[X1_X12_GET_resp_2xx],2435,3,3,0,0,0,0,0,0,0,0,0,0,0,0,0
2436,[X0_X1_GET_resp_2xx],2436,0,0,0,0,0,0,0,0,0,0,0,0,0,0,0
2437,REST_X0,2437,2,0,0,0,0,0,0,0,0,0,0,0,0,0,0
2438,[X0_X1_GET_req],2438,3,1,0,0,0,0,0,0,0,0,0,0,0,0,0
2439,REST_X1,2439,3,2,0,0,0,0,0,0,0,0,0,0,0,0,0
2440,REST_X1,2440,3,5,0,0,0,0,0,0,0,0,0,0,0,0,0
2441,[X1_X2_GET_req],2441,3,6,1,0,0,0,0,0,0,0,0,0,0,0,0
2442,REST_X2,2442,3,6,2,0,0,0,0,0,0,0,0,0,0,0,0
2443,REST_X2,2443,3,6,3,0,0,0,0,0,0,0,0,0,0,0,0
2444,[X1_X2_GET_resp_2xx],2444,3,3,0,0,0,0,0,0,0,0,0,0,0,0,0
2445,[X0_X1_GET_resp_2xx],2445,0,0,0,0,0,0,0,0,0,0,0,0,0,0,0
2446,REST_X0,2446,2,0,0,0,0,0,0,0,0,0,0,0,0,0,0
2447,[X0_X1_GET_req],2447,3,1,0,0,0,0,0,0,0,0,0,0,0,0,0
2448,REST_X1,2448,3,2,0,0,0,0,0,0,0,0,0,0,0,0,0
2449,REST_X1,2449,3,5,0,0,0,0,0,0,0,0,0,0,0,0,0
2450,[X1_X2_GET_req],2450,3,6,1,0,0,0,0,0,0,0,0,0,0,0,0
2451,REST_X2,2451,3,6,2,0,0,0,0,0,0,0,0,0,0,0,0
2452,REST_X2,2452,3,6,3,0,0,0,0,0,0,0,0,0,0,0,0
2453,[X1_X2_GET_resp_2xx],2453,3,3,0,0,0,0,0,0,0,0,0,0,0,0,0
2454,[X0_X1_GET_resp_2xx],2454,0,0,0,0,0,0,0,0,0,0,0,0,0,0,0
2455,REST_X0,2455,2,0,0,0,0,0,0,0,0,0,0,0,0,0,0
2456,[X0_X1_GET_req],2456,3,1,0,0,0,0,0,0,0,0,0,0,0,0,0
2457,REST_X1,2457,3,2,0,0,0,0,0,0,0,0,0,0,0,0,0
2458,REST_X1,2458,3,5,0,0,0,0,0,0,0,0,0,0,0,0,0
2459,[X1_X2_GET_req],2459,3,6,1,0,0,0,0,0,0,0,0,0,0,0,0
2460,REST_X2,2460,3,6,2,0,0,0,0,0,0,0,0,0,0,0,0
2461,REST_X2,2461,3,6,3,0,0,0,0,0,0,0,0,0,0,0,0
2462,[X1_X2_GET_resp_2xx],2462,3,3,0,0,0,0,0,0,0,0,0,0,0,0,0
2463,[X0_X1_GET_resp_2xx],2463,0,0,0,0,0,0,0,0,0,0,0,0,0,0,0
2464,REST_X0,2464,2,0,0,0,0,0,0,0,0,0,0,0,0,0,0
2465,[X0_X1_GET_req],2465,3,1,0,0,0,0,0,0,0,0,0,0,0,0,0
2466,REST_X1,2466,3,2,0,0,0,0,0,0,0,0,0,0,0,0,0
2467,REST_X1,2467,3,9,0,0,0,0,0,0,0,0,0,0,0,0,0
2468,[X1_X12_GET_req],2468,3,10,0,0,0,0,0,0,0,0,0,0,1,0,0
2469,REST_X12,2469,3,10,0,0,0,0,0,0,0,0,0,0,2,0,0
2470,REST_X12,2470,3,10,0,0,0,0,0,0,0,0,0,0,5,0,0
2471,[X12_X6_GET_req],2471,3,10,0,0,0,0,1,0,0,0,0,0,6,0,0
2472,REST_X6,2472,3,10,0,0,0,0,2,0,0,0,0,0,6,0,0
2473,REST_X6,2473,3,10,0,0,0,0,9,0,0,0,0,0,6,0,0
2474,[X6_X8_GET_req],2474,3,10,0,0,0,0,10,0,1,0,0,0,6,0,0
2475,REST_X8,2475,3,10,0,0,0,0,10,0,2,0,0,0,6,0,0
2476,REST_X8,2476,3,10,0,0,0,0,10,0,4,0,0,0,6,0,0
2477,[X6_X8_GET_resp_5xx],2477,3,10,0,0,0,0,11,0,0,0,0,0,6,0,0
2478,[X6_X8_GET_req],2478,3,10,0,0,0,0,12,0,1,0,0,0,6,0,0
2479,REST_X8,2479,3,10,0,0,0,0,12,0,2,0,0,0,6,0,0
2480,REST_X8,2480,3,10,0,0,0,0,12,0,3,0,0,0,6,0,0
2481,[X6_X8_GET_resp_2xx],2481,3,10,0,0,0,0,3,0,0,0,0,0,6,0,0
2482,[X12_X6_GET_resp_2xx],2482,3,10,0,0,0,0,0,0,0,0,0,0,3,0,0
2483,[X1_X12_GET_resp_2xx],2483,3,3,0,0,0,0,0,0,0,0,0,0,0,0,0
2484,[X0_X1_GET_resp_2xx],2484,0,0,0,0,0,0,0,0,0,0,0,0,0,0,0
2485,REST_X0,2485,2,0,0,0,0,0,0,0,0,0,0,0,0,0,0
2486,[X0_X1_GET_req],2486,3,1,0,0,0,0,0,0,0,0,0,0,0,0,0
2487,REST_X1,2487,3,2,0,0,0,0,0,0,0,0,0,0,0,0,0
2488,REST_X1,2488,3,9,0,0,0,0,0,0,0,0,0,0,0,0,0
2489,[X1_X12_GET_req],2489,3,10,0,0,0,0,0,0,0,0,0,0,1,0,0
2490,REST_X12,2490,3,10,0,0,0,0,0,0,0,0,0,0,2,0,0
2491,REST_X12,2491,3,10,0,0,0,0,0,0,0,0,0,0,5,0,0
2492,[X12_X6_GET_req],2492,3,10,0,0,0,0,1,0,0,0,0,0,6,0,0
2493,REST_X6,2493,3,10,0,0,0,0,2,0,0,0,0,0,6,0,0
2494,REST_X6,2494,3,10,0,0,0,0,13,0,0,0,0,0,6,0,0
2495,[X6_X7_GET_req],2495,3,10,0,0,0,0,14,1,0,0,0,0,6,0,0
2496,REST_X7,2496,3,10,0,0,0,0,14,2,0,0,0,0,6,0,0
2497,REST_X7,2497,3,10,0,0,0,0,14,9,0,0,0,0,6,0,0
2498,[X7_X9_GET_req],2498,3,10,0,0,0,0,14,10,0,1,0,0,6,0,0
2499,REST_X9,2499,3,10,0,0,0,0,14,10,0,2,0,0,6,0,0
2500,REST_X9,2500,3,10,0,0,0,0,14,10,0,9,0,0,6,0,0
2501,[X9_X4_GET_req],2501,3,10,0,0,1,0,14,10,0,10,0,0,6,0,0
2502,REST_X4,2502,3,10,0,0,2,0,14,10,0,10,0,0,6,0,0
2503,REST_X4,2503,3,10,0,0,9,0,14,10,0,10,0,0,6,0,0
2504,[X4_X14_GET_req],2504,3,10,0,0,10,0,14,10,0,10,0,0,6,0,1
2505,REST_X14,2505,3,10,0,0,10,0,14,10,0,10,0,0,6,0,2
2506,REST_X14,2506,3,10,0,0,10,0,14,10,0,10,0,0,6,0,5
2507,[X14_X13_GET_req],2507,3,10,0,0,10,0,14,10,0,10,0,0,6,1,6
2508,REST_X13,2508,3,10,0,0,10,0,14,10,0,10,0,0,6,2,6
2509,REST_X13,2509,3,10,0,0,10,0,14,10,0,10,0,0,6,3,6
2510,[X14_X13_GET_resp_2xx],2510,3,10,0,0,10,0,14,10,0,10,0,0,6,0,3
2511,[X4_X14_GET_resp_2xx],2511,3,10,0,0,3,0,14,10,0,10,0,0,6,0,0
2512,[X9_X4_GET_resp_2xx],2512,3,10,0,0,0,0,14,10,0,3,0,0,6,0,0
2513,[X7_X9_GET_resp_2xx],2513,3,10,0,0,0,0,14,3,0,0,0,0,6,0,0
2514,[X6_X7_GET_resp_2xx],2514,3,10,0,0,0,0,3,0,0,0,0,0,6,0,0
2515,[X12_X6_GET_resp_2xx],2515,3,10,0,0,0,0,0,0,0,0,0,0,3,0,0
2516,[X1_X12_GET_resp_2xx],2516,3,3,0,0,0,0,0,0,0,0,0,0,0,0,0
2517,[X0_X1_GET_resp_2xx],2517,0,0,0,0,0,0,0,0,0,0,0,0,0,0,0
2518,REST_X0,2518,2,0,0,0,0,0,0,0,0,0,0,0,0,0,0
2519,[X0_X1_GET_req],2519,3,1,0,0,0,0,0,0,0,0,0,0,0,0,0
2520,REST_X1,2520,3,2,0,0,0,0,0,0,0,0,0,0,0,0,0
2521,REST_X1,2521,3,5,0,0,0,0,0,0,0,0,0,0,0,0,0
2522,[X1_X2_GET_req],2522,3,6,1,0,0,0,0,0,0,0,0,0,0,0,0
2523,REST_X2,2523,3,6,2,0,0,0,0,0,0,0,0,0,0,0,0
2524,REST_X2,2524,3,6,3,0,0,0,0,0,0,0,0,0,0,0,0
2525,[X1_X2_GET_resp_2xx],2525,3,3,0,0,0,0,0,0,0,0,0,0,0,0,0
2526,[X0_X1_GET_resp_2xx],2526,0,0,0,0,0,0,0,0,0,0,0,0,0,0,0
2527,REST_X0,2527,2,0,0,0,0,0,0,0,0,0,0,0,0,0,0
2528,[X0_X1_GET_req],2528,3,1,0,0,0,0,0,0,0,0,0,0,0,0,0
2529,REST_X1,2529,3,2,0,0,0,0,0,0,0,0,0,0,0,0,0
2530,REST_X1,2530,3,5,0,0,0,0,0,0,0,0,0,0,0,0,0
2531,[X1_X2_GET_req],2531,3,6,1,0,0,0,0,0,0,0,0,0,0,0,0
2532,REST_X2,2532,3,6,2,0,0,0,0,0,0,0,0,0,0,0,0
2533,REST_X2,2533,3,6,3,0,0,0,0,0,0,0,0,0,0,0,0
2534,[X1_X2_GET_resp_2xx],2534,3,3,0,0,0,0,0,0,0,0,0,0,0,0,0
2535,[X0_X1_GET_resp_2xx],2535,0,0,0,0,0,0,0,0,0,0,0,0,0,0,0
2536,REST_X0,2536,2,0,0,0,0,0,0,0,0,0,0,0,0,0,0
2537,[X0_X1_GET_req],2537,3,1,0,0,0,0,0,0,0,0,0,0,0,0,0
2538,REST_X1,2538,3,2,0,0,0,0,0,0,0,0,0,0,0,0,0
2539,REST_X1,2539,3,9,0,0,0,0,0,0,0,0,0,0,0,0,0
2540,[X1_X12_GET_req],2540,3,10,0,0,0,0,0,0,0,0,0,0,1,0,0
2541,REST_X12,2541,3,10,0,0,0,0,0,0,0,0,0,0,2,0,0
2542,REST_X12,2542,3,10,0,0,0,0,0,0,0,0,0,0,5,0,0
2543,[X12_X6_GET_req],2543,3,10,0,0,0,0,1,0,0,0,0,0,6,0,0
2544,REST_X6,2544,3,10,0,0,0,0,2,0,0,0,0,0,6,0,0
2545,REST_X6,2545,3,10,0,0,0,0,9,0,0,0,0,0,6,0,0
2546,[X6_X8_GET_req],2546,3,10,0,0,0,0,10,0,1,0,0,0,6,0,0
2547,REST_X8,2547,3,10,0,0,0,0,10,0,2,0,0,0,6,0,0
2548,REST_X8,2548,3,10,0,0,0,0,10,0,3,0,0,0,6,0,0
2549,[X6_X8_GET_resp_2xx],2549,3,10,0,0,0,0,3,0,0,0,0,0,6,0,0
2550,[X12_X6_GET_resp_2xx],2550,3,10,0,0,0,0,0,0,0,0,0,0,3,0,0
2551,[X1_X12_GET_resp_2xx],2551,3,3,0,0,0,0,0,0,0,0,0,0,0,0,0
2552,[X0_X1_GET_resp_2xx],2552,0,0,0,0,0,0,0,0,0,0,0,0,0,0,0
2553,REST_X0,2553,2,0,0,0,0,0,0,0,0,0,0,0,0,0,0
2554,[X0_X1_GET_req],2554,3,1,0,0,0,0,0,0,0,0,0,0,0,0,0
2555,REST_X1,2555,3,2,0,0,0,0,0,0,0,0,0,0,0,0,0
2556,REST_X1,2556,3,5,0,0,0,0,0,0,0,0,0,0,0,0,0
2557,[X1_X2_GET_req],2557,3,6,1,0,0,0,0,0,0,0,0,0,0,0,0
2558,REST_X2,2558,3,6,2,0,0,0,0,0,0,0,0,0,0,0,0
2559,REST_X2,2559,3,6,3,0,0,0,0,0,0,0,0,0,0,0,0
2560,[X1_X2_GET_resp_2xx],2560,3,3,0,0,0,0,0,0,0,0,0,0,0,0,0
2561,[X0_X1_GET_resp_2xx],2561,0,0,0,0,0,0,0,0,0,0,0,0,0,0,0
2562,REST_X0,2562,2,0,0,0,0,0,0,0,0,0,0,0,0,0,0
2563,[X0_X1_GET_req],2563,3,1,0,0,0,0,0,0,0,0,0,0,0,0,0
2564,REST_X1,2564,3,2,0,0,0,0,0,0,0,0,0,0,0,0,0
2565,REST_X1,2565,3,9,0,0,0,0,0,0,0,0,0,0,0,0,0
2566,[X1_X12_GET_req],2566,3,10,0,0,0,0,0,0,0,0,0,0,1,0,0
2567,REST_X12,2567,3,10,0,0,0,0,0,0,0,0,0,0,2,0,0
2568,REST_X12,2568,3,10,0,0,0,0,0,0,0,0,0,0,5,0,0
2569,[X12_X6_GET_req],2569,3,10,0,0,0,0,1,0,0,0,0,0,6,0,0
2570,REST_X6,2570,3,10,0,0,0,0,2,0,0,0,0,0,6,0,0
2571,REST_X6,2571,3,10,0,0,0,0,5,0,0,0,0,0,6,0,0
2572,[X6_X3_GET_req],2572,3,10,0,1,0,0,6,0,0,0,0,0,6,0,0
2573,REST_X3,2573,3,10,0,2,0,0,6,0,0,0,0,0,6,0,0
2574,REST_X3,2574,3,10,0,3,0,0,6,0,0,0,0,0,6,0,0
2575,[X6_X3_GET_resp_2xx],2575,3,10,0,0,0,0,3,0,0,0,0,0,6,0,0
2576,[X12_X6_GET_resp_2xx],2576,3,10,0,0,0,0,0,0,0,0,0,0,3,0,0
2577,[X1_X12_GET_resp_2xx],2577,3,3,0,0,0,0,0,0,0,0,0,0,0,0,0
2578,[X0_X1_GET_resp_2xx],2578,0,0,0,0,0,0,0,0,0,0,0,0,0,0,0
2579,REST_X0,2579,2,0,0,0,0,0,0,0,0,0,0,0,0,0,0
2580,[X0_X1_GET_req],2580,3,1,0,0,0,0,0,0,0,0,0,0,0,0,0
2581,REST_X1,2581,3,2,0,0,0,0,0,0,0,0,0,0,0,0,0
2582,REST_X1,2582,3,9,0,0,0,0,0,0,0,0,0,0,0,0,0
2583,[X1_X12_GET_req],2583,3,10,0,0,0,0,0,0,0,0,0,0,1,0,0
2584,REST_X12,2584,3,10,0,0,0,0,0,0,0,0,0,0,2,0,0
2585,REST_X12,2585,3,10,0,0,0,0,0,0,0,0,0,0,5,0,0
2586,[X12_X6_GET_req],2586,3,10,0,0,0,0,1,0,0,0,0,0,6,0,0
2587,REST_X6,2587,3,10,0,0,0,0,2,0,0,0,0,0,6,0,0
2588,REST_X6,2588,3,10,0,0,0,0,5,0,0,0,0,0,6,0,0
2589,[X6_X3_GET_req],2589,3,10,0,1,0,0,6,0,0,0,0,0,6,0,0
2590,REST_X3,2590,3,10,0,2,0,0,6,0,0,0,0,0,6,0,0
2591,REST_X3,2591,3,10,0,3,0,0,6,0,0,0,0,0,6,0,0
2592,[X6_X3_GET_resp_2xx],2592,3,10,0,0,0,0,3,0,0,0,0,0,6,0,0
2593,[X12_X6_GET_resp_2xx],2593,3,10,0,0,0,0,0,0,0,0,0,0,3,0,0
2594,[X1_X12_GET_resp_2xx],2594,3,3,0,0,0,0,0,0,0,0,0,0,0,0,0
2595,[X0_X1_GET_resp_2xx],2595,0,0,0,0,0,0,0,0,0,0,0,0,0,0,0
2596,REST_X0,2596,2,0,0,0,0,0,0,0,0,0,0,0,0,0,0
2597,[X0_X1_GET_req],2597,3,1,0,0,0,0,0,0,0,0,0,0,0,0,0
2598,REST_X1,2598,3,2,0,0,0,0,0,0,0,0,0,0,0,0,0
2599,REST_X1,2599,3,5,0,0,0,0,0,0,0,0,0,0,0,0,0
2600,[X1_X2_GET_req],2600,3,6,1,0,0,0,0,0,0,0,0,0,0,0,0
2601,REST_X2,2601,3,6,2,0,0,0,0,0,0,0,0,0,0,0,0
2602,REST_X2,2602,3,6,3,0,0,0,0,0,0,0,0,0,0,0,0
2603,[X1_X2_GET_resp_2xx],2603,3,3,0,0,0,0,0,0,0,0,0,0,0,0,0
2604,[X0_X1_GET_resp_2xx],2604,0,0,0,0,0,0,0,0,0,0,0,0,0,0,0
2605,REST_X0,2605,2,0,0,0,0,0,0,0,0,0,0,0,0,0,0
2606,[X0_X1_GET_req],2606,3,1,0,0,0,0,0,0,0,0,0,0,0,0,0
2607,REST_X1,2607,3,2,0,0,0,0,0,0,0,0,0,0,0,0,0
2608,REST_X1,2608,3,5,0,0,0,0,0,0,0,0,0,0,0,0,0
2609,[X1_X2_GET_req],2609,3,6,1,0,0,0,0,0,0,0,0,0,0,0,0
2610,REST_X2,2610,3,6,2,0,0,0,0,0,0,0,0,0,0,0,0
2611,REST_X2,2611,3,6,3,0,0,0,0,0,0,0,0,0,0,0,0
2612,[X1_X2_GET_resp_2xx],2612,3,3,0,0,0,0,0,0,0,0,0,0,0,0,0
2613,[X0_X1_GET_resp_2xx],2613,0,0,0,0,0,0,0,0,0,0,0,0,0,0,0
2614,REST_X0,2614,2,0,0,0,0,0,0,0,0,0,0,0,0,0,0
2615,[X0_X1_GET_req],2615,3,1,0,0,0,0,0,0,0,0,0,0,0,0,0
2616,REST_X1,2616,3,2,0,0,0,0,0,0,0,0,0,0,0,0,0
2617,REST_X1,2617,3,5,0,0,0,0,0,0,0,0,0,0,0,0,0
2618,[X1_X2_GET_req],2618,3,6,1,0,0,0,0,0,0,0,0,0,0,0,0
2619,REST_X2,2619,3,6,2,0,0,0,0,0,0,0,0,0,0,0,0
2620,REST_X2,2620,3,6,3,0,0,0,0,0,0,0,0,0,0,0,0
2621,[X1_X2_GET_resp_2xx],2621,3,3,0,0,0,0,0,0,0,0,0,0,0,0,0
2622,[X0_X1_GET_resp_2xx],2622,0,0,0,0,0,0,0,0,0,0,0,0,0,0,0
2623,REST_X0,2623,2,0,0,0,0,0,0,0,0,0,0,0,0,0,0
2624,[X0_X1_GET_req],2624,3,1,0,0,0,0,0,0,0,0,0,0,0,0,0
2625,REST_X1,2625,3,2,0,0,0,0,0,0,0,0,0,0,0,0,0
2626,REST_X1,2626,3,9,0,0,0,0,0,0,0,0,0,0,0,0,0
2627,[X1_X12_GET_req],2627,3,10,0,0,0,0,0,0,0,0,0,0,1,0,0
2628,REST_X12,2628,3,10,0,0,0,0,0,0,0,0,0,0,2,0,0
2629,REST_X12,2629,3,10,0,0,0,0,0,0,0,0,0,0,5,0,0
2630,[X12_X6_GET_req],2630,3,10,0,0,0,0,1,0,0,0,0,0,6,0,0
2631,REST_X6,2631,3,10,0,0,0,0,2,0,0,0,0,0,6,0,0
2632,REST_X6,2632,3,10,0,0,0,0,13,0,0,0,0,0,6,0,0
2633,[X6_X7_GET_req],2633,3,10,0,0,0,0,14,1,0,0,0,0,6,0,0
2634,REST_X7,2634,3,10,0,0,0,0,14,2,0,0,0,0,6,0,0
2635,REST_X7,2635,3,10,0,0,0,0,14,9,0,0,0,0,6,0,0
2636,[X7_X9_GET_req],2636,3,10,0,0,0,0,14,10,0,1,0,0,6,0,0
2637,REST_X9,2637,3,10,0,0,0,0,14,10,0,2,0,0,6,0,0
2638,REST_X9,2638,3,10,0,0,0,0,14,10,0,9,0,0,6,0,0
2639,[X9_X4_GET_req],2639,3,10,0,0,1,0,14,10,0,10,0,0,6,0,0
2640,REST_X4,2640,3,10,0,0,2,0,14,10,0,10,0,0,6,0,0
2641,REST_X4,2641,3,10,0,0,9,0,14,10,0,10,0,0,6,0,0
2642,[X4_X14_GET_req],2642,3,10,0,0,10,0,14,10,0,10,0,0,6,0,1
2643,REST_X14,2643,3,10,0,0,10,0,14,10,0,10,0,0,6,0,2
2644,REST_X14,2644,3,10,0,0,10,0,14,10,0,10,0,0,6,0,5
2645,[X14_X13_GET_req],2645,3,10,0,0,10,0,14,10,0,10,0,0,6,1,6
2646,REST_X13,2646,3,10,0,0,10,0,14,10,0,10,0,0,6,2,6
2647,REST_X13,2647,3,10,0,0,10,0,14,10,0,10,0,0,6,3,6
2648,[X14_X13_GET_resp_2xx],2648,3,10,0,0,10,0,14,10,0,10,0,0,6,0,3
2649,[X4_X14_GET_resp_2xx],2649,3,10,0,0,3,0,14,10,0,10,0,0,6,0,0
2650,[X9_X4_GET_resp_2xx],2650,3,10,0,0,0,0,14,10,0,3,0,0,6,0,0
2651,[X7_X9_GET_resp_2xx],2651,3,10,0,0,0,0,14,3,0,0,0,0,6,0,0
2652,[X6_X7_GET_resp_2xx],2652,3,10,0,0,0,0,3,0,0,0,0,0,6,0,0
2653,[X12_X6_GET_resp_2xx],2653,3,10,0,0,0,0,0,0,0,0,0,0,3,0,0
2654,[X1_X12_GET_resp_2xx],2654,3,3,0,0,0,0,0,0,0,0,0,0,0,0,0
2655,[X0_X1_GET_resp_2xx],2655,0,0,0,0,0,0,0,0,0,0,0,0,0,0,0
2656,REST_X0,2656,2,0,0,0,0,0,0,0,0,0,0,0,0,0,0
2657,[X0_X1_GET_req],2657,3,1,0,0,0,0,0,0,0,0,0,0,0,0,0
2658,REST_X1,2658,3,2,0,0,0,0,0,0,0,0,0,0,0,0,0
2659,REST_X1,2659,3,5,0,0,0,0,0,0,0,0,0,0,0,0,0
2660,[X1_X2_GET_req],2660,3,6,1,0,0,0,0,0,0,0,0,0,0,0,0
2661,REST_X2,2661,3,6,2,0,0,0,0,0,0,0,0,0,0,0,0
2662,REST_X2,2662,3,6,3,0,0,0,0,0,0,0,0,0,0,0,0
2663,[X1_X2_GET_resp_2xx],2663,3,3,0,0,0,0,0,0,0,0,0,0,0,0,0
2664,[X0_X1_GET_resp_2xx],2664,0,0,0,0,0,0,0,0,0,0,0,0,0,0,0
2665,REST_X0,2665,2,0,0,0,0,0,0,0,0,0,0,0,0,0,0
2666,[X0_X1_GET_req],2666,3,1,0,0,0,0,0,0,0,0,0,0,0,0,0
2667,REST_X1,2667,3,2,0,0,0,0,0,0,0,0,0,0,0,0,0
2668,REST_X1,2668,3,9,0,0,0,0,0,0,0,0,0,0,0,0,0
2669,[X1_X12_GET_req],2669,3,10,0,0,0,0,0,0,0,0,0,0,1,0,0
2670,REST_X12,2670,3,10,0,0,0,0,0,0,0,0,0,0,2,0,0
2671,REST_X12,2671,3,10,0,0,0,0,0,0,0,0,0,0,5,0,0
2672,[X12_X6_GET_req],2672,3,10,0,0,0,0,1,0,0,0,0,0,6,0,0
2673,REST_X6,2673,3,10,0,0,0,0,2,0,0,0,0,0,6,0,0
2674,REST_X6,2674,3,10,0,0,0,0,5,0,0,0,0,0,6,0,0
2675,[X6_X3_GET_req],2675,3,10,0,1,0,0,6,0,0,0,0,0,6,0,0
2676,REST_X3,2676,3,10,0,2,0,0,6,0,0,0,0,0,6,0,0
2677,REST_X3,2677,3,10,0,3,0,0,6,0,0,0,0,0,6,0,0
2678,[X6_X3_GET_resp_2xx],2678,3,10,0,0,0,0,3,0,0,0,0,0,6,0,0
2679,[X12_X6_GET_resp_2xx],2679,3,10,0,0,0,0,0,0,0,0,0,0,3,0,0
2680,[X1_X12_GET_resp_2xx],2680,3,3,0,0,0,0,0,0,0,0,0,0,0,0,0
2681,[X0_X1_GET_resp_2xx],2681,0,0,0,0,0,0,0,0,0,0,0,0,0,0,0
2682,REST_X0,2682,2,0,0,0,0,0,0,0,0,0,0,0,0,0,0
2683,[X0_X1_GET_req],2683,3,1,0,0,0,0,0,0,0,0,0,0,0,0,0
2684,REST_X1,2684,3,2,0,0,0,0,0,0,0,0,0,0,0,0,0
2685,REST_X1,2685,3,5,0,0,0,0,0,0,0,0,0,0,0,0,0
2686,[X1_X2_GET_req],2686,3,6,1,0,0,0,0,0,0,0,0,0,0,0,0
2687,REST_X2,2687,3,6,2,0,0,0,0,0,0,0,0,0,0,0,0
2688,REST_X2,2688,3,6,4,0,0,0,0,0,0,0,0,0,0,0,0
2689,[X1_X2_GET_resp_5xx],2689,3,7,0,0,0,0,0,0,0,0,0,0,0,0,0
2690,[X1_X2_GET_req],2690,3,8,1,0,0,0,0,0,0,0,0,0,0,0,0
2691,REST_X2,2691,3,8,2,0,0,0,0,0,0,0,0,0,0,0,0
2692,REST_X2,2692,3,8,3,0,0,0,0,0,0,0,0,0,0,0,0
2693,[X1_X2_GET_resp_2xx],2693,3,3,0,0,0,0,0,0,0,0,0,0,0,0,0
2694,[X0_X1_GET_resp_2xx],2694,0,0,0,0,0,0,0,0,0,0,0,0,0,0,0
2695,REST_X0,2695,2,0,0,0,0,0,0,0,0,0,0,0,0,0,0
2696,[X0_X1_GET_req],2696,3,1,0,0,0,0,0,0,0,0,0,0,0,0,0
2697,REST_X1,2697,3,2,0,0,0,0,0,0,0,0,0,0,0,0,0
2698,REST_X1,2698,3,5,0,0,0,0,0,0,0,0,0,0,0,0,0
2699,[X1_X2_GET_req],2699,3,6,1,0,0,0,0,0,0,0,0,0,0,0,0
2700,REST_X2,2700,3,6,2,0,0,0,0,0,0,0,0,0,0,0,0
2701,REST_X2,2701,3,6,3,0,0,0,0,0,0,0,0,0,0,0,0
2702,[X1_X2_GET_resp_2xx],2702,3,3,0,0,0,0,0,0,0,0,0,0,0,0,0
2703,[X0_X1_GET_resp_2xx],2703,0,0,0,0,0,0,0,0,0,0,0,0,0,0,0
2704,REST_X0,2704,2,0,0,0,0,0,0,0,0,0,0,0,0,0,0
2705,[X0_X1_GET_req],2705,3,1,0,0,0,0,0,0,0,0,0,0,0,0,0
2706,REST_X1,2706,3,2,0,0,0,0,0,0,0,0,0,0,0,0,0
2707,REST_X1,2707,3,9,0,0,0,0,0,0,0,0,0,0,0,0,0
2708,[X1_X12_GET_req],2708,3,10,0,0,0,0,0,0,0,0,0,0,1,0,0
2709,REST_X12,2709,3,10,0,0,0,0,0,0,0,0,0,0,2,0,0
2710,REST_X12,2710,3,10,0,0,0,0,0,0,0,0,0,0,5,0,0
2711,[X12_X6_GET_req],2711,3,10,0,0,0,0,1,0,0,0,0,0,6,0,0
2712,REST_X6,2712,3,10,0,0,0,0,2,0,0,0,0,0,6,0,0
2713,REST_X6,2713,3,10,0,0,0,0,13,0,0,0,0,0,6,0,0
2714,[X6_X7_GET_req],2714,3,10,0,0,0,0,14,1,0,0,0,0,6,0,0
2715,REST_X7,2715,3,10,0,0,0,0,14,2,0,0,0,0,6,0,0
2716,REST_X7,2716,3,10,0,0,0,0,14,5,0,0,0,0,6,0,0
2717,[X7_X5_GET_req],2717,3,10,0,0,0,1,14,6,0,0,0,0,6,0,0
2718,REST_X5,2718,3,10,0,0,0,2,14,6,0,0,0,0,6,0,0
2719,REST_X5,2719,3,10,0,0,0,3,14,6,0,0,0,0,6,0,0
2720,[X7_X5_GET_resp_2xx],2720,3,10,0,0,0,0,14,3,0,0,0,0,6,0,0
2721,[X6_X7_GET_resp_2xx],2721,3,10,0,0,0,0,3,0,0,0,0,0,6,0,0
2722,[X12_X6_GET_resp_2xx],2722,3,10,0,0,0,0,0,0,0,0,0,0,3,0,0
2723,[X1_X12_GET_resp_2xx],2723,3,3,0,0,0,0,0,0,0,0,0,0,0,0,0
2724,[X0_X1_GET_resp_2xx],2724,0,0,0,0,0,0,0,0,0,0,0,0,0,0,0
2725,REST_X0,2725,2,0,0,0,0,0,0,0,0,0,0,0,0,0,0
2726,[X0_X1_GET_req],2726,3,1,0,0,0,0,0,0,0,0,0,0,0,0,0
2727,REST_X1,2727,3,2,0,0,0,0,0,0,0,0,0,0,0,0,0
2728,REST_X1,2728,3,9,0,0,0,0,0,0,0,0,0,0,0,0,0
2729,[X1_X12_GET_req],2729,3,10,0,0,0,0,0,0,0,0,0,0,1,0,0
2730,REST_X12,2730,3,10,0,0,0,0,0,0,0,0,0,0,2,0,0
2731,REST_X12,2731,3,10,0,0,0,0,0,0,0,0,0,0,5,0,0
2732,[X12_X6_GET_req],2732,3,10,0,0,0,0,1,0,0,0,0,0,6,0,0
2733,REST_X6,2733,3,10,0,0,0,0,2,0,0,0,0,0,6,0,0
2734,REST_X6,2734,3,10,0,0,0,0,5,0,0,0,0,0,6,0,0
2735,[X6_X3_GET_req],2735,3,10,0,1,0,0,6,0,0,0,0,0,6,0,0
2736,REST_X3,2736,3,10,0,2,0,0,6,0,0,0,0,0,6,0,0
2737,REST_X3,2737,3,10,0,3,0,0,6,0,0,0,0,0,6,0,0
2738,[X6_X3_GET_resp_2xx],2738,3,10,0,0,0,0,3,0,0,0,0,0,6,0,0
2739,[X12_X6_GET_resp_2xx],2739,3,10,0,0,0,0,0,0,0,0,0,0,3,0,0
2740,[X1_X12_GET_resp_2xx],2740,3,3,0,0,0,0,0,0,0,0,0,0,0,0,0
2741,[X0_X1_GET_resp_2xx],2741,0,0,0,0,0,0,0,0,0,0,0,0,0,0,0
2742,REST_X0,2742,2,0,0,0,0,0,0,0,0,0,0,0,0,0,0
2743,[X0_X1_GET_req],2743,3,1,0,0,0,0,0,0,0,0,0,0,0,0,0
2744,REST_X1,2744,3,2,0,0,0,0,0,0,0,0,0,0,0,0,0
2745,REST_X1,2745,3,5,0,0,0,0,0,0,0,0,0,0,0,0,0
2746,[X1_X2_GET_req],2746,3,6,1,0,0,0,0,0,0,0,0,0,0,0,0
2747,REST_X2,2747,3,6,2,0,0,0,0,0,0,0,0,0,0,0,0
2748,REST_X2,2748,3,6,3,0,0,0,0,0,0,0,0,0,0,0,0
2749,[X1_X2_GET_resp_2xx],2749,3,3,0,0,0,0,0,0,0,0,0,0,0,0,0
2750,[X0_X1_GET_resp_2xx],2750,0,0,0,0,0,0,0,0,0,0,0,0,0,0,0
2751,REST_X0,2751,2,0,0,0,0,0,0,0,0,0,0,0,0,0,0
2752,[X0_X1_GET_req],2752,3,1,0,0,0,0,0,0,0,0,0,0,0,0,0
2753,REST_X1,2753,3,2,0,0,0,0,0,0,0,0,0,0,0,0,0
2754,REST_X1,2754,3,5,0,0,0,0,0,0,0,0,0,0,0,0,0
2755,[X1_X2_GET_req],2755,3,6,1,0,0,0,0,0,0,0,0,0,0,0,0
2756,REST_X2,2756,3,6,2,0,0,0,0,0,0,0,0,0,0,0,0
2757,REST_X2,2757,3,6,3,0,0,0,0,0,0,0,0,0,0,0,0
2758,[X1_X2_GET_resp_2xx],2758,3,3,0,0,0,0,0,0,0,0,0,0,0,0,0
2759,[X0_X1_GET_resp_2xx],2759,0,0,0,0,0,0,0,0,0,0,0,0,0,0,0
2760,REST_X0,2760,2,0,0,0,0,0,0,0,0,0,0,0,0,0,0
2761,[X0_X1_GET_req],2761,3,1,0,0,0,0,0,0,0,0,0,0,0,0,0
2762,REST_X1,2762,3,2,0,0,0,0,0,0,0,0,0,0,0,0,0
2763,REST_X1,2763,3,5,0,0,0,0,0,0,0,0,0,0,0,0,0
2764,[X1_X2_GET_req],2764,3,6,1,0,0,0,0,0,0,0,0,0,0,0,0
2765,REST_X2,2765,3,6,2,0,0,0,0,0,0,0,0,0,0,0,0
2766,REST_X2,2766,3,6,3,0,0,0,0,0,0,0,0,0,0,0,0
2767,[X1_X2_GET_resp_2xx],2767,3,3,0,0,0,0,0,0,0,0,0,0,0,0,0
2768,[X0_X1_GET_resp_2xx],2768,0,0,0,0,0,0,0,0,0,0,0,0,0,0,0
2769,REST_X0,2769,2,0,0,0,0,0,0,0,0,0,0,0,0,0,0
2770,[X0_X1_GET_req],2770,3,1,0,0,0,0,0,0,0,0,0,0,0,0,0
2771,REST_X1,2771,3,2,0,0,0,0,0,0,0,0,0,0,0,0,0
2772,REST_X1,2772,3,9,0,0,0,0,0,0,0,0,0,0,0,0,0
2773,[X1_X12_GET_req],2773,3,10,0,0,0,0,0,0,0,0,0,0,1,0,0
2774,REST_X12,2774,3,10,0,0,0,0,0,0,0,0,0,0,2,0,0
2775,REST_X12,2775,3,10,0,0,0,0,0,0,0,0,0,0,5,0,0
2776,[X12_X6_GET_req],2776,3,10,0,0,0,0,1,0,0,0,0,0,6,0,0
2777,REST_X6,2777,3,10,0,0,0,0,2,0,0,0,0,0,6,0,0
2778,REST_X6,2778,3,10,0,0,0,0,9,0,0,0,0,0,6,0,0
2779,[X6_X8_GET_req],2779,3,10,0,0,0,0,10,0,1,0,0,0,6,0,0
2780,REST_X8,2780,3,10,0,0,0,0,10,0,2,0,0,0,6,0,0
2781,REST_X8,2781,3,10,0,0,0,0,10,0,3,0,0,0,6,0,0
2782,[X6_X8_GET_resp_2xx],2782,3,10,0,0,0,0,3,0,0,0,0,0,6,0,0
2783,[X12_X6_GET_resp_2xx],2783,3,10,0,0,0,0,0,0,0,0,0,0,3,0,0
2784,[X1_X12_GET_resp_2xx],2784,3,3,0,0,0,0,0,0,0,0,0,0,0,0,0
2785,[X0_X1_GET_resp_2xx],2785,0,0,0,0,0,0,0,0,0,0,0,0,0,0,0
2786,REST_X0,2786,2,0,0,0,0,0,0,0,0,0,0,0,0,0,0
2787,[X0_X1_GET_req],2787,3,1,0,0,0,0,0,0,0,0,0,0,0,0,0
2788,REST_X1,2788,3,2,0,0,0,0,0,0,0,0,0,0,0,0,0
2789,REST_X1,2789,3,9,0,0,0,0,0,0,0,0,0,0,0,0,0
2790,[X1_X12_GET_req],2790,3,10,0,0,0,0,0,0,0,0,0,0,1,0,0
2791,REST_X12,2791,3,10,0,0,0,0,0,0,0,0,0,0,2,0,0
2792,REST_X12,2792,3,10,0,0,0,0,0,0,0,0,0,0,5,0,0
2793,[X12_X6_GET_req],2793,3,10,0,0,0,0,1,0,0,0,0,0,6,0,0
2794,REST_X6,2794,3,10,0,0,0,0,2,0,0,0,0,0,6,0,0
2795,REST_X6,2795,3,10,0,0,0,0,13,0,0,0,0,0,6,0,0
2796,[X6_X7_GET_req],2796,3,10,0,0,0,0,14,1,0,0,0,0,6,0,0
2797,REST_X7,2797,3,10,0,0,0,0,14,2,0,0,0,0,6,0,0
2798,REST_X7,2798,3,10,0,0,0,0,14,9,0,0,0,0,6,0,0
2799,[X7_X9_GET_req],2799,3,10,0,0,0,0,14,10,0,1,0,0,6,0,0
2800,REST_X9,2800,3,10,0,0,0,0,14,10,0,2,0,0,6,0,0
2801,REST_X9,2801,3,10,0,0,0,0,14,10,0,9,0,0,6,0,0
2802,[X9_X4_GET_req],2802,3,10,0,0,1,0,14,10,0,10,0,0,6,0,0
2803,REST_X4,2803,3,10,0,0,2,0,14,10,0,10,0,0,6,0,0
2804,REST_X4,2804,3,10,0,0,9,0,14,10,0,10,0,0,6,0,0
2805,[X4_X14_GET_req],2805,3,10,0,0,10,0,14,10,0,10,0,0,6,0,1
2806,REST_X14,2806,3,10,0,0,10,0,14,10,0,10,0,0,6,0,2
2807,REST_X14,2807,3,10,0,0,10,0,14,10,0,10,0,0,6,0,5
2808,[X14_X13_GET_req],2808,3,10,0,0,10,0,14,10,0,10,0,0,6,1,6
2809,REST_X13,2809,3,10,0,0,10,0,14,10,0,10,0,0,6,2,6
2810,REST_X13,2810,3,10,0,0,10,0,14,10,0,10,0,0,6,3,6
2811,[X14_X13_GET_resp_2xx],2811,3,10,0,0,10,0,14,10,0,10,0,0,6,0,3
2812,[X4_X14_GET_resp_2xx],2812,3,10,0,0,3,0,14,10,0,10,0,0,6,0,0
2813,[X9_X4_GET_resp_2xx],2813,3,10,0,0,0,0,14,10,0,3,0,0,6,0,0
2814,[X7_X9_GET_resp_2xx],2814,3,10,0,0,0,0,14,3,0,0,0,0,6,0,0
2815,[X6_X7_GET_resp_2xx],2815,3,10,0,0,0,0,3,0,0,0,0,0,6,0,0
2816,[X12_X6_GET_resp_2xx],2816,3,10,0,0,0,0,0,0,0,0,0,0,3,0,0
2817,[X1_X12_GET_resp_2xx],2817,3,3,0,0,0,0,0,0,0,0,0,0,0,0,0
2818,[X0_X1_GET_resp_2xx],2818,0,0,0,0,0,0,0,0,0,0,0,0,0,0,0
2819,REST_X0,2819,2,0,0,0,0,0,0,0,0,0,0,0,0,0,0
2820,[X0_X1_GET_req],2820,3,1,0,0,0,0,0,0,0,0,0,0,0,0,0
2821,REST_X1,2821,3,2,0,0,0,0,0,0,0,0,0,0,0,0,0
2822,REST_X1,2822,3,9,0,0,0,0,0,0,0,0,0,0,0,0,0
2823,[X1_X12_GET_req],2823,3,10,0,0,0,0,0,0,0,0,0,0,1,0,0
2824,REST_X12,2824,3,10,0,0,0,0,0,0,0,0,0,0,2,0,0
2825,REST_X12,2825,3,10,0,0,0,0,0,0,0,0,0,0,5,0,0
2826,[X12_X6_GET_req],2826,3,10,0,0,0,0,1,0,0,0,0,0,6,0,0
2827,REST_X6,2827,3,10,0,0,0,0,2,0,0,0,0,0,6,0,0
2828,REST_X6,2828,3,10,0,0,0,0,5,0,0,0,0,0,6,0,0
2829,[X6_X3_GET_req],2829,3,10,0,1,0,0,6,0,0,0,0,0,6,0,0
2830,REST_X3,2830,3,10,0,2,0,0,6,0,0,0,0,0,6,0,0
2831,REST_X3,2831,3,10,0,3,0,0,6,0,0,0,0,0,6,0,0
2832,[X6_X3_GET_resp_2xx],2832,3,10,0,0,0,0,3,0,0,0,0,0,6,0,0
2833,[X12_X6_GET_resp_2xx],2833,3,10,0,0,0,0,0,0,0,0,0,0,3,0,0
2834,[X1_X12_GET_resp_2xx],2834,3,3,0,0,0,0,0,0,0,0,0,0,0,0,0
2835,[X0_X1_GET_resp_2xx],2835,0,0,0,0,0,0,0,0,0,0,0,0,0,0,0
2836,REST_X0,2836,2,0,0,0,0,0,0,0,0,0,0,0,0,0,0
2837,[X0_X1_GET_req],2837,3,1,0,0,0,0,0,0,0,0,0,0,0,0,0
2838,REST_X1,2838,3,2,0,0,0,0,0,0,0,0,0,0,0,0,0
2839,REST_X1,2839,3,5,0,0,0,0,0,0,0,0,0,0,0,0,0
2840,[X1_X2_GET_req],2840,3,6,1,0,0,0,0,0,0,0,0,0,0,0,0
2841,REST_X2,2841,3,6,2,0,0,0,0,0,0,0,0,0,0,0,0
2842,REST_X2,2842,3,6,3,0,0,0,0,0,0,0,0,0,0,0,0
2843,[X1_X2_GET_resp_2xx],2843,3,3,0,0,0,0,0,0,0,0,0,0,0,0,0
2844,[X0_X1_GET_resp_2xx],2844,0,0,0,0,0,0,0,0,0,0,0,0,0,0,0
2845,REST_X0,2845,2,0,0,0,0,0,0,0,0,0,0,0,0,0,0
2846,[X0_X1_GET_req],2846,3,1,0,0,0,0,0,0,0,0,0,0,0,0,0
2847,REST_X1,2847,3,2,0,0,0,0,0,0,0,0,0,0,0,0,0
2848,REST_X1,2848,3,9,0,0,0,0,0,0,0,0,0,0,0,0,0
2849,[X1_X12_GET_req],2849,3,10,0,0,0,0,0,0,0,0,0,0,1,0,0
2850,REST_X12,2850,3,10,0,0,0,0,0,0,0,0,0,0,2,0,0
2851,REST_X12,2851,3,10,0,0,0,0,0,0,0,0,0,0,5,0,0
2852,[X12_X6_GET_req],2852,3,10,0,0,0,0,1,0,0,0,0,0,6,0,0
2853,REST_X6,2853,3,10,0,0,0,0,2,0,0,0,0,0,6,0,0
2854,REST_X6,2854,3,10,0,0,0,0,13,0,0,0,0,0,6,0,0
2855,[X6_X7_GET_req],2855,3,10,0,0,0,0,14,1,0,0,0,0,6,0,0
2856,REST_X7,2856,3,10,0,0,0,0,14,2,0,0,0,0,6,0,0
2857,REST_X7,2857,3,10,0,0,0,0,14,9,0,0,0,0,6,0,0
2858,[X7_X9_GET_req],2858,3,10,0,0,0,0,14,10,0,1,0,0,6,0,0
2859,REST_X9,2859,3,10,0,0,0,0,14,10,0,2,0,0,6,0,0
2860,REST_X9,2860,3,10,0,0,0,0,14,10,0,9,0,0,6,0,0
2861,[X9_X4_GET_req],2861,3,10,0,0,1,0,14,10,0,10,0,0,6,0,0
2862,REST_X4,2862,3,10,0,0,2,0,14,10,0,10,0,0,6,0,0
2863,REST_X4,2863,3,10,0,0,9,0,14,10,0,10,0,0,6,0,0
2864,[X4_X14_GET_req],2864,3,10,0,0,10,0,14,10,0,10,0,0,6,0,1
2865,REST_X14,2865,3,10,0,0,10,0,14,10,0,10,0,0,6,0,2
2866,REST_X14,2866,3,10,0,0,10,0,14,10,0,10,0,0,6,0,5
2867,[X14_X13_GET_req],2867,3,10,0,0,10,0,14,10,0,10,0,0,6,1,6
2868,REST_X13,2868,3,10,0,0,10,0,14,10,0,10,0,0,6,2,6
2869,REST_X13,2869,3,10,0,0,10,0,14,10,0,10,0,0,6,4,6
2870,[X14_X13_GET_resp_5xx],2870,3,10,0,0,10,0,14,10,0,10,0,0,6,0,7
2871,[X14_X13_GET_req],2871,3,10,0,0,10,0,14,10,0,10,0,0,6,1,8
2872,REST_X13,2872,3,10,0,0,10,0,14,10,0,10,0,0,6,2,8
2873,REST_X13,2873,3,10,0,0,10,0,14,10,0,10,0,0,6,3,8
2874,[X14_X13_GET_resp_2xx],2874,3,10,0,0,10,0,14,10,0,10,0,0,6,0,3
2875,[X4_X14_GET_resp_2xx],2875,3,10,0,0,3,0,14,10,0,10,0,0,6,0,0
2876,[X9_X4_GET_resp_2xx],2876,3,10,0,0,0,0,14,10,0,3,0,0,6,0,0
2877,[X7_X9_GET_resp_2xx],2877,3,10,0,0,0,0,14,3,0,0,0,0,6,0,0
2878,[X6_X7_GET_resp_2xx],2878,3,10,0,0,0,0,3,0,0,0,0,0,6,0,0
2879,[X12_X6_GET_resp_2xx],2879,3,10,0,0,0,0,0,0,0,0,0,0,3,0,0
2880,[X1_X12_GET_resp_2xx],2880,3,3,0,0,0,0,0,0,0,0,0,0,0,0,0
2881,[X0_X1_GET_resp_2xx],2881,0,0,0,0,0,0,0,0,0,0,0,0,0,0,0
2882,REST_X0,2882,2,0,0,0,0,0,0,0,0,0,0,0,0,0,0
2883,[X0_X1_GET_req],2883,3,1,0,0,0,0,0,0,0,0,0,0,0,0,0
2884,REST_X1,2884,3,2,0,0,0,0,0,0,0,0,0,0,0,0,0
2885,REST_X1,2885,3,9,0,0,0,0,0,0,0,0,0,0,0,0,0
2886,[X1_X12_GET_req],2886,3,10,0,0,0,0,0,0,0,0,0,0,1,0,0
2887,REST_X12,2887,3,10,0,0,0,0,0,0,0,0,0,0,2,0,0
2888,REST_X12,2888,3,10,0,0,0,0,0,0,0,0,0,0,5,0,0
2889,[X12_X6_GET_req],2889,3,10,0,0,0,0,1,0,0,0,0,0,6,0,0
2890,REST_X6,2890,3,10,0,0,0,0,2,0,0,0,0,0,6,0,0
2891,REST_X6,2891,3,10,0,0,0,0,9,0,0,0,0,0,6,0,0
2892,[X6_X8_GET_req],2892,3,10,0,0,0,0,10,0,1,0,0,0,6,0,0
2893,REST_X8,2893,3,10,0,0,0,0,10,0,2,0,0,0,6,0,0
2894,REST_X8,2894,3,10,0,0,0,0,10,0,3,0,0,0,6,0,0
2895,[X6_X8_GET_resp_2xx],2895,3,10,0,0,0,0,3,0,0,0,0,0,6,0,0
2896,[X12_X6_GET_resp_2xx],2896,3,10,0,0,0,0,0,0,0,0,0,0,3,0,0
2897,[X1_X12_GET_resp_2xx],2897,3,3,0,0,0,0,0,0,0,0,0,0,0,0,0
2898,[X0_X1_GET_resp_2xx],2898,0,0,0,0,0,0,0,0,0,0,0,0,0,0,0
2899,REST_X0,2899,2,0,0,0,0,0,0,0,0,0,0,0,0,0,0
2900,[X0_X1_GET_req],2900,3,1,0,0,0,0,0,0,0,0,0,0,0,0,0
2901,REST_X1,2901,3,2,0,0,0,0,0,0,0,0,0,0,0,0,0
2902,REST_X1,2902,3,9,0,0,0,0,0,0,0,0,0,0,0,0,0
2903,[X1_X12_GET_req],2903,3,10,0,0,0,0,0,0,0,0,0,0,1,0,0
2904,REST_X12,2904,3,10,0,0,0,0,0,0,0,0,0,0,2,0,0
2905,REST_X12,2905,3,10,0,0,0,0,0,0,0,0,0,0,5,0,0
2906,[X12_X6_GET_req],2906,3,10,0,0,0,0,1,0,0,0,0,0,6,0,0
2907,REST_X6,2907,3,10,0,0,0,0,2,0,0,0,0,0,6,0,0
2908,REST_X6,2908,3,10,0,0,0,0,5,0,0,0,0,0,6,0,0
2909,[X6_X3_GET_req],2909,3,10,0,1,0,0,6,0,0,0,0,0,6,0,0
2910,REST_X3,2910,3,10,0,2,0,0,6,0,0,0,0,0,6,0,0
2911,REST_X3,2911,3,10,0,3,0,0,6,0,0,0,0,0,6,0,0
2912,[X6_X3_GET_resp_2xx],2912,3,10,0,0,0,0,3,0,0,0,0,0,6,0,0
2913,[X12_X6_GET_resp_2xx],2913,3,10,0,0,0,0,0,0,0,0,0,0,3,0,0
2914,[X1_X12_GET_resp_2xx],2914,3,3,0,0,0,0,0,0,0,0,0,0,0,0,0
2915,[X0_X1_GET_resp_2xx],2915,0,0,0,0,0,0,0,0,0,0,0,0,0,0,0
2916,REST_X0,2916,2,0,0,0,0,0,0,0,0,0,0,0,0,0,0
2917,[X0_X1_GET_req],2917,3,1,0,0,0,0,0,0,0,0,0,0,0,0,0
2918,REST_X1,2918,3,2,0,0,0,0,0,0,0,0,0,0,0,0,0
2919,REST_X1,2919,3,5,0,0,0,0,0,0,0,0,0,0,0,0,0
2920,[X1_X2_GET_req],2920,3,6,1,0,0,0,0,0,0,0,0,0,0,0,0
2921,REST_X2,2921,3,6,2,0,0,0,0,0,0,0,0,0,0,0,0
2922,REST_X2,2922,3,6,3,0,0,0,0,0,0,0,0,0,0,0,0
2923,[X1_X2_GET_resp_2xx],2923,3,3,0,0,0,0,0,0,0,0,0,0,0,0,0
2924,[X0_X1_GET_resp_2xx],2924,0,0,0,0,0,0,0,0,0,0,0,0,0,0,0
2925,REST_X0,2925,2,0,0,0,0,0,0,0,0,0,0,0,0,0,0
2926,[X0_X1_GET_req],2926,3,1,0,0,0,0,0,0,0,0,0,0,0,0,0
2927,REST_X1,2927,3,2,0,0,0,0,0,0,0,0,0,0,0,0,0
2928,REST_X1,2928,3,5,0,0,0,0,0,0,0,0,0,0,0,0,0
2929,[X1_X2_GET_req],2929,3,6,1,0,0,0,0,0,0,0,0,0,0,0,0
2930,REST_X2,2930,3,6,2,0,0,0,0,0,0,0,0,0,0,0,0
2931,REST_X2,2931,3,6,3,0,0,0,0,0,0,0,0,0,0,0,0
2932,[X1_X2_GET_resp_2xx],2932,3,3,0,0,0,0,0,0,0,0,0,0,0,0,0
2933,[X0_X1_GET_resp_2xx],2933,0,0,0,0,0,0,0,0,0,0,0,0,0,0,0
2934,REST_X0,2934,2,0,0,0,0,0,0,0,0,0,0,0,0,0,0
2935,[X0_X1_GET_req],2935,3,1,0,0,0,0,0,0,0,0,0,0,0,0,0
2936,REST_X1,2936,3,2,0,0,0,0,0,0,0,0,0,0,0,0,0
2937,REST_X1,2937,3,5,0,0,0,0,0,0,0,0,0,0,0,0,0
2938,[X1_X2_GET_req],2938,3,6,1,0,0,0,0,0,0,0,0,0,0,0,0
2939,REST_X2,2939,3,6,2,0,0,0,0,0,0,0,0,0,0,0,0
2940,REST_X2,2940,3,6,3,0,0,0,0,0,0,0,0,0,0,0,0
2941,[X1_X2_GET_resp_2xx],2941,3,3,0,0,0,0,0,0,0,0,0,0,0,0,0
2942,[X0_X1_GET_resp_2xx],2942,0,0,0,0,0,0,0,0,0,0,0,0,0,0,0
2943,REST_X0,2943,2,0,0,0,0,0,0,0,0,0,0,0,0,0,0
2944,[X0_X1_GET_req],2944,3,1,0,0,0,0,0,0,0,0,0,0,0,0,0
2945,REST_X1,2945,3,2,0,0,0,0,0,0,0,0,0,0,0,0,0
2946,REST_X1,2946,3,9,0,0,0,0,0,0,0,0,0,0,0,0,0
2947,[X1_X12_GET_req],2947,3,10,0,0,0,0,0,0,0,0,0,0,1,0,0
2948,REST_X12,2948,3,10,0,0,0,0,0,0,0,0,0,0,2,0,0
2949,REST_X12,2949,3,10,0,0,0,0,0,0,0,0,0,0,5,0,0
2950,[X12_X6_GET_req],2950,3,10,0,0,0,0,1,0,0,0,0,0,6,0,0
2951,REST_X6,2951,3,10,0,0,0,0,2,0,0,0,0,0,6,0,0
2952,REST_X6,2952,3,10,0,0,0,0,5,0,0,0,0,0,6,0,0
2953,[X6_X3_GET_req],2953,3,10,0,1,0,0,6,0,0,0,0,0,6,0,0
2954,REST_X3,2954,3,10,0,2,0,0,6,0,0,0,0,0,6,0,0
2955,REST_X3,2955,3,10,0,3,0,0,6,0,0,0,0,0,6,0,0
2956,[X6_X3_GET_resp_2xx],2956,3,10,0,0,0,0,3,0,0,0,0,0,6,0,0
2957,[X12_X6_GET_resp_2xx],2957,3,10,0,0,0,0,0,0,0,0,0,0,3,0,0
2958,[X1_X12_GET_resp_2xx],2958,3,3,0,0,0,0,0,0,0,0,0,0,0,0,0
2959,[X0_X1_GET_resp_2xx],2959,0,0,0,0,0,0,0,0,0,0,0,0,0,0,0
2960,REST_X0,2960,2,0,0,0,0,0,0,0,0,0,0,0,0,0,0
2961,[X0_X1_GET_req],2961,3,1,0,0,0,0,0,0,0,0,0,0,0,0,0
2962,REST_X1,2962,3,2,0,0,0,0,0,0,0,0,0,0,0,0,0
2963,REST_X1,2963,3,9,0,0,0,0,0,0,0,0,0,0,0,0,0
2964,[X1_X12_GET_req],2964,3,10,0,0,0,0,0,0,0,0,0,0,1,0,0
2965,REST_X12,2965,3,10,0,0,0,0,0,0,0,0,0,0,2,0,0
2966,REST_X12,2966,3,10,0,0,0,0,0,0,0,0,0,0,5,0,0
2967,[X12_X6_GET_req],2967,3,10,0,0,0,0,1,0,0,0,0,0,6,0,0
2968,REST_X6,2968,3,10,0,0,0,0,2,0,0,0,0,0,6,0,0
2969,REST_X6,2969,3,10,0,0,0,0,5,0,0,0,0,0,6,0,0
2970,[X6_X3_GET_req],2970,3,10,0,1,0,0,6,0,0,0,0,0,6,0,0
2971,REST_X3,2971,3,10,0,2,0,0,6,0,0,0,0,0,6,0,0
2972,REST_X3,2972,3,10,0,4,0,0,6,0,0,0,0,0,6,0,0
2973,[X6_X3_GET_resp_5xx],2973,3,10,0,0,0,0,7,0,0,0,0,0,6,0,0
2974,[X6_X3_GET_req],2974,3,10,0,1,0,0,8,0,0,0,0,0,6,0,0
2975,REST_X3,2975,3,10,0,2,0,0,8,0,0,0,0,0,6,0,0
2976,REST_X3,2976,3,10,0,3,0,0,8,0,0,0,0,0,6,0,0
2977,[X6_X3_GET_resp_2xx],2977,3,10,0,0,0,0,3,0,0,0,0,0,6,0,0
2978,[X12_X6_GET_resp_2xx],2978,3,10,0,0,0,0,0,0,0,0,0,0,3,0,0
2979,[X1_X12_GET_resp_2xx],2979,3,3,0,0,0,0,0,0,0,0,0,0,0,0,0
2980,[X0_X1_GET_resp_2xx],2980,0,0,0,0,0,0,0,0,0,0,0,0,0,0,0
2981,REST_X0,2981,2,0,0,0,0,0,0,0,0,0,0,0,0,0,0
2982,[X0_X1_GET_req],2982,3,1,0,0,0,0,0,0,0,0,0,0,0,0,0
2983,REST_X1,2983,3,2,0,0,0,0,0,0,0,0,0,0,0,0,0
2984,REST_X1,2984,3,5,0,0,0,0,0,0,0,0,0,0,0,0,0
2985,[X1_X2_GET_req],2985,3,6,1,0,0,0,0,0,0,0,0,0,0,0,0
2986,REST_X2,2986,3,6,2,0,0,0,0,0,0,0,0,0,0,0,0
2987,REST_X2,2987,3,6,3,0,0,0,0,0,0,0,0,0,0,0,0
2988,[X1_X2_GET_resp_2xx],2988,3,3,0,0,0,0,0,0,0,0,0,0,0,0,0
2989,[X0_X1_GET_resp_2xx],2989,0,0,0,0,0,0,0,0,0,0,0,0,0,0,0
2990,REST_X0,2990,2,0,0,0,0,0,0,0,0,0,0,0,0,0,0
2991,[X0_X1_GET_req],2991,3,1,0,0,0,0,0,0,0,0,0,0,0,0,0
2992,REST_X1,2992,3,2,0,0,0,0,0,0,0,0,0,0,0,0,0
2993,REST_X1,2993,3,9,0,0,0,0,0,0,0,0,0,0,0,0,0
2994,[X1_X12_GET_req],2994,3,10,0,0,0,0,0,0,0,0,0,0,1,0,0
2995,REST_X12,2995,3,10,0,0,0,0,0,0,0,0,0,0,2,0,0
2996,REST_X12,2996,3,10,0,0,0,0,0,0,0,0,0,0,5,0,0
2997,[X12_X6_GET_req],2997,3,10,0,0,0,0,1,0,0,0,0,0,6,0,0
2998,REST_X6,2998,3,10,0,0,0,0,2,0,0,0,0,0,6,0,0
2999,REST_X6,2999,3,10,0,0,0,0,5,0,0,0,0,0,6,0,0
3000,[X6_X3_GET_req],3000,3,10,0,1,0,0,6,0,0,0,0,0,6,0,0
3001,REST_X3,3001,3,10,0,2,0,0,6,0,0,0,0,0,6,0,0
3002,REST_X3,3002,3,10,0,3,0,0,6,0,0,0,0,0,6,0,0
3003,[X6_X3_GET_resp_2xx],3003,3,10,0,0,0,0,3,0,0,0,0,0,6,0,0
3004,[X12_X6_GET_resp_2xx],3004,3,10,0,0,0,0,0,0,0,0,0,0,3,0,0
3005,[X1_X12_GET_resp_2xx],3005,3,3,0,0,0,0,0,0,0,0,0,0,0,0,0
3006,[X0_X1_GET_resp_2xx],3006,0,0,0,0,0,0,0,0,0,0,0,0,0,0,0
3007,REST_X0,3007,2,0,0,0,0,0,0,0,0,0,0,0,0,0,0
3008,[X0_X1_GET_req],3008,3,1,0,0,0,0,0,0,0,0,0,0,0,0,0
3009,REST_X1,3009,3,2,0,0,0,0,0,0,0,0,0,0,0,0,0
3010,REST_X1,3010,3,5,0,0,0,0,0,0,0,0,0,0,0,0,0
3011,[X1_X2_GET_req],3011,3,6,1,0,0,0,0,0,0,0,0,0,0,0,0
3012,REST_X2,3012,3,6,2,0,0,0,0,0,0,0,0,0,0,0,0
3013,REST_X2,3013,3,6,3,0,0,0,0,0,0,0,0,0,0,0,0
3014,[X1_X2_GET_resp_2xx],3014,3,3,0,0,0,0,0,0,0,0,0,0,0,0,0
3015,[X0_X1_GET_resp_2xx],3015,0,0,0,0,0,0,0,0,0,0,0,0,0,0,0
3016,REST_X0,3016,2,0,0,0,0,0,0,0,0,0,0,0,0,0,0
3017,[X0_X1_GET_req],3017,3,1,0,0,0,0,0,0,0,0,0,0,0,0,0
3018,REST_X1,3018,3,2,0,0,0,0,0,0,0,0,0,0,0,0,0
3019,REST_X1,3019,3,9,0,0,0,0,0,0,0,0,0,0,0,0,0
3020,[X1_X12_GET_req],3020,3,10,0,0,0,0,0,0,0,0,0,0,1,0,0
3021,REST_X12,3021,3,10,0,0,0,0,0,0,0,0,0,0,2,0,0
3022,REST_X12,3022,3,10,0,0,0,0,0,0,0,0,0,0,5,0,0
3023,[X12_X6_GET_req],3023,3,10,0,0,0,0,1,0,0,0,0,0,6,0,0
3024,REST_X6,3024,3,10,0,0,0,0,2,0,0,0,0,0,6,0,0
3025,REST_X6,3025,3,10,0,0,0,0,13,0,0,0,0,0,6,0,0
3026,[X6_X7_GET_req],3026,3,10,0,0,0,0,14,1,0,0,0,0,6,0,0
3027,REST_X7,3027,3,10,0,0,0,0,14,2,0,0,0,0,6,0,0
3028,REST_X7,3028,3,10,0,0,0,0,14,9,0,0,0,0,6,0,0
3029,[X7_X9_GET_req],3029,3,10,0,0,0,0,14,10,0,1,0,0,6,0,0
3030,REST_X9,3030,3,10,0,0,0,0,14,10,0,2,0,0,6,0,0
3031,REST_X9,3031,3,10,0,0,0,0,14,10,0,9,0,0,6,0,0
3032,[X9_X4_GET_req],3032,3,10,0,0,1,0,14,10,0,10,0,0,6,0,0
3033,REST_X4,3033,3,10,0,0,2,0,14,10,0,10,0,0,6,0,0
3034,REST_X4,3034,3,10,0,0,5,0,14,10,0,10,0,0,6,0,0
3035,[X4_X10_GET_req],3035,3,10,0,0,6,0,14,10,0,10,1,0,6,0,0
3036,REST_X10,3036,3,10,0,0,6,0,14,10,0,10,2,0,6,0,0
3037,REST_X10,3037,3,10,0,0,6,0,14,10,0,10,3,0,6,0,0
3038,[X4_X10_GET_resp_2xx],3038,3,10,0,0,3,0,14,10,0,10,0,0,6,0,0
3039,[X9_X4_GET_resp_2xx],3039,3,10,0,0,0,0,14,10,0,3,0,0,6,0,0
3040,[X7_X9_GET_resp_2xx],3040,3,10,0,0,0,0,14,3,0,0,0,0,6,0,0
3041,[X6_X7_GET_resp_2xx],3041,3,10,0,0,0,0,3,0,0,0,0,0,6,0,0
3042,[X12_X6_GET_resp_2xx],3042,3,10,0,0,0,0,0,0,0,0,0,0,3,0,0
3043,[X1_X12_GET_resp_2xx],3043,3,3,0,0,0,0,0,0,0,0,0,0,0,0,0
3044,[X0_X1_GET_resp_2xx],3044,0,0,0,0,0,0,0,0,0,0,0,0,0,0,0
3045,REST_X0,3045,2,0,0,0,0,0,0,0,0,0,0,0,0,0,0
3046,[X0_X1_GET_req],3046,3,1,0,0,0,0,0,0,0,0,0,0,0,0,0
3047,REST_X1,3047,3,2,0,0,0,0,0,0,0,0,0,0,0,0,0
3048,REST_X1,3048,3,5,0,0,0,0,0,0,0,0,0,0,0,0,0
3049,[X1_X2_GET_req],3049,3,6,1,0,0,0,0,0,0,0,0,0,0,0,0
3050,REST_X2,3050,3,6,2,0,0,0,0,0,0,0,0,0,0,0,0
3051,REST_X2,3051,3,6,3,0,0,0,0,0,0,0,0,0,0,0,0
3052,[X1_X2_GET_resp_2xx],3052,3,3,0,0,0,0,0,0,0,0,0,0,0,0,0
3053,[X0_X1_GET_resp_2xx],3053,0,0,0,0,0,0,0,0,0,0,0,0,0,0,0
3054,REST_X0,3054,2,0,0,0,0,0,0,0,0,0,0,0,0,0,0
3055,[X0_X1_GET_req],3055,3,1,0,0,0,0,0,0,0,0,0,0,0,0,0
3056,REST_X1,3056,3,2,0,0,0,0,0,0,0,0,0,0,0,0,0
3057,REST_X1,3057,3,9,0,0,0,0,0,0,0,0,0,0,0,0,0
3058,[X1_X12_GET_req],3058,3,10,0,0,0,0,0,0,0,0,0,0,1,0,0
3059,REST_X12,3059,3,10,0,0,0,0,0,0,0,0,0,0,2,0,0
3060,REST_X12,3060,3,10,0,0,0,0,0,0,0,0,0,0,5,0,0
3061,[X12_X6_GET_req],3061,3,10,0,0,0,0,1,0,0,0,0,0,6,0,0
3062,REST_X6,3062,3,10,0,0,0,0,2,0,0,0,0,0,6,0,0
3063,REST_X6,3063,3,10,0,0,0,0,9,0,0,0,0,0,6,0,0
3064,[X6_X8_GET_req],3064,3,10,0,0,0,0,10,0,1,0,0,0,6,0,0
3065,REST_X8,3065,3,10,0,0,0,0,10,0,2,0,0,0,6,0,0
3066,REST_X8,3066,3,10,0,0,0,0,10,0,3,0,0,0,6,0,0
3067,[X6_X8_GET_resp_2xx],3067,3,10,0,0,0,0,3,0,0,0,0,0,6,0,0
3068,[X12_X6_GET_resp_2xx],3068,3,10,0,0,0,0,0,0,0,0,0,0,3,0,0
3069,[X1_X12_GET_resp_2xx],3069,3,3,0,0,0,0,0,0,0,0,0,0,0,0,0
3070,[X0_X1_GET_resp_2xx],3070,0,0,0,0,0,0,0,0,0,0,0,0,0,0,0
3071,REST_X0,3071,2,0,0,0,0,0,0,0,0,0,0,0,0,0,0
3072,[X0_X1_GET_req],3072,3,1,0,0,0,0,0,0,0,0,0,0,0,0,0
3073,REST_X1,3073,3,2,0,0,0,0,0,0,0,0,0,0,0,0,0
3074,REST_X1,3074,3,5,0,0,0,0,0,0,0,0,0,0,0,0,0
3075,[X1_X2_GET_req],3075,3,6,1,0,0,0,0,0,0,0,0,0,0,0,0
3076,REST_X2,3076,3,6,2,0,0,0,0,0,0,0,0,0,0,0,0
3077,REST_X2,3077,3,6,3,0,0,0,0,0,0,0,0,0,0,0,0
3078,[X1_X2_GET_resp_2xx],3078,3,3,0,0,0,0,0,0,0,0,0,0,0,0,0
3079,[X0_X1_GET_resp_2xx],3079,0,0,0,0,0,0,0,0,0,0,0,0,0,0,0
3080,REST_X0,3080,2,0,0,0,0,0,0,0,0,0,0,0,0,0,0
3081,[X0_X1_GET_req],3081,3,1,0,0,0,0,0,0,0,0,0,0,0,0,0
3082,REST_X1,3082,3,2,0,0,0,0,0,0,0,0,0,0,0,0,0
3083,REST_X1,3083,3,5,0,0,0,0,0,0,0,0,0,0,0,0,0
3084,[X1_X2_GET_req],3084,3,6,1,0,0,0,0,0,0,0,0,0,0,0,0
3085,REST_X2,3085,3,6,2,0,0,0,0,0,0,0,0,0,0,0,0
3086,REST_X2,3086,3,6,3,0,0,0,0,0,0,0,0,0,0,0,0
3087,[X1_X2_GET_resp_2xx],3087,3,3,0,0,0,0,0,0,0,0,0,0,0,0,0
3088,[X0_X1_GET_resp_2xx],3088,0,0,0,0,0,0,0,0,0,0,0,0,0,0,0
3089,REST_X0,3089,2,0,0,0,0,0,0,0,0,0,0,0,0,0,0
3090,[X0_X1_GET_req],3090,3,1,0,0,0,0,0,0,0,0,0,0,0,0,0
3091,REST_X1,3091,3,2,0,0,0,0,0,0,0,0,0,0,0,0,0
3092,REST_X1,3092,3,9,0,0,0,0,0,0,0,0,0,0,0,0,0
3093,[X1_X12_GET_req],3093,3,10,0,0,0,0,0,0,0,0,0,0,1,0,0
3094,REST_X12,3094,3,10,0,0,0,0,0,0,0,0,0,0,2,0,0
3095,REST_X12,3095,3,10,0,0,0,0,0,0,0,0,0,0,5,0,0
3096,[X12_X6_GET_req],3096,3,10,0,0,0,0,1,0,0,0,0,0,6,0,0
3097,REST_X6,3097,3,10,0,0,0,0,2,0,0,0,0,0,6,0,0
3098,REST_X6,3098,3,10,0,0,0,0,9,0,0,0,0,0,6,0,0
3099,[X6_X8_GET_req],3099,3,10,0,0,0,0,10,0,1,0,0,0,6,0,0
3100,REST_X8,3100,3,10,0,0,0,0,10,0,2,0,0,0,6,0,0
3101,REST_X8,3101,3,10,0,0,0,0,10,0,4,0,0,0,6,0,0
3102,[X6_X8_GET_resp_5xx],3102,3,10,0,0,0,0,11,0,0,0,0,0,6,0,0
3103,[X6_X8_GET_req],3103,3,10,0,0,0,0,12,0,1,0,0,0,6,0,0
3104,REST_X8,3104,3,10,0,0,0,0,12,0,2,0,0,0,6,0,0
3105,REST_X8,3105,3,10,0,0,0,0,12,0,3,0,0,0,6,0,0
3106,[X6_X8_GET_resp_2xx],3106,3,10,0,0,0,0,3,0,0,0,0,0,6,0,0
3107,[X12_X6_GET_resp_2xx],3107,3,10,0,0,0,0,0,0,0,0,0,0,3,0,0
3108,[X1_X12_GET_resp_2xx],3108,3,3,0,0,0,0,0,0,0,0,0,0,0,0,0
3109,[X0_X1_GET_resp_2xx],3109,0,0,0,0,0,0,0,0,0,0,0,0,0,0,0
3110,REST_X0,3110,2,0,0,0,0,0,0,0,0,0,0,0,0,0,0
3111,[X0_X1_GET_req],3111,3,1,0,0,0,0,0,0,0,0,0,0,0,0,0
3112,REST_X1,3112,3,2,0,0,0,0,0,0,0,0,0,0,0,0,0
3113,REST_X1,3113,3,9,0,0,0,0,0,0,0,0,0,0,0,0,0
3114,[X1_X12_GET_req],3114,3,10,0,0,0,0,0,0,0,0,0,0,1,0,0
3115,REST_X12,3115,3,10,0,0,0,0,0,0,0,0,0,0,2,0,0
3116,REST_X12,3116,3,10,0,0,0,0,0,0,0,0,0,0,5,0,0
3117,[X12_X6_GET_req],3117,3,10,0,0,0,0,1,0,0,0,0,0,6,0,0
3118,REST_X6,3118,3,10,0,0,0,0,2,0,0,0,0,0,6,0,0
3119,REST_X6,3119,3,10,0,0,0,0,5,0,0,0,0,0,6,0,0
3120,[X6_X3_GET_req],3120,3,10,0,1,0,0,6,0,0,0,0,0,6,0,0
3121,REST_X3,3121,3,10,0,2,0,0,6,0,0,0,0,0,6,0,0
3122,REST_X3,3122,3,10,0,3,0,0,6,0,0,0,0,0,6,0,0
3123,[X6_X3_GET_resp_2xx],3123,3,10,0,0,0,0,3,0,0,0,0,0,6,0,0
3124,[X12_X6_GET_resp_2xx],3124,3,10,0,0,0,0,0,0,0,0,0,0,3,0,0
3125,[X1_X12_GET_resp_2xx],3125,3,3,0,0,0,0,0,0,0,0,0,0,0,0,0
3126,[X0_X1_GET_resp_2xx],3126,0,0,0,0,0,0,0,0,0,0,0,0,0,0,0
3127,REST_X0,3127,2,0,0,0,0,0,0,0,0,0,0,0,0,0,0
3128,[X0_X1_GET_req],3128,3,1,0,0,0,0,0,0,0,0,0,0,0,0,0
3129,REST_X1,3129,3,2,0,0,0,0,0,0,0,0,0,0,0,0,0
3130,REST_X1,3130,3,5,0,0,0,0,0,0,0,0,0,0,0,0,0
3131,[X1_X2_GET_req],3131,3,6,1,0,0,0,0,0,0,0,0,0,0,0,0
3132,REST_X2,3132,3,6,2,0,0,0,0,0,0,0,0,0,0,0,0
3133,REST_X2,3133,3,6,4,0,0,0,0,0,0,0,0,0,0,0,0
3134,[X1_X2_GET_resp_5xx],3134,3,7,0,0,0,0,0,0,0,0,0,0,0,0,0
3135,[X1_X2_GET_req],3135,3,8,1,0,0,0,0,0,0,0,0,0,0,0,0
3136,REST_X2,3136,3,8,2,0,0,0,0,0,0,0,0,0,0,0,0
3137,REST_X2,3137,3,8,3,0,0,0,0,0,0,0,0,0,0,0,0
3138,[X1_X2_GET_resp_2xx],3138,3,3,0,0,0,0,0,0,0,0,0,0,0,0,0
3139,[X0_X1_GET_resp_2xx],3139,0,0,0,0,0,0,0,0,0,0,0,0,0,0,0
3140,REST_X0,3140,2,0,0,0,0,0,0,0,0,0,0,0,0,0,0
3141,[X0_X1_GET_req],3141,3,1,0,0,0,0,0,0,0,0,0,0,0,0,0
3142,REST_X1,3142,3,2,0,0,0,0,0,0,0,0,0,0,0,0,0
3143,REST_X1,3143,3,5,0,0,0,0,0,0,0,0,0,0,0,0,0
3144,[X1_X2_GET_req],3144,3,6,1,0,0,0,0,0,0,0,0,0,0,0,0
3145,REST_X2,3145,3,6,2,0,0,0,0,0,0,0,0,0,0,0,0
3146,REST_X2,3146,3,6,3,0,0,0,0,0,0,0,0,0,0,0,0
3147,[X1_X2_GET_resp_2xx],3147,3,3,0,0,0,0,0,0,0,0,0,0,0,0,0
3148,[X0_X1_GET_resp_2xx],3148,0,0,0,0,0,0,0,0,0,0,0,0,0,0,0
3149,REST_X0,3149,2,0,0,0,0,0,0,0,0,0,0,0,0,0,0
3150,[X0_X1_GET_req],3150,3,1,0,0,0,0,0,0,0,0,0,0,0,0,0
3151,REST_X1,3151,3,2,0,0,0,0,0,0,0,0,0,0,0,0,0
3152,REST_X1,3152,3,5,0,0,0,0,0,0,0,0,0,0,0,0,0
3153,[X1_X2_GET_req],3153,3,6,1,0,0,0,0,0,0,0,0,0,0,0,0
3154,REST_X2,3154,3,6,2,0,0,0,0,0,0,0,0,0,0,0,0
3155,REST_X2,3155,3,6,3,0,0,0,0,0,0,0,0,0,0,0,0
3156,[X1_X2_GET_resp_2xx],3156,3,3,0,0,0,0,0,0,0,0,0,0,0,0,0
3157,[X0_X1_GET_resp_2xx],3157,0,0,0,0,0,0,0,0,0,0,0,0,0,0,0
3158,REST_X0,3158,2,0,0,0,0,0,0,0,0,0,0,0,0,0,0
3159,[X0_X1_GET_req],3159,3,1,0,0,0,0,0,0,0,0,0,0,0,0,0
3160,REST_X1,3160,3,2,0,0,0,0,0,0,0,0,0,0,0,0,0
3161,REST_X1,3161,3,5,0,0,0,0,0,0,0,0,0,0,0,0,0
3162,[X1_X2_GET_req],3162,3,6,1,0,0,0,0,0,0,0,0,0,0,0,0
3163,REST_X2,3163,3,6,2,0,0,0,0,0,0,0,0,0,0,0,0
3164,REST_X2,3164,3,6,3,0,0,0,0,0,0,0,0,0,0,0,0
3165,[X1_X2_GET_resp_2xx],3165,3,3,0,0,0,0,0,0,0,0,0,0,0,0,0
3166,[X0_X1_GET_resp_2xx],3166,0,0,0,0,0,0,0,0,0,0,0,0,0,0,0
3167,REST_X0,3167,2,0,0,0,0,0,0,0,0,0,0,0,0,0,0
3168,[X0_X1_GET_req],3168,3,1,0,0,0,0,0,0,0,0,0,0,0,0,0
3169,REST_X1,3169,3,2,0,0,0,0,0,0,0,0,0,0,0,0,0
3170,REST_X1,3170,3,9,0,0,0,0,0,0,0,0,0,0,0,0,0
3171,[X1_X12_GET_req],3171,3,10,0,0,0,0,0,0,0,0,0,0,1,0,0
3172,REST_X12,3172,3,10,0,0,0,0,0,0,0,0,0,0,2,0,0
3173,REST_X12,3173,3,10,0,0,0,0,0,0,0,0,0,0,5,0,0
3174,[X12_X6_GET_req],3174,3,10,0,0,0,0,1,0,0,0,0,0,6,0,0
3175,REST_X6,3175,3,10,0,0,0,0,2,0,0,0,0,0,6,0,0
3176,REST_X6,3176,3,10,0,0,0,0,5,0,0,0,0,0,6,0,0
3177,[X6_X3_GET_req],3177,3,10,0,1,0,0,6,0,0,0,0,0,6,0,0
3178,REST_X3,3178,3,10,0,2,0,0,6,0,0,0,0,0,6,0,0
3179,REST_X3,3179,3,10,0,3,0,0,6,0,0,0,0,0,6,0,0
3180,[X6_X3_GET_resp_2xx],3180,3,10,0,0,0,0,3,0,0,0,0,0,6,0,0
3181,[X12_X6_GET_resp_2xx],3181,3,10,0,0,0,0,0,0,0,0,0,0,3,0,0
3182,[X1_X12_GET_resp_2xx],3182,3,3,0,0,0,0,0,0,0,0,0,0,0,0,0
3183,[X0_X1_GET_resp_2xx],3183,0,0,0,0,0,0,0,0,0,0,0,0,0,0,0
3184,REST_X0,3184,2,0,0,0,0,0,0,0,0,0,0,0,0,0,0
3185,[X0_X1_GET_req],3185,3,1,0,0,0,0,0,0,0,0,0,0,0,0,0
3186,REST_X1,3186,3,2,0,0,0,0,0,0,0,0,0,0,0,0,0
3187,REST_X1,3187,3,5,0,0,0,0,0,0,0,0,0,0,0,0,0
3188,[X1_X2_GET_req],3188,3,6,1,0,0,0,0,0,0,0,0,0,0,0,0
3189,REST_X2,3189,3,6,2,0,0,0,0,0,0,0,0,0,0,0,0
3190,REST_X2,3190,3,6,3,0,0,0,0,0,0,0,0,0,0,0,0
3191,[X1_X2_GET_resp_2xx],3191,3,3,0,0,0,0,0,0,0,0,0,0,0,0,0
3192,[X0_X1_GET_resp_2xx],3192,0,0,0,0,0,0,0,0,0,0,0,0,0,0,0
3193,REST_X0,3193,2,0,0,0,0,0,0,0,0,0,0,0,0,0,0
3194,[X0_X1_GET_req],3194,3,1,0,0,0,0,0,0,0,0,0,0,0,0,0
3195,REST_X1,3195,3,2,0,0,0,0,0,0,0,0,0,0,0,0,0
3196,REST_X1,3196,3,9,0,0,0,0,0,0,0,0,0,0,0,0,0
3197,[X1_X12_GET_req],3197,3,10,0,0,0,0,0,0,0,0,0,0,1,0,0
3198,REST_X12,3198,3,10,0,0,0,0,0,0,0,0,0,0,2,0,0
3199,REST_X12,3199,3,10,0,0,0,0,0,0,0,0,0,0,5,0,0
3200,[X12_X6_GET_req],3200,3,10,0,0,0,0,1,0,0,0,0,0,6,0,0
3201,REST_X6,3201,3,10,0,0,0,0,2,0,0,0,0,0,6,0,0
3202,REST_X6,3202,3,10,0,0,0,0,9,0,0,0,0,0,6,0,0
3203,[X6_X8_GET_req],3203,3,10,0,0,0,0,10,0,1,0,0,0,6,0,0
3204,REST_X8,3204,3,10,0,0,0,0,10,0,2,0,0,0,6,0,0
3205,REST_X8,3205,3,10,0,0,0,0,10,0,3,0,0,0,6,0,0
3206,[X6_X8_GET_resp_2xx],3206,3,10,0,0,0,0,3,0,0,0,0,0,6,0,0
3207,[X12_X6_GET_resp_2xx],3207,3,10,0,0,0,0,0,0,0,0,0,0,3,0,0
3208,[X1_X12_GET_resp_2xx],3208,3,3,0,0,0,0,0,0,0,0,0,0,0,0,0
3209,[X0_X1_GET_resp_2xx],3209,0,0,0,0,0,0,0,0,0,0,0,0,0,0,0
3210,REST_X0,3210,2,0,0,0,0,0,0,0,0,0,0,0,0,0,0
3211,[X0_X1_GET_req],3211,3,1,0,0,0,0,0,0,0,0,0,0,0,0,0
3212,REST_X1,3212,3,2,0,0,0,0,0,0,0,0,0,0,0,0,0
3213,REST_X1,3213,3,5,0,0,0,0,0,0,0,0,0,0,0,0,0
3214,[X1_X2_GET_req],3214,3,6,1,0,0,0,0,0,0,0,0,0,0,0,0
3215,REST_X2,3215,3,6,2,0,0,0,0,0,0,0,0,0,0,0,0
3216,REST_X2,3216,3,6,3,0,0,0,0,0,0,0,0,0,0,0,0
3217,[X1_X2_GET_resp_2xx],3217,3,3,0,0,0,0,0,0,0,0,0,0,0,0,0
3218,[X0_X1_GET_resp_2xx],3218,0,0,0,0,0,0,0,0,0,0,0,0,0,0,0
3219,REST_X0,3219,2,0,0,0,0,0,0,0,0,0,0,0,0,0,0
3220,[X0_X1_GET_req],3220,3,1,0,0,0,0,0,0,0,0,0,0,0,0,0
3221,REST_X1,3221,3,2,0,0,0,0,0,0,0,0,0,0,0,0,0
3222,REST_X1,3222,3,5,0,0,0,0,0,0,0,0,0,0,0,0,0
3223,[X1_X2_GET_req],3223,3,6,1,0,0,0,0,0,0,0,0,0,0,0,0
3224,REST_X2,3224,3,6,2,0,0,0,0,0,0,0,0,0,0,0,0
3225,REST_X2,3225,3,6,3,0,0,0,0,0,0,0,0,0,0,0,0
3226,[X1_X2_GET_resp_2xx],3226,3,3,0,0,0,0,0,0,0,0,0,0,0,0,0
3227,[X0_X1_GET_resp_2xx],3227,0,0,0,0,0,0,0,0,0,0,0,0,0,0,0
3228,REST_X0,3228,2,0,0,0,0,0,0,0,0,0,0,0,0,0,0
3229,[X0_X1_GET_req],3229,3,1,0,0,0,0,0,0,0,0,0,0,0,0,0
3230,REST_X1,3230,3,2,0,0,0,0,0,0,0,0,0,0,0,0,0
3231,REST_X1,3231,3,9,0,0,0,0,0,0,0,0,0,0,0,0,0
3232,[X1_X12_GET_req],3232,3,10,0,0,0,0,0,0,0,0,0,0,1,0,0
3233,REST_X12,3233,3,10,0,0,0,0,0,0,0,0,0,0,2,0,0
3234,REST_X12,3234,3,10,0,0,0,0,0,0,0,0,0,0,5,0,0
3235,[X12_X6_GET_req],3235,3,10,0,0,0,0,1,0,0,0,0,0,6,0,0
3236,REST_X6,3236,3,10,0,0,0,0,2,0,0,0,0,0,6,0,0
3237,REST_X6,3237,3,10,0,0,0,0,5,0,0,0,0,0,6,0,0
3238,[X6_X3_GET_req],3238,3,10,0,1,0,0,6,0,0,0,0,0,6,0,0
3239,REST_X3,3239,3,10,0,2,0,0,6,0,0,0,0,0,6,0,0
3240,REST_X3,3240,3,10,0,4,0,0,6,0,0,0,0,0,6,0,0
3241,[X6_X3_GET_resp_5xx],3241,3,10,0,0,0,0,7,0,0,0,0,0,6,0,0
3242,[X6_X3_GET_req],3242,3,10,0,1,0,0,8,0,0,0,0,0,6,0,0
3243,REST_X3,3243,3,10,0,2,0,0,8,0,0,0,0,0,6,0,0
3244,REST_X3,3244,3,10,0,3,0,0,8,0,0,0,0,0,6,0,0
3245,[X6_X3_GET_resp_2xx],3245,3,10,0,0,0,0,3,0,0,0,0,0,6,0,0
3246,[X12_X6_GET_resp_2xx],3246,3,10,0,0,0,0,0,0,0,0,0,0,3,0,0
3247,[X1_X12_GET_resp_2xx],3247,3,3,0,0,0,0,0,0,0,0,0,0,0,0,0
3248,[X0_X1_GET_resp_2xx],3248,0,0,0,0,0,0,0,0,0,0,0,0,0,0,0
3249,REST_X0,3249,2,0,0,0,0,0,0,0,0,0,0,0,0,0,0
3250,[X0_X1_GET_req],3250,3,1,0,0,0,0,0,0,0,0,0,0,0,0,0
3251,REST_X1,3251,3,2,0,0,0,0,0,0,0,0,0,0,0,0,0
3252,REST_X1,3252,3,5,0,0,0,0,0,0,0,0,0,0,0,0,0
3253,[X1_X2_GET_req],3253,3,6,1,0,0,0,0,0,0,0,0,0,0,0,0
3254,REST_X2,3254,3,6,2,0,0,0,0,0,0,0,0,0,0,0,0
3255,REST_X2,3255,3,6,3,0,0,0,0,0,0,0,0,0,0,0,0
3256,[X1_X2_GET_resp_2xx],3256,3,3,0,0,0,0,0,0,0,0,0,0,0,0,0
3257,[X0_X1_GET_resp_2xx],3257,0,0,0,0,0,0,0,0,0,0,0,0,0,0,0
3258,REST_X0,3258,2,0,0,0,0,0,0,0,0,0,0,0,0,0,0
3259,[X0_X1_GET_req],3259,3,1,0,0,0,0,0,0,0,0,0,0,0,0,0
3260,REST_X1,3260,3,2,0,0,0,0,0,0,0,0,0,0,0,0,0
3261,REST_X1,3261,3,5,0,0,0,0,0,0,0,0,0,0,0,0,0
3262,[X1_X2_GET_req],3262,3,6,1,0,0,0,0,0,0,0,0,0,0,0,0
3263,REST_X2,3263,3,6,2,0,0,0,0,0,0,0,0,0,0,0,0
3264,REST_X2,3264,3,6,3,0,0,0,0,0,0,0,0,0,0,0,0
3265,[X1_X2_GET_resp_2xx],3265,3,3,0,0,0,0,0,0,0,0,0,0,0,0,0
3266,[X0_X1_GET_resp_2xx],3266,0,0,0,0,0,0,0,0,0,0,0,0,0,0,0
3267,REST_X0,3267,2,0,0,0,0,0,0,0,0,0,0,0,0,0,0
3268,[X0_X1_GET_req],3268,3,1,0,0,0,0,0,0,0,0,0,0,0,0,0
3269,REST_X1,3269,3,2,0,0,0,0,0,0,0,0,0,0,0,0,0
3270,REST_X1,3270,3,9,0,0,0,0,0,0,0,0,0,0,0,0,0
3271,[X1_X12_GET_req],3271,3,10,0,0,0,0,0,0,0,0,0,0,1,0,0
3272,REST_X12,3272,3,10,0,0,0,0,0,0,0,0,0,0,2,0,0
3273,REST_X12,3273,3,10,0,0,0,0,0,0,0,0,0,0,5,0,0
3274,[X12_X6_GET_req],3274,3,10,0,0,0,0,1,0,0,0,0,0,6,0,0
3275,REST_X6,3275,3,10,0,0,0,0,2,0,0,0,0,0,6,0,0
3276,REST_X6,3276,3,10,0,0,0,0,13,0,0,0,0,0,6,0,0
3277,[X6_X7_GET_req],3277,3,10,0,0,0,0,14,1,0,0,0,0,6,0,0
3278,REST_X7,3278,3,10,0,0,0,0,14,2,0,0,0,0,6,0,0
3279,REST_X7,3279,3,10,0,0,0,0,14,5,0,0,0,0,6,0,0
3280,[X7_X5_GET_req],3280,3,10,0,0,0,1,14,6,0,0,0,0,6,0,0
3281,REST_X5,3281,3,10,0,0,0,2,14,6,0,0,0,0,6,0,0
3282,REST_X5,3282,3,10,0,0,0,3,14,6,0,0,0,0,6,0,0
3283,[X7_X5_GET_resp_2xx],3283,3,10,0,0,0,0,14,3,0,0,0,0,6,0,0
3284,[X6_X7_GET_resp_2xx],3284,3,10,0,0,0,0,3,0,0,0,0,0,6,0,0
3285,[X12_X6_GET_resp_2xx],3285,3,10,0,0,0,0,0,0,0,0,0,0,3,0,0
3286,[X1_X12_GET_resp_2xx],3286,3,3,0,0,0,0,0,0,0,0,0,0,0,0,0
3287,[X0_X1_GET_resp_2xx],3287,0,0,0,0,0,0,0,0,0,0,0,0,0,0,0
3288,REST_X0,3288,2,0,0,0,0,0,0,0,0,0,0,0,0,0,0
3289,[X0_X1_GET_req],3289,3,1,0,0,0,0,0,0,0,0,0,0,0,0,0
3290,REST_X1,3290,3,2,0,0,0,0,0,0,0,0,0,0,0,0,0
3291,REST_X1,3291,3,5,0,0,0,0,0,0,0,0,0,0,0,0,0
3292,[X1_X2_GET_req],3292,3,6,1,0,0,0,0,0,0,0,0,0,0,0,0
3293,REST_X2,3293,3,6,2,0,0,0,0,0,0,0,0,0,0,0,0
3294,REST_X2,3294,3,6,3,0,0,0,0,0,0,0,0,0,0,0,0
3295,[X1_X2_GET_resp_2xx],3295,3,3,0,0,0,0,0,0,0,0,0,0,0,0,0
3296,[X0_X1_GET_resp_2xx],3296,0,0,0,0,0,0,0,0,0,0,0,0,0,0,0
3297,REST_X0,3297,2,0,0,0,0,0,0,0,0,0,0,0,0,0,0
3298,[X0_X1_GET_req],3298,3,1,0,0,0,0,0,0,0,0,0,0,0,0,0
3299,REST_X1,3299,3,2,0,0,0,0,0,0,0,0,0,0,0,0,0
3300,REST_X1,3300,3,5,0,0,0,0,0,0,0,0,0,0,0,0,0
3301,[X1_X2_GET_req],3301,3,6,1,0,0,0,0,0,0,0,0,0,0,0,0
3302,REST_X2,3302,3,6,2,0,0,0,0,0,0,0,0,0,0,0,0
3303,REST_X2,3303,3,6,3,0,0,0,0,0,0,0,0,0,0,0,0
3304,[X1_X2_GET_resp_2xx],3304,3,3,0,0,0,0,0,0,0,0,0,0,0,0,0
3305,[X0_X1_GET_resp_2xx],3305,0,0,0,0,0,0,0,0,0,0,0,0,0,0,0
3306,REST_X0,3306,2,0,0,0,0,0,0,0,0,0,0,0,0,0,0
3307,[X0_X1_GET_req],3307,3,1,0,0,0,0,0,0,0,0,0,0,0,0,0
3308,REST_X1,3308,3,2,0,0,0,0,0,0,0,0,0,0,0,0,0
3309,REST_X1,3309,3,5,0,0,0,0,0,0,0,0,0,0,0,0,0
3310,[X1_X2_GET_req],3310,3,6,1,0,0,0,0,0,0,0,0,0,0,0,0
3311,REST_X2,3311,3,6,2,0,0,0,0,0,0,0,0,0,0,0,0
3312,REST_X2,3312,3,6,3,0,0,0,0,0,0,0,0,0,0,0,0
3313,[X1_X2_GET_resp_2xx],3313,3,3,0,0,0,0,0,0,0,0,0,0,0,0,0
3314,[X0_X1_GET_resp_2xx],3314,0,0,0,0,0,0,0,0,0,0,0,0,0,0,0
3315,REST_X0,3315,2,0,0,0,0,0,0,0,0,0,0,0,0,0,0
3316,[X0_X1_GET_req],3316,3,1,0,0,0,0,0,0,0,0,0,0,0,0,0
3317,REST_X1,3317,3,2,0,0,0,0,0,0,0,0,0,0,0,0,0
3318,REST_X1,3318,3,5,0,0,0,0,0,0,0,0,0,0,0,0,0
3319,[X1_X2_GET_req],3319,3,6,1,0,0,0,0,0,0,0,0,0,0,0,0
3320,REST_X2,3320,3,6,2,0,0,0,0,0,0,0,0,0,0,0,0
3321,REST_X2,3321,3,6,4,0,0,0,0,0,0,0,0,0,0,0,0
3322,[X1_X2_GET_resp_5xx],3322,3,7,0,0,0,0,0,0,0,0,0,0,0,0,0
3323,[X1_X2_GET_req],3323,3,8,1,0,0,0,0,0,0,0,0,0,0,0,0
3324,REST_X2,3324,3,8,2,0,0,0,0,0,0,0,0,0,0,0,0
3325,REST_X2,3325,3,8,3,0,0,0,0,0,0,0,0,0,0,0,0
3326,[X1_X2_GET_resp_2xx],3326,3,3,0,0,0,0,0,0,0,0,0,0,0,0,0
3327,[X0_X1_GET_resp_2xx],3327,0,0,0,0,0,0,0,0,0,0,0,0,0,0,0
3328,REST_X0,3328,2,0,0,0,0,0,0,0,0,0,0,0,0,0,0
3329,[X0_X1_GET_req],3329,3,1,0,0,0,0,0,0,0,0,0,0,0,0,0
3330,REST_X1,3330,3,2,0,0,0,0,0,0,0,0,0,0,0,0,0
3331,REST_X1,3331,3,5,0,0,0,0,0,0,0,0,0,0,0,0,0
3332,[X1_X2_GET_req],3332,3,6,1,0,0,0,0,0,0,0,0,0,0,0,0
3333,REST_X2,3333,3,6,2,0,0,0,0,0,0,0,0,0,0,0,0
3334,REST_X2,3334,3,6,3,0,0,0,0,0,0,0,0,0,0,0,0
3335,[X1_X2_GET_resp_2xx],3335,3,3,0,0,0,0,0,0,0,0,0,0,0,0,0
3336,[X0_X1_GET_resp_2xx],3336,0,0,0,0,0,0,0,0,0,0,0,0,0,0,0
3337,REST_X0,3337,2,0,0,0,0,0,0,0,0,0,0,0,0,0,0
3338,[X0_X1_GET_req],3338,3,1,0,0,0,0,0,0,0,0,0,0,0,0,0
3339,REST_X1,3339,3,2,0,0,0,0,0,0,0,0,0,0,0,0,0
3340,REST_X1,3340,3,5,0,0,0,0,0,0,0,0,0,0,0,0,0
3341,[X1_X2_GET_req],3341,3,6,1,0,0,0,0,0,0,0,0,0,0,0,0
3342,REST_X2,3342,3,6,2,0,0,0,0,0,0,0,0,0,0,0,0
3343,REST_X2,3343,3,6,3,0,0,0,0,0,0,0,0,0,0,0,0
3344,[X1_X2_GET_resp_2xx],3344,3,3,0,0,0,0,0,0,0,0,0,0,0,0,0
3345,[X0_X1_GET_resp_2xx],3345,0,0,0,0,0,0,0,0,0,0,0,0,0,0,0
3346,REST_X0,3346,2,0,0,0,0,0,0,0,0,0,0,0,0,0,0
3347,[X0_X1_GET_req],3347,3,1,0,0,0,0,0,0,0,0,0,0,0,0,0
3348,REST_X1,3348,3,2,0,0,0,0,0,0,0,0,0,0,0,0,0
3349,REST_X1,3349,3,5,0,0,0,0,0,0,0,0,0,0,0,0,0
3350,[X1_X2_GET_req],3350,3,6,1,0,0,0,0,0,0,0,0,0,0,0,0
3351,REST_X2,3351,3,6,2,0,0,0,0,0,0,0,0,0,0,0,0
3352,REST_X2,3352,3,6,3,0,0,0,0,0,0,0,0,0,0,0,0
3353,[X1_X2_GET_resp_2xx],3353,3,3,0,0,0,0,0,0,0,0,0,0,0,0,0
3354,[X0_X1_GET_resp_2xx],3354,0,0,0,0,0,0,0,0,0,0,0,0,0,0,0
3355,REST_X0,3355,2,0,0,0,0,0,0,0,0,0,0,0,0,0,0
3356,[X0_X1_GET_req],3356,3,1,0,0,0,0,0,0,0,0,0,0,0,0,0
3357,REST_X1,3357,3,2,0,0,0,0,0,0,0,0,0,0,0,0,0
3358,REST_X1,3358,3,5,0,0,0,0,0,0,0,0,0,0,0,0,0
3359,[X1_X2_GET_req],3359,3,6,1,0,0,0,0,0,0,0,0,0,0,0,0
3360,REST_X2,3360,3,6,2,0,0,0,0,0,0,0,0,0,0,0,0
3361,REST_X2,3361,3,6,3,0,0,0,0,0,0,0,0,0,0,0,0
3362,[X1_X2_GET_resp_2xx],3362,3,3,0,0,0,0,0,0,0,0,0,0,0,0,0
3363,[X0_X1_GET_resp_2xx],3363,0,0,0,0,0,0,0,0,0,0,0,0,0,0,0
3364,REST_X0,3364,2,0,0,0,0,0,0,0,0,0,0,0,0,0,0
3365,[X0_X1_GET_req],3365,3,1,0,0,0,0,0,0,0,0,0,0,0,0,0
3366,REST_X1,3366,3,2,0,0,0,0,0,0,0,0,0,0,0,0,0
3367,REST_X1,3367,3,9,0,0,0,0,0,0,0,0,0,0,0,0,0
3368,[X1_X12_GET_req],3368,3,10,0,0,0,0,0,0,0,0,0,0,1,0,0
3369,REST_X12,3369,3,10,0,0,0,0,0,0,0,0,0,0,2,0,0
3370,REST_X12,3370,3,10,0,0,0,0,0,0,0,0,0,0,5,0,0
3371,[X12_X6_GET_req],3371,3,10,0,0,0,0,1,0,0,0,0,0,6,0,0
3372,REST_X6,3372,3,10,0,0,0,0,2,0,0,0,0,0,6,0,0
3373,REST_X6,3373,3,10,0,0,0,0,13,0,0,0,0,0,6,0,0
3374,[X6_X7_GET_req],3374,3,10,0,0,0,0,14,1,0,0,0,0,6,0,0
3375,REST_X7,3375,3,10,0,0,0,0,14,2,0,0,0,0,6,0,0
3376,REST_X7,3376,3,10,0,0,0,0,14,9,0,0,0,0,6,0,0
3377,[X7_X9_GET_req],3377,3,10,0,0,0,0,14,10,0,1,0,0,6,0,0
3378,REST_X9,3378,3,10,0,0,0,0,14,10,0,2,0,0,6,0,0
3379,REST_X9,3379,3,10,0,0,0,0,14,10,0,5,0,0,6,0,0
3380,[X9_X11_GET_req],3380,3,10,0,0,0,0,14,10,0,6,0,1,6,0,0
3381,REST_X11,3381,3,10,0,0,0,0,14,10,0,6,0,2,6,0,0
3382,REST_X11,3382,3,10,0,0,0,0,14,10,0,6,0,3,6,0,0
3383,[X9_X11_GET_resp_2xx],3383,3,10,0,0,0,0,14,10,0,3,0,0,6,0,0
3384,[X7_X9_GET_resp_2xx],3384,3,10,0,0,0,0,14,3,0,0,0,0,6,0,0
3385,[X6_X7_GET_resp_2xx],3385,3,10,0,0,0,0,3,0,0,0,0,0,6,0,0
3386,[X12_X6_GET_resp_2xx],3386,3,10,0,0,0,0,0,0,0,0,0,0,3,0,0
3387,[X1_X12_GET_resp_2xx],3387,3,3,0,0,0,0,0,0,0,0,0,0,0,0,0
3388,[X0_X1_GET_resp_2xx],3388,0,0,0,0,0,0,0,0,0,0,0,0,0,0,0
3389,REST_X0,3389,2,0,0,0,0,0,0,0,0,0,0,0,0,0,0
3390,[X0_X1_GET_req],3390,3,1,0,0,0,0,0,0,0,0,0,0,0,0,0
3391,REST_X1,3391,3,2,0,0,0,0,0,0,0,0,0,0,0,0,0
3392,REST_X1,3392,3,9,0,0,0,0,0,0,0,0,0,0,0,0,0
3393,[X1_X12_GET_req],3393,3,10,0,0,0,0,0,0,0,0,0,0,1,0,0
3394,REST_X12,3394,3,10,0,0,0,0,0,0,0,0,0,0,2,0,0
3395,REST_X12,3395,3,10,0,0,0,0,0,0,0,0,0,0,5,0,0
3396,[X12_X6_GET_req],3396,3,10,0,0,0,0,1,0,0,0,0,0,6,0,0
3397,REST_X6,3397,3,10,0,0,0,0,2,0,0,0,0,0,6,0,0
3398,REST_X6,3398,3,10,0,0,0,0,13,0,0,0,0,0,6,0,0
3399,[X6_X7_GET_req],3399,3,10,0,0,0,0,14,1,0,0,0,0,6,0,0
3400,REST_X7,3400,3,10,0,0,0,0,14,2,0,0,0,0,6,0,0
3401,REST_X7,3401,3,10,0,0,0,0,14,9,0,0,0,0,6,0,0
3402,[X7_X9_GET_req],3402,3,10,0,0,0,0,14,10,0,1,0,0,6,0,0
3403,REST_X9,3403,3,10,0,0,0,0,14,10,0,2,0,0,6,0,0
3404,REST_X9,3404,3,10,0,0,0,0,14,10,0,9,0,0,6,0,0
3405,[X9_X4_GET_req],3405,3,10,0,0,1,0,14,10,0,10,0,0,6,0,0
3406,REST_X4,3406,3,10,0,0,2,0,14,10,0,10,0,0,6,0,0
3407,REST_X4,3407,3,10,0,0,5,0,14,10,0,10,0,0,6,0,0
3408,[X4_X10_GET_req],3408,3,10,0,0,6,0,14,10,0,10,1,0,6,0,0
3409,REST_X10,3409,3,10,0,0,6,0,14,10,0,10,2,0,6,0,0
3410,REST_X10,3410,3,10,0,0,6,0,14,10,0,10,3,0,6,0,0
3411,[X4_X10_GET_resp_2xx],3411,3,10,0,0,3,0,14,10,0,10,0,0,6,0,0
3412,[X9_X4_GET_resp_2xx],3412,3,10,0,0,0,0,14,10,0,3,0,0,6,0,0
3413,[X7_X9_GET_resp_2xx],3413,3,10,0,0,0,0,14,3,0,0,0,0,6,0,0
3414,[X6_X7_GET_resp_2xx],3414,3,10,0,0,0,0,3,0,0,0,0,0,6,0,0
3415,[X12_X6_GET_resp_2xx],3415,3,10,0,0,0,0,0,0,0,0,0,0,3,0,0
3416,[X1_X12_GET_resp_2xx],3416,3,3,0,0,0,0,0,0,0,0,0,0,0,0,0
3417,[X0_X1_GET_resp_2xx],3417,0,0,0,0,0,0,0,0,0,0,0,0,0,0,0
3418,REST_X0,3418,2,0,0,0,0,0,0,0,0,0,0,0,0,0,0
3419,[X0_X1_GET_req],3419,3,1,0,0,0,0,0,0,0,0,0,0,0,0,0
3420,REST_X1,3420,3,2,0,0,0,0,0,0,0,0,0,0,0,0,0
3421,REST_X1,3421,3,9,0,0,0,0,0,0,0,0,0,0,0,0,0
3422,[X1_X12_GET_req],3422,3,10,0,0,0,0,0,0,0,0,0,0,1,0,0
3423,REST_X12,3423,3,10,0,0,0,0,0,0,0,0,0,0,2,0,0
3424,REST_X12,3424,3,10,0,0,0,0,0,0,0,0,0,0,5,0,0
3425,[X12_X6_GET_req],3425,3,10,0,0,0,0,1,0,0,0,0,0,6,0,0
3426,REST_X6,3426,3,10,0,0,0,0,2,0,0,0,0,0,6,0,0
3427,REST_X6,3427,3,10,0,0,0,0,9,0,0,0,0,0,6,0,0
3428,[X6_X8_GET_req],3428,3,10,0,0,0,0,10,0,1,0,0,0,6,0,0
3429,REST_X8,3429,3,10,0,0,0,0,10,0,2,0,0,0,6,0,0
3430,REST_X8,3430,3,10,0,0,0,0,10,0,3,0,0,0,6,0,0
3431,[X6_X8_GET_resp_2xx],3431,3,10,0,0,0,0,3,0,0,0,0,0,6,0,0
3432,[X12_X6_GET_resp_2xx],3432,3,10,0,0,0,0,0,0,0,0,0,0,3,0,0
3433,[X1_X12_GET_resp_2xx],3433,3,3,0,0,0,0,0,0,0,0,0,0,0,0,0
3434,[X0_X1_GET_resp_2xx],3434,0,0,0,0,0,0,0,0,0,0,0,0,0,0,0
3435,REST_X0,3435,2,0,0,0,0,0,0,0,0,0,0,0,0,0,0
3436,[X0_X1_GET_req],3436,3,1,0,0,0,0,0,0,0,0,0,0,0,0,0
3437,REST_X1,3437,3,2,0,0,0,0,0,0,0,0,0,0,0,0,0
3438,REST_X1,3438,3,5,0,0,0,0,0,0,0,0,0,0,0,0,0
3439,[X1_X2_GET_req],3439,3,6,1,0,0,0,0,0,0,0,0,0,0,0,0
3440,REST_X2,3440,3,6,2,0,0,0,0,0,0,0,0,0,0,0,0
3441,REST_X2,3441,3,6,3,0,0,0,0,0,0,0,0,0,0,0,0
3442,[X1_X2_GET_resp_2xx],3442,3,3,0,0,0,0,0,0,0,0,0,0,0,0,0
3443,[X0_X1_GET_resp_2xx],3443,0,0,0,0,0,0,0,0,0,0,0,0,0,0,0
3444,REST_X0,3444,2,0,0,0,0,0,0,0,0,0,0,0,0,0,0
3445,[X0_X1_GET_req],3445,3,1,0,0,0,0,0,0,0,0,0,0,0,0,0
3446,REST_X1,3446,3,2,0,0,0,0,0,0,0,0,0,0,0,0,0
3447,REST_X1,3447,3,5,0,0,0,0,0,0,0,0,0,0,0,0,0
3448,[X1_X2_GET_req],3448,3,6,1,0,0,0,0,0,0,0,0,0,0,0,0
3449,REST_X2,3449,3,6,2,0,0,0,0,0,0,0,0,0,0,0,0
3450,REST_X2,3450,3,6,3,0,0,0,0,0,0,0,0,0,0,0,0
3451,[X1_X2_GET_resp_2xx],3451,3,3,0,0,0,0,0,0,0,0,0,0,0,0,0
3452,[X0_X1_GET_resp_2xx],3452,0,0,0,0,0,0,0,0,0,0,0,0,0,0,0
3453,REST_X0,3453,2,0,0,0,0,0,0,0,0,0,0,0,0,0,0
3454,[X0_X1_GET_req],3454,3,1,0,0,0,0,0,0,0,0,0,0,0,0,0
3455,REST_X1,3455,3,2,0,0,0,0,0,0,0,0,0,0,0,0,0
3456,REST_X1,3456,3,9,0,0,0,0,0,0,0,0,0,0,0,0,0
3457,[X1_X12_GET_req],3457,3,10,0,0,0,0,0,0,0,0,0,0,1,0,0
3458,REST_X12,3458,3,10,0,0,0,0,0,0,0,0,0,0,2,0,0
3459,REST_X12,3459,3,10,0,0,0,0,0,0,0,0,0,0,5,0,0
3460,[X12_X6_GET_req],3460,3,10,0,0,0,0,1,0,0,0,0,0,6,0,0
3461,REST_X6,3461,3,10,0,0,0,0,2,0,0,0,0,0,6,0,0
3462,REST_X6,3462,3,10,0,0,0,0,5,0,0,0,0,0,6,0,0
3463,[X6_X3_GET_req],3463,3,10,0,1,0,0,6,0,0,0,0,0,6,0,0
3464,REST_X3,3464,3,10,0,2,0,0,6,0,0,0,0,0,6,0,0
3465,REST_X3,3465,3,10,0,4,0,0,6,0,0,0,0,0,6,0,0
3466,[X6_X3_GET_resp_5xx],3466,3,10,0,0,0,0,7,0,0,0,0,0,6,0,0
3467,[X6_X3_GET_req],3467,3,10,0,1,0,0,8,0,0,0,0,0,6,0,0
3468,REST_X3,3468,3,10,0,2,0,0,8,0,0,0,0,0,6,0,0
3469,REST_X3,3469,3,10,0,3,0,0,8,0,0,0,0,0,6,0,0
3470,[X6_X3_GET_resp_2xx],3470,3,10,0,0,0,0,3,0,0,0,0,0,6,0,0
3471,[X12_X6_GET_resp_2xx],3471,3,10,0,0,0,0,0,0,0,0,0,0,3,0,0
3472,[X1_X12_GET_resp_2xx],3472,3,3,0,0,0,0,0,0,0,0,0,0,0,0,0
3473,[X0_X1_GET_resp_2xx],3473,0,0,0,0,0,0,0,0,0,0,0,0,0,0,0
3474,REST_X0,3474,2,0,0,0,0,0,0,0,0,0,0,0,0,0,0
3475,[X0_X1_GET_req],3475,3,1,0,0,0,0,0,0,0,0,0,0,0,0,0
3476,REST_X1,3476,3,2,0,0,0,0,0,0,0,0,0,0,0,0,0
3477,REST_X1,3477,3,9,0,0,0,0,0,0,0,0,0,0,0,0,0
3478,[X1_X12_GET_req],3478,3,10,0,0,0,0,0,0,0,0,0,0,1,0,0
3479,REST_X12,3479,3,10,0,0,0,0,0,0,0,0,0,0,2,0,0
3480,REST_X12,3480,3,10,0,0,0,0,0,0,0,0,0,0,5,0,0
3481,[X12_X6_GET_req],3481,3,10,0,0,0,0,1,0,0,0,0,0,6,0,0
3482,REST_X6,3482,3,10,0,0,0,0,2,0,0,0,0,0,6,0,0
3483,REST_X6,3483,3,10,0,0,0,0,5,0,0,0,0,0,6,0,0
3484,[X6_X3_GET_req],3484,3,10,0,1,0,0,6,0,0,0,0,0,6,0,0
3485,REST_X3,3485,3,10,0,2,0,0,6,0,0,0,0,0,6,0,0
3486,REST_X3,3486,3,10,0,3,0,0,6,0,0,0,0,0,6,0,0
3487,[X6_X3_GET_resp_2xx],3487,3,10,0,0,0,0,3,0,0,0,0,0,6,0,0
3488,[X12_X6_GET_resp_2xx],3488,3,10,0,0,0,0,0,0,0,0,0,0,3,0,0
3489,[X1_X12_GET_resp_2xx],3489,3,3,0,0,0,0,0,0,0,0,0,0,0,0,0
3490,[X0_X1_GET_resp_2xx],3490,0,0,0,0,0,0,0,0,0,0,0,0,0,0,0
3491,REST_X0,3491,2,0,0,0,0,0,0,0,0,0,0,0,0,0,0
3492,[X0_X1_GET_req],3492,3,1,0,0,0,0,0,0,0,0,0,0,0,0,0
3493,REST_X1,3493,3,2,0,0,0,0,0,0,0,0,0,0,0,0,0
3494,REST_X1,3494,3,9,0,0,0,0,0,0,0,0,0,0,0,0,0
3495,[X1_X12_GET_req],3495,3,10,0,0,0,0,0,0,0,0,0,0,1,0,0
3496,REST_X12,3496,3,10,0,0,0,0,0,0,0,0,0,0,2,0,0
3497,REST_X12,3497,3,10,0,0,0,0,0,0,0,0,0,0,5,0,0
3498,[X12_X6_GET_req],3498,3,10,0,0,0,0,1,0,0,0,0,0,6,0,0
3499,REST_X6,3499,3,10,0,0,0,0,2,0,0,0,0,0,6,0,0
3500,REST_X6,3500,3,10,0,0,0,0,9,0,0,0,0,0,6,0,0
3501,[X6_X8_GET_req],3501,3,10,0,0,0,0,10,0,1,0,0,0,6,0,0
3502,REST_X8,3502,3,10,0,0,0,0,10,0,2,0,0,0,6,0,0
3503,REST_X8,3503,3,10,0,0,0,0,10,0,3,0,0,0,6,0,0
3504,[X6_X8_GET_resp_2xx],3504,3,10,0,0,0,0,3,0,0,0,0,0,6,0,0
3505,[X12_X6_GET_resp_2xx],3505,3,10,0,0,0,0,0,0,0,0,0,0,3,0,0
3506,[X1_X12_GET_resp_2xx],3506,3,3,0,0,0,0,0,0,0,0,0,0,0,0,0
3507,[X0_X1_GET_resp_2xx],3507,0,0,0,0,0,0,0,0,0,0,0,0,0,0,0
3508,REST_X0,3508,2,0,0,0,0,0,0,0,0,0,0,0,0,0,0
3509,[X0_X1_GET_req],3509,3,1,0,0,0,0,0,0,0,0,0,0,0,0,0
3510,REST_X1,3510,3,2,0,0,0,0,0,0,0,0,0,0,0,0,0
3511,REST_X1,3511,3,5,0,0,0,0,0,0,0,0,0,0,0,0,0
3512,[X1_X2_GET_req],3512,3,6,1,0,0,0,0,0,0,0,0,0,0,0,0
3513,REST_X2,3513,3,6,2,0,0,0,0,0,0,0,0,0,0,0,0
3514,REST_X2,3514,3,6,3,0,0,0,0,0,0,0,0,0,0,0,0
3515,[X1_X2_GET_resp_2xx],3515,3,3,0,0,0,0,0,0,0,0,0,0,0,0,0
3516,[X0_X1_GET_resp_2xx],3516,0,0,0,0,0,0,0,0,0,0,0,0,0,0,0
3517,REST_X0,3517,2,0,0,0,0,0,0,0,0,0,0,0,0,0,0
3518,[X0_X1_GET_req],3518,3,1,0,0,0,0,0,0,0,0,0,0,0,0,0
3519,REST_X1,3519,3,2,0,0,0,0,0,0,0,0,0,0,0,0,0
3520,REST_X1,3520,3,5,0,0,0,0,0,0,0,0,0,0,0,0,0
3521,[X1_X2_GET_req],3521,3,6,1,0,0,0,0,0,0,0,0,0,0,0,0
3522,REST_X2,3522,3,6,2,0,0,0,0,0,0,0,0,0,0,0,0
3523,REST_X2,3523,3,6,3,0,0,0,0,0,0,0,0,0,0,0,0
3524,[X1_X2_GET_resp_2xx],3524,3,3,0,0,0,0,0,0,0,0,0,0,0,0,0
3525,[X0_X1_GET_resp_2xx],3525,0,0,0,0,0,0,0,0,0,0,0,0,0,0,0
3526,REST_X0,3526,2,0,0,0,0,0,0,0,0,0,0,0,0,0,0
3527,[X0_X1_GET_req],3527,3,1,0,0,0,0,0,0,0,0,0,0,0,0,0
3528,REST_X1,3528,3,2,0,0,0,0,0,0,0,0,0,0,0,0,0
3529,REST_X1,3529,3,9,0,0,0,0,0,0,0,0,0,0,0,0,0
3530,[X1_X12_GET_req],3530,3,10,0,0,0,0,0,0,0,0,0,0,1,0,0
3531,REST_X12,3531,3,10,0,0,0,0,0,0,0,0,0,0,2,0,0
3532,REST_X12,3532,3,10,0,0,0,0,0,0,0,0,0,0,5,0,0
3533,[X12_X6_GET_req],3533,3,10,0,0,0,0,1,0,0,0,0,0,6,0,0
3534,REST_X6,3534,3,10,0,0,0,0,2,0,0,0,0,0,6,0,0
3535,REST_X6,3535,3,10,0,0,0,0,9,0,0,0,0,0,6,0,0
3536,[X6_X8_GET_req],3536,3,10,0,0,0,0,10,0,1,0,0,0,6,0,0
3537,REST_X8,3537,3,10,0,0,0,0,10,0,2,0,0,0,6,0,0
3538,REST_X8,3538,3,10,0,0,0,0,10,0,3,0,0,0,6,0,0
3539,[X6_X8_GET_resp_2xx],3539,3,10,0,0,0,0,3,0,0,0,0,0,6,0,0
3540,[X12_X6_GET_resp_2xx],3540,3,10,0,0,0,0,0,0,0,0,0,0,3,0,0
3541,[X1_X12_GET_resp_2xx],3541,3,3,0,0,0,0,0,0,0,0,0,0,0,0,0
3542,[X0_X1_GET_resp_2xx],3542,0,0,0,0,0,0,0,0,0,0,0,0,0,0,0
3543,REST_X0,3543,2,0,0,0,0,0,0,0,0,0,0,0,0,0,0
3544,[X0_X1_GET_req],3544,3,1,0,0,0,0,0,0,0,0,0,0,0,0,0
3545,REST_X1,3545,3,2,0,0,0,0,0,0,0,0,0,0,0,0,0
3546,REST_X1,3546,3,9,0,0,0,0,0,0,0,0,0,0,0,0,0
3547,[X1_X12_GET_req],3547,3,10,0,0,0,0,0,0,0,0,0,0,1,0,0
3548,REST_X12,3548,3,10,0,0,0,0,0,0,0,0,0,0,2,0,0
3549,REST_X12,3549,3,10,0,0,0,0,0,0,0,0,0,0,5,0,0
3550,[X12_X6_GET_req],3550,3,10,0,0,0,0,1,0,0,0,0,0,6,0,0
3551,REST_X6,3551,3,10,0,0,0,0,2,0,0,0,0,0,6,0,0
3552,REST_X6,3552,3,10,0,0,0,0,9,0,0,0,0,0,6,0,0
3553,[X6_X8_GET_req],3553,3,10,0,0,0,0,10,0,1,0,0,0,6,0,0
3554,REST_X8,3554,3,10,0,0,0,0,10,0,2,0,0,0,6,0,0
3555,REST_X8,3555,3,10,0,0,0,0,10,0,3,0,0,0,6,0,0
3556,[X6_X8_GET_resp_2xx],3556,3,10,0,0,0,0,3,0,0,0,0,0,6,0,0
3557,[X12_X6_GET_resp_2xx],3557,3,10,0,0,0,0,0,0,0,0,0,0,3,0,0
3558,[X1_X12_GET_resp_2xx],3558,3,3,0,0,0,0,0,0,0,0,0,0,0,0,0
3559,[X0_X1_GET_resp_2xx],3559,0,0,0,0,0,0,0,0,0,0,0,0,0,0,0
3560,REST_X0,3560,2,0,0,0,0,0,0,0,0,0,0,0,0,0,0
3561,[X0_X1_GET_req],3561,3,1,0,0,0,0,0,0,0,0,0,0,0,0,0
3562,REST_X1,3562,3,2,0,0,0,0,0,0,0,0,0,0,0,0,0
3563,REST_X1,3563,3,9,0,0,0,0,0,0,0,0,0,0,0,0,0
3564,[X1_X12_GET_req],3564,3,10,0,0,0,0,0,0,0,0,0,0,1,0,0
3565,REST_X12,3565,3,10,0,0,0,0,0,0,0,0,0,0,2,0,0
3566,REST_X12,3566,3,10,0,0,0,0,0,0,0,0,0,0,5,0,0
3567,[X12_X6_GET_req],3567,3,10,0,0,0,0,1,0,0,0,0,0,6,0,0
3568,REST_X6,3568,3,10,0,0,0,0,2,0,0,0,0,0,6,0,0
3569,REST_X6,3569,3,10,0,0,0,0,13,0,0,0,0,0,6,0,0
3570,[X6_X7_GET_req],3570,3,10,0,0,0,0,14,1,0,0,0,0,6,0,0
3571,REST_X7,3571,3,10,0,0,0,0,14,2,0,0,0,0,6,0,0
3572,REST_X7,3572,3,10,0,0,0,0,14,9,0,0,0,0,6,0,0
3573,[X7_X9_GET_req],3573,3,10,0,0,0,0,14,10,0,1,0,0,6,0,0
3574,REST_X9,3574,3,10,0,0,0,0,14,10,0,2,0,0,6,0,0
3575,REST_X9,3575,3,10,0,0,0,0,14,10,0,5,0,0,6,0,0
3576,[X9_X11_GET_req],3576,3,10,0,0,0,0,14,10,0,6,0,1,6,0,0
3577,REST_X11,3577,3,10,0,0,0,0,14,10,0,6,0,2,6,0,0
3578,REST_X11,3578,3,10,0,0,0,0,14,10,0,6,0,3,6,0,0
3579,[X9_X11_GET_resp_2xx],3579,3,10,0,0,0,0,14,10,0,3,0,0,6,0,0
3580,[X7_X9_GET_resp_2xx],3580,3,10,0,0,0,0,14,3,0,0,0,0,6,0,0
3581,[X6_X7_GET_resp_2xx],3581,3,10,0,0,0,0,3,0,0,0,0,0,6,0,0
3582,[X12_X6_GET_resp_2xx],3582,3,10,0,0,0,0,0,0,0,0,0,0,3,0,0
3583,[X1_X12_GET_resp_2xx],3583,3,3,0,0,0,0,0,0,0,0,0,0,0,0,0
3584,[X0_X1_GET_resp_2xx],3584,0,0,0,0,0,0,0,0,0,0,0,0,0,0,0
3585,REST_X0,3585,2,0,0,0,0,0,0,0,0,0,0,0,0,0,0
3586,[X0_X1_GET_req],3586,3,1,0,0,0,0,0,0,0,0,0,0,0,0,0
3587,REST_X1,3587,3,2,0,0,0,0,0,0,0,0,0,0,0,0,0
3588,REST_X1,3588,3,5,0,0,0,0,0,0,0,0,0,0,0,0,0
3589,[X1_X2_GET_req],3589,3,6,1,0,0,0,0,0,0,0,0,0,0,0,0
3590,REST_X2,3590,3,6,2,0,0,0,0,0,0,0,0,0,0,0,0
3591,REST_X2,3591,3,6,3,0,0,0,0,0,0,0,0,0,0,0,0
3592,[X1_X2_GET_resp_2xx],3592,3,3,0,0,0,0,0,0,0,0,0,0,0,0,0
3593,[X0_X1_GET_resp_2xx],3593,0,0,0,0,0,0,0,0,0,0,0,0,0,0,0
3594,REST_X0,3594,2,0,0,0,0,0,0,0,0,0,0,0,0,0,0
3595,[X0_X1_GET_req],3595,3,1,0,0,0,0,0,0,0,0,0,0,0,0,0
3596,REST_X1,3596,3,2,0,0,0,0,0,0,0,0,0,0,0,0,0
3597,REST_X1,3597,3,9,0,0,0,0,0,0,0,0,0,0,0,0,0
3598,[X1_X12_GET_req],3598,3,10,0,0,0,0,0,0,0,0,0,0,1,0,0
3599,REST_X12,3599,3,10,0,0,0,0,0,0,0,0,0,0,2,0,0
3600,REST_X12,3600,3,10,0,0,0,0,0,0,0,0,0,0,5,0,0
3601,[X12_X6_GET_req],3601,3,10,0,0,0,0,1,0,0,0,0,0,6,0,0
3602,REST_X6,3602,3,10,0,0,0,0,2,0,0,0,0,0,6,0,0
3603,REST_X6,3603,3,10,0,0,0,0,13,0,0,0,0,0,6,0,0
3604,[X6_X7_GET_req],3604,3,10,0,0,0,0,14,1,0,0,0,0,6,0,0
3605,REST_X7,3605,3,10,0,0,0,0,14,2,0,0,0,0,6,0,0
3606,REST_X7,3606,3,10,0,0,0,0,14,9,0,0,0,0,6,0,0
3607,[X7_X9_GET_req],3607,3,10,0,0,0,0,14,10,0,1,0,0,6,0,0
3608,REST_X9,3608,3,10,0,0,0,0,14,10,0,2,0,0,6,0,0
3609,REST_X9,3609,3,10,0,0,0,0,14,10,0,5,0,0,6,0,0
3610,[X9_X11_GET_req],3610,3,10,0,0,0,0,14,10,0,6,0,1,6,0,0
3611,REST_X11,3611,3,10,0,0,0,0,14,10,0,6,0,2,6,0,0
3612,REST_X11,3612,3,10,0,0,0,0,14,10,0,6,0,3,6,0,0
3613,[X9_X11_GET_resp_2xx],3613,3,10,0,0,0,0,14,10,0,3,0,0,6,0,0
3614,[X7_X9_GET_resp_2xx],3614,3,10,0,0,0,0,14,3,0,0,0,0,6,0,0
3615,[X6_X7_GET_resp_2xx],3615,3,10,0,0,0,0,3,0,0,0,0,0,6,0,0
3616,[X12_X6_GET_resp_2xx],3616,3,10,0,0,0,0,0,0,0,0,0,0,3,0,0
3617,[X1_X12_GET_resp_2xx],3617,3,3,0,0,0,0,0,0,0,0,0,0,0,0,0
3618,[X0_X1_GET_resp_2xx],3618,0,0,0,0,0,0,0,0,0,0,0,0,0,0,0
3619,REST_X0,3619,2,0,0,0,0,0,0,0,0,0,0,0,0,0,0
3620,[X0_X1_GET_req],3620,3,1,0,0,0,0,0,0,0,0,0,0,0,0,0
3621,REST_X1,3621,3,2,0,0,0,0,0,0,0,0,0,0,0,0,0
3622,REST_X1,3622,3,9,0,0,0,0,0,0,0,0,0,0,0,0,0
3623,[X1_X12_GET_req],3623,3,10,0,0,0,0,0,0,0,0,0,0,1,0,0
3624,REST_X12,3624,3,10,0,0,0,0,0,0,0,0,0,0,2,0,0
3625,REST_X12,3625,3,10,0,0,0,0,0,0,0,0,0,0,5,0,0
3626,[X12_X6_GET_req],3626,3,10,0,0,0,0,1,0,0,0,0,0,6,0,0
3627,REST_X6,3627,3,10,0,0,0,0,2,0,0,0,0,0,6,0,0
3628,REST_X6,3628,3,10,0,0,0,0,9,0,0,0,0,0,6,0,0
3629,[X6_X8_GET_req],3629,3,10,0,0,0,0,10,0,1,0,0,0,6,0,0
3630,REST_X8,3630,3,10,0,0,0,0,10,0,2,0,0,0,6,0,0
3631,REST_X8,3631,3,10,0,0,0,0,10,0,3,0,0,0,6,0,0
3632,[X6_X8_GET_resp_2xx],3632,3,10,0,0,0,0,3,0,0,0,0,0,6,0,0
3633,[X12_X6_GET_resp_2xx],3633,3,10,0,0,0,0,0,0,0,0,0,0,3,0,0
3634,[X1_X12_GET_resp_2xx],3634,3,3,0,0,0,0,0,0,0,0,0,0,0,0,0
3635,[X0_X1_GET_resp_2xx],3635,0,0,0,0,0,0,0,0,0,0,0,0,0,0,0
3636,REST_X0,3636,2,0,0,0,0,0,0,0,0,0,0,0,0,0,0
3637,[X0_X1_GET_req],3637,3,1,0,0,0,0,0,0,0,0,0,0,0,0,0
3638,REST_X1,3638,3,2,0,0,0,0,0,0,0,0,0,0,0,0,0
3639,REST_X1,3639,3,5,0,0,0,0,0,0,0,0,0,0,0,0,0
3640,[X1_X2_GET_req],3640,3,6,1,0,0,0,0,0,0,0,0,0,0,0,0
3641,REST_X2,3641,3,6,2,0,0,0,0,0,0,0,0,0,0,0,0
3642,REST_X2,3642,3,6,3,0,0,0,0,0,0,0,0,0,0,0,0
3643,[X1_X2_GET_resp_2xx],3643,3,3,0,0,0,0,0,0,0,0,0,0,0,0,0
3644,[X0_X1_GET_resp_2xx],3644,0,0,0,0,0,0,0,0,0,0,0,0,0,0,0
3645,REST_X0,3645,2,0,0,0,0,0,0,0,0,0,0,0,0,0,0
3646,[X0_X1_GET_req],3646,3,1,0,0,0,0,0,0,0,0,0,0,0,0,0
3647,REST_X1,3647,3,2,0,0,0,0,0,0,0,0,0,0,0,0,0
3648,REST_X1,3648,3,9,0,0,0,0,0,0,0,0,0,0,0,0,0
3649,[X1_X12_GET_req],3649,3,10,0,0,0,0,0,0,0,0,0,0,1,0,0
3650,REST_X12,3650,3,10,0,0,0,0,0,0,0,0,0,0,2,0,0
3651,REST_X12,3651,3,10,0,0,0,0,0,0,0,0,0,0,5,0,0
3652,[X12_X6_GET_req],3652,3,10,0,0,0,0,1,0,0,0,0,0,6,0,0
3653,REST_X6,3653,3,10,0,0,0,0,2,0,0,0,0,0,6,0,0
3654,REST_X6,3654,3,10,0,0,0,0,13,0,0,0,0,0,6,0,0
3655,[X6_X7_GET_req],3655,3,10,0,0,0,0,14,1,0,0,0,0,6,0,0
3656,REST_X7,3656,3,10,0,0,0,0,14,2,0,0,0,0,6,0,0
3657,REST_X7,3657,3,10,0,0,0,0,14,5,0,0,0,0,6,0,0
3658,[X7_X5_GET_req],3658,3,10,0,0,0,1,14,6,0,0,0,0,6,0,0
3659,REST_X5,3659,3,10,0,0,0,2,14,6,0,0,0,0,6,0,0
3660,REST_X5,3660,3,10,0,0,0,4,14,6,0,0,0,0,6,0,0
3661,[X7_X5_GET_resp_5xx],3661,3,10,0,0,0,0,14,7,0,0,0,0,6,0,0
3662,[X7_X5_GET_req],3662,3,10,0,0,0,1,14,8,0,0,0,0,6,0,0
3663,REST_X5,3663,3,10,0,0,0,2,14,8,0,0,0,0,6,0,0
3664,REST_X5,3664,3,10,0,0,0,3,14,8,0,0,0,0,6,0,0
3665,[X7_X5_GET_resp_2xx],3665,3,10,0,0,0,0,14,3,0,0,0,0,6,0,0
3666,[X6_X7_GET_resp_2xx],3666,3,10,0,0,0,0,3,0,0,0,0,0,6,0,0
3667,[X12_X6_GET_resp_2xx],3667,3,10,0,0,0,0,0,0,0,0,0,0,3,0,0
3668,[X1_X12_GET_resp_2xx],3668,3,3,0,0,0,0,0,0,0,0,0,0,0,0,0
3669,[X0_X1_GET_resp_2xx],3669,0,0,0,0,0,0,0,0,0,0,0,0,0,0,0
3670,REST_X0,3670,2,0,0,0,0,0,0,0,0,0,0,0,0,0,0
3671,[X0_X1_GET_req],3671,3,1,0,0,0,0,0,0,0,0,0,0,0,0,0
3672,REST_X1,3672,3,2,0,0,0,0,0,0,0,0,0,0,0,0,0
3673,REST_X1,3673,3,5,0,0,0,0,0,0,0,0,0,0,0,0,0
3674,[X1_X2_GET_req],3674,3,6,1,0,0,0,0,0,0,0,0,0,0,0,0
3675,REST_X2,3675,3,6,2,0,0,0,0,0,0,0,0,0,0,0,0
3676,REST_X2,3676,3,6,3,0,0,0,0,0,0,0,0,0,0,0,0
3677,[X1_X2_GET_resp_2xx],3677,3,3,0,0,0,0,0,0,0,0,0,0,0,0,0
3678,[X0_X1_GET_resp_2xx],3678,0,0,0,0,0,0,0,0,0,0,0,0,0,0,0
3679,REST_X0,3679,2,0,0,0,0,0,0,0,0,0,0,0,0,0,0
3680,[X0_X1_GET_req],3680,3,1,0,0,0,0,0,0,0,0,0,0,0,0,0
3681,REST_X1,3681,3,2,0,0,0,0,0,0,0,0,0,0,0,0,0
3682,REST_X1,3682,3,5,0,0,0,0,0,0,0,0,0,0,0,0,0
3683,[X1_X2_GET_req],3683,3,6,1,0,0,0,0,0,0,0,0,0,0,0,0
3684,REST_X2,3684,3,6,2,0,0,0,0,0,0,0,0,0,0,0,0
3685,REST_X2,3685,3,6,3,0,0,0,0,0,0,0,0,0,0,0,0
3686,[X1_X2_GET_resp_2xx],3686,3,3,0,0,0,0,0,0,0,0,0,0,0,0,0
3687,[X0_X1_GET_resp_2xx],3687,0,0,0,0,0,0,0,0,0,0,0,0,0,0,0
3688,REST_X0,3688,2,0,0,0,0,0,0,0,0,0,0,0,0,0,0
3689,[X0_X1_GET_req],3689,3,1,0,0,0,0,0,0,0,0,0,0,0,0,0
3690,REST_X1,3690,3,2,0,0,0,0,0,0,0,0,0,0,0,0,0
3691,REST_X1,3691,3,5,0,0,0,0,0,0,0,0,0,0,0,0,0
3692,[X1_X2_GET_req],3692,3,6,1,0,0,0,0,0,0,0,0,0,0,0,0
3693,REST_X2,3693,3,6,2,0,0,0,0,0,0,0,0,0,0,0,0
3694,REST_X2,3694,3,6,4,0,0,0,0,0,0,0,0,0,0,0,0
3695,[X1_X2_GET_resp_5xx],3695,3,7,0,0,0,0,0,0,0,0,0,0,0,0,0
3696,[X1_X2_GET_req],3696,3,8,1,0,0,0,0,0,0,0,0,0,0,0,0
3697,REST_X2,3697,3,8,2,0,0,0,0,0,0,0,0,0,0,0,0
3698,REST_X2,3698,3,8,3,0,0,0,0,0,0,0,0,0,0,0,0
3699,[X1_X2_GET_resp_2xx],3699,3,3,0,0,0,0,0,0,0,0,0,0,0,0,0
3700,[X0_X1_GET_resp_2xx],3700,0,0,0,0,0,0,0,0,0,0,0,0,0,0,0
3701,REST_X0,3701,2,0,0,0,0,0,0,0,0,0,0,0,0,0,0
3702,[X0_X1_GET_req],3702,3,1,0,0,0,0,0,0,0,0,0,0,0,0,0
3703,REST_X1,3703,3,2,0,0,0,0,0,0,0,0,0,0,0,0,0
3704,REST_X1,3704,3,9,0,0,0,0,0,0,0,0,0,0,0,0,0
3705,[X1_X12_GET_req],3705,3,10,0,0,0,0,0,0,0,0,0,0,1,0,0
3706,REST_X12,3706,3,10,0,0,0,0,0,0,0,0,0,0,2,0,0
3707,REST_X12,3707,3,10,0,0,0,0,0,0,0,0,0,0,5,0,0
3708,[X12_X6_GET_req],3708,3,10,0,0,0,0,1,0,0,0,0,0,6,0,0
3709,REST_X6,3709,3,10,0,0,0,0,2,0,0,0,0,0,6,0,0
3710,REST_X6,3710,3,10,0,0,0,0,9,0,0,0,0,0,6,0,0
3711,[X6_X8_GET_req],3711,3,10,0,0,0,0,10,0,1,0,0,0,6,0,0
3712,REST_X8,3712,3,10,0,0,0,0,10,0,2,0,0,0,6,0,0
3713,REST_X8,3713,3,10,0,0,0,0,10,0,3,0,0,0,6,0,0
3714,[X6_X8_GET_resp_2xx],3714,3,10,0,0,0,0,3,0,0,0,0,0,6,0,0
3715,[X12_X6_GET_resp_2xx],3715,3,10,0,0,0,0,0,0,0,0,0,0,3,0,0
3716,[X1_X12_GET_resp_2xx],3716,3,3,0,0,0,0,0,0,0,0,0,0,0,0,0
3717,[X0_X1_GET_resp_2xx],3717,0,0,0,0,0,0,0,0,0,0,0,0,0,0,0
3718,REST_X0,3718,2,0,0,0,0,0,0,0,0,0,0,0,0,0,0
3719,[X0_X1_GET_req],3719,3,1,0,0,0,0,0,0,0,0,0,0,0,0,0
3720,REST_X1,3720,3,2,0,0,0,0,0,0,0,0,0,0,0,0,0
3721,REST_X1,3721,3,5,0,0,0,0,0,0,0,0,0,0,0,0,0
3722,[X1_X2_GET_req],3722,3,6,1,0,0,0,0,0,0,0,0,0,0,0,0
3723,REST_X2,3723,3,6,2,0,0,0,0,0,0,0,0,0,0,0,0
3724,REST_X2,3724,3,6,3,0,0,0,0,0,0,0,0,0,0,0,0
3725,[X1_X2_GET_resp_2xx],3725,3,3,0,0,0,0,0,0,0,0,0,0,0,0,0
3726,[X0_X1_GET_resp_2xx],3726,0,0,0,0,0,0,0,0,0,0,0,0,0,0,0
3727,REST_X0,3727,2,0,0,0,0,0,0,0,0,0,0,0,0,0,0
3728,[X0_X1_GET_req],3728,3,1,0,0,0,0,0,0,0,0,0,0,0,0,0
3729,REST_X1,3729,3,2,0,0,0,0,0,0,0,0,0,0,0,0,0
3730,REST_X1,3730,3,9,0,0,0,0,0,0,0,0,0,0,0,0,0
3731,[X1_X12_GET_req],3731,3,10,0,0,0,0,0,0,0,0,0,0,1,0,0
3732,REST_X12,3732,3,10,0,0,0,0,0,0,0,0,0,0,2,0,0
3733,REST_X12,3733,3,10,0,0,0,0,0,0,0,0,0,0,5,0,0
3734,[X12_X6_GET_req],3734,3,10,0,0,0,0,1,0,0,0,0,0,6,0,0
3735,REST_X6,3735,3,10,0,0,0,0,2,0,0,0,0,0,6,0,0
3736,REST_X6,3736,3,10,0,0,0,0,9,0,0,0,0,0,6,0,0
3737,[X6_X8_GET_req],3737,3,10,0,0,0,0,10,0,1,0,0,0,6,0,0
3738,REST_X8,3738,3,10,0,0,0,0,10,0,2,0,0,0,6,0,0
3739,REST_X8,3739,3,10,0,0,0,0,10,0,3,0,0,0,6,0,0
3740,[X6_X8_GET_resp_2xx],3740,3,10,0,0,0,0,3,0,0,0,0,0,6,0,0
3741,[X12_X6_GET_resp_2xx],3741,3,10,0,0,0,0,0,0,0,0,0,0,3,0,0
3742,[X1_X12_GET_resp_2xx],3742,3,3,0,0,0,0,0,0,0,0,0,0,0,0,0
3743,[X0_X1_GET_resp_2xx],3743,0,0,0,0,0,0,0,0,0,0,0,0,0,0,0
3744,REST_X0,3744,2,0,0,0,0,0,0,0,0,0,0,0,0,0,0
3745,[X0_X1_GET_req],3745,3,1,0,0,0,0,0,0,0,0,0,0,0,0,0
3746,REST_X1,3746,3,2,0,0,0,0,0,0,0,0,0,0,0,0,0
3747,REST_X1,3747,3,5,0,0,0,0,0,0,0,0,0,0,0,0,0
3748,[X1_X2_GET_req],3748,3,6,1,0,0,0,0,0,0,0,0,0,0,0,0
3749,REST_X2,3749,3,6,2,0,0,0,0,0,0,0,0,0,0,0,0
3750,REST_X2,3750,3,6,3,0,0,0,0,0,0,0,0,0,0,0,0
3751,[X1_X2_GET_resp_2xx],3751,3,3,0,0,0,0,0,0,0,0,0,0,0,0,0
3752,[X0_X1_GET_resp_2xx],3752,0,0,0,0,0,0,0,0,0,0,0,0,0,0,0
3753,REST_X0,3753,2,0,0,0,0,0,0,0,0,0,0,0,0,0,0
3754,[X0_X1_GET_req],3754,3,1,0,0,0,0,0,0,0,0,0,0,0,0,0
3755,REST_X1,3755,3,2,0,0,0,0,0,0,0,0,0,0,0,0,0
3756,REST_X1,3756,3,9,0,0,0,0,0,0,0,0,0,0,0,0,0
3757,[X1_X12_GET_req],3757,3,10,0,0,0,0,0,0,0,0,0,0,1,0,0
3758,REST_X12,3758,3,10,0,0,0,0,0,0,0,0,0,0,2,0,0
3759,REST_X12,3759,3,10,0,0,0,0,0,0,0,0,0,0,5,0,0
3760,[X12_X6_GET_req],3760,3,10,0,0,0,0,1,0,0,0,0,0,6,0,0
3761,REST_X6,3761,3,10,0,0,0,0,2,0,0,0,0,0,6,0,0
3762,REST_X6,3762,3,10,0,0,0,0,5,0,0,0,0,0,6,0,0
3763,[X6_X3_GET_req],3763,3,10,0,1,0,0,6,0,0,0,0,0,6,0,0
3764,REST_X3,3764,3,10,0,2,0,0,6,0,0,0,0,0,6,0,0
3765,REST_X3,3765,3,10,0,3,0,0,6,0,0,0,0,0,6,0,0
3766,[X6_X3_GET_resp_2xx],3766,3,10,0,0,0,0,3,0,0,0,0,0,6,0,0
3767,[X12_X6_GET_resp_2xx],3767,3,10,0,0,0,0,0,0,0,0,0,0,3,0,0
3768,[X1_X12_GET_resp_2xx],3768,3,3,0,0,0,0,0,0,0,0,0,0,0,0,0
3769,[X0_X1_GET_resp_2xx],3769,0,0,0,0,0,0,0,0,0,0,0,0,0,0,0
3770,REST_X0,3770,2,0,0,0,0,0,0,0,0,0,0,0,0,0,0
3771,[X0_X1_GET_req],3771,3,1,0,0,0,0,0,0,0,0,0,0,0,0,0
3772,REST_X1,3772,3,2,0,0,0,0,0,0,0,0,0,0,0,0,0
3773,REST_X1,3773,3,9,0,0,0,0,0,0,0,0,0,0,0,0,0
3774,[X1_X12_GET_req],3774,3,10,0,0,0,0,0,0,0,0,0,0,1,0,0
3775,REST_X12,3775,3,10,0,0,0,0,0,0,0,0,0,0,2,0,0
3776,REST_X12,3776,3,10,0,0,0,0,0,0,0,0,0,0,5,0,0
3777,[X12_X6_GET_req],3777,3,10,0,0,0,0,1,0,0,0,0,0,6,0,0
3778,REST_X6,3778,3,10,0,0,0,0,2,0,0,0,0,0,6,0,0
3779,REST_X6,3779,3,10,0,0,0,0,5,0,0,0,0,0,6,0,0
3780,[X6_X3_GET_req],3780,3,10,0,1,0,0,6,0,0,0,0,0,6,0,0
3781,REST_X3,3781,3,10,0,2,0,0,6,0,0,0,0,0,6,0,0
3782,REST_X3,3782,3,10,0,3,0,0,6,0,0,0,0,0,6,0,0
3783,[X6_X3_GET_resp_2xx],3783,3,10,0,0,0,0,3,0,0,0,0,0,6,0,0
3784,[X12_X6_GET_resp_2xx],3784,3,10,0,0,0,0,0,0,0,0,0,0,3,0,0
3785,[X1_X12_GET_resp_2xx],3785,3,3,0,0,0,0,0,0,0,0,0,0,0,0,0
3786,[X0_X1_GET_resp_2xx],3786,0,0,0,0,0,0,0,0,0,0,0,0,0,0,0
3787,REST_X0,3787,2,0,0,0,0,0,0,0,0,0,0,0,0,0,0
3788,[X0_X1_GET_req],3788,3,1,0,0,0,0,0,0,0,0,0,0,0,0,0
3789,REST_X1,3789,3,2,0,0,0,0,0,0,0,0,0,0,0,0,0
3790,REST_X1,3790,3,5,0,0,0,0,0,0,0,0,0,0,0,0,0
3791,[X1_X2_GET_req],3791,3,6,1,0,0,0,0,0,0,0,0,0,0,0,0
3792,REST_X2,3792,3,6,2,0,0,0,0,0,0,0,0,0,0,0,0
3793,REST_X2,3793,3,6,3,0,0,0,0,0,0,0,0,0,0,0,0
3794,[X1_X2_GET_resp_2xx],3794,3,3,0,0,0,0,0,0,0,0,0,0,0,0,0
3795,[X0_X1_GET_resp_2xx],3795,0,0,0,0,0,0,0,0,0,0,0,0,0,0,0
3796,REST_X0,3796,2,0,0,0,0,0,0,0,0,0,0,0,0,0,0
3797,[X0_X1_GET_req],3797,3,1,0,0,0,0,0,0,0,0,0,0,0,0,0
3798,REST_X1,3798,3,2,0,0,0,0,0,0,0,0,0,0,0,0,0
3799,REST_X1,3799,3,9,0,0,0,0,0,0,0,0,0,0,0,0,0
3800,[X1_X12_GET_req],3800,3,10,0,0,0,0,0,0,0,0,0,0,1,0,0
3801,REST_X12,3801,3,10,0,0,0,0,0,0,0,0,0,0,2,0,0
3802,REST_X12,3802,3,10,0,0,0,0,0,0,0,0,0,0,5,0,0
3803,[X12_X6_GET_req],3803,3,10,0,0,0,0,1,0,0,0,0,0,6,0,0
3804,REST_X6,3804,3,10,0,0,0,0,2,0,0,0,0,0,6,0,0
3805,REST_X6,3805,3,10,0,0,0,0,13,0,0,0,0,0,6,0,0
3806,[X6_X7_GET_req],3806,3,10,0,0,0,0,14,1,0,0,0,0,6,0,0
3807,REST_X7,3807,3,10,0,0,0,0,14,2,0,0,0,0,6,0,0
3808,REST_X7,3808,3,10,0,0,0,0,14,9,0,0,0,0,6,0,0
3809,[X7_X9_GET_req],3809,3,10,0,0,0,0,14,10,0,1,0,0,6,0,0
3810,REST_X9,3810,3,10,0,0,0,0,14,10,0,2,0,0,6,0,0
3811,REST_X9,3811,3,10,0,0,0,0,14,10,0,5,0,0,6,0,0
3812,[X9_X11_GET_req],3812,3,10,0,0,0,0,14,10,0,6,0,1,6,0,0
3813,REST_X11,3813,3,10,0,0,0,0,14,10,0,6,0,2,6,0,0
3814,REST_X11,3814,3,10,0,0,0,0,14,10,0,6,0,3,6,0,0
3815,[X9_X11_GET_resp_2xx],3815,3,10,0,0,0,0,14,10,0,3,0,0,6,0,0
3816,[X7_X9_GET_resp_2xx],3816,3,10,0,0,0,0,14,3,0,0,0,0,6,0,0
3817,[X6_X7_GET_resp_2xx],3817,3,10,0,0,0,0,3,0,0,0,0,0,6,0,0
3818,[X12_X6_GET_resp_2xx],3818,3,10,0,0,0,0,0,0,0,0,0,0,3,0,0
3819,[X1_X12_GET_resp_2xx],3819,3,3,0,0,0,0,0,0,0,0,0,0,0,0,0
3820,[X0_X1_GET_resp_2xx],3820,0,0,0,0,0,0,0,0,0,0,0,0,0,0,0
3821,REST_X0,3821,2,0,0,0,0,0,0,0,0,0,0,0,0,0,0
3822,[X0_X1_GET_req],3822,3,1,0,0,0,0,0,0,0,0,0,0,0,0,0
3823,REST_X1,3823,3,2,0,0,0,0,0,0,0,0,0,0,0,0,0
3824,REST_X1,3824,3,9,0,0,0,0,0,0,0,0,0,0,0,0,0
3825,[X1_X12_GET_req],3825,3,10,0,0,0,0,0,0,0,0,0,0,1,0,0
3826,REST_X12,3826,3,10,0,0,0,0,0,0,0,0,0,0,2,0,0
3827,REST_X12,3827,3,10,0,0,0,0,0,0,0,0,0,0,5,0,0
3828,[X12_X6_GET_req],3828,3,10,0,0,0,0,1,0,0,0,0,0,6,0,0
3829,REST_X6,3829,3,10,0,0,0,0,2,0,0,0,0,0,6,0,0
3830,REST_X6,3830,3,10,0,0,0,0,9,0,0,0,0,0,6,0,0
3831,[X6_X8_GET_req],3831,3,10,0,0,0,0,10,0,1,0,0,0,6,0,0
3832,REST_X8,3832,3,10,0,0,0,0,10,0,2,0,0,0,6,0,0
3833,REST_X8,3833,3,10,0,0,0,0,10,0,3,0,0,0,6,0,0
3834,[X6_X8_GET_resp_2xx],3834,3,10,0,0,0,0,3,0,0,0,0,0,6,0,0
3835,[X12_X6_GET_resp_2xx],3835,3,10,0,0,0,0,0,0,0,0,0,0,3,0,0
3836,[X1_X12_GET_resp_2xx],3836,3,3,0,0,0,0,0,0,0,0,0,0,0,0,0
3837,[X0_X1_GET_resp_2xx],3837,0,0,0,0,0,0,0,0,0,0,0,0,0,0,0
3838,REST_X0,3838,2,0,0,0,0,0,0,0,0,0,0,0,0,0,0
3839,[X0_X1_GET_req],3839,3,1,0,0,0,0,0,0,0,0,0,0,0,0,0
3840,REST_X1,3840,3,2,0,0,0,0,0,0,0,0,0,0,0,0,0
3841,REST_X1,3841,3,5,0,0,0,0,0,0,0,0,0,0,0,0,0
3842,[X1_X2_GET_req],3842,3,6,1,0,0,0,0,0,0,0,0,0,0,0,0
3843,REST_X2,3843,3,6,2,0,0,0,0,0,0,0,0,0,0,0,0
3844,REST_X2,3844,3,6,3,0,0,0,0,0,0,0,0,0,0,0,0
3845,[X1_X2_GET_resp_2xx],3845,3,3,0,0,0,0,0,0,0,0,0,0,0,0,0
3846,[X0_X1_GET_resp_2xx],3846,0,0,0,0,0,0,0,0,0,0,0,0,0,0,0
3847,REST_X0,3847,2,0,0,0,0,0,0,0,0,0,0,0,0,0,0
3848,[X0_X1_GET_req],3848,3,1,0,0,0,0,0,0,0,0,0,0,0,0,0
3849,REST_X1,3849,3,2,0,0,0,0,0,0,0,0,0,0,0,0,0
3850,REST_X1,3850,3,9,0,0,0,0,0,0,0,0,0,0,0,0,0
3851,[X1_X12_GET_req],3851,3,10,0,0,0,0,0,0,0,0,0,0,1,0,0
3852,REST_X12,3852,3,10,0,0,0,0,0,0,0,0,0,0,2,0,0
3853,REST_X12,3853,3,10,0,0,0,0,0,0,0,0,0,0,5,0,0
3854,[X12_X6_GET_req],3854,3,10,0,0,0,0,1,0,0,0,0,0,6,0,0
3855,REST_X6,3855,3,10,0,0,0,0,2,0,0,0,0,0,6,0,0
3856,REST_X6,3856,3,10,0,0,0,0,9,0,0,0,0,0,6,0,0
3857,[X6_X8_GET_req],3857,3,10,0,0,0,0,10,0,1,0,0,0,6,0,0
3858,REST_X8,3858,3,10,0,0,0,0,10,0,2,0,0,0,6,0,0
3859,REST_X8,3859,3,10,0,0,0,0,10,0,3,0,0,0,6,0,0
3860,[X6_X8_GET_resp_2xx],3860,3,10,0,0,0,0,3,0,0,0,0,0,6,0,0
3861,[X12_X6_GET_resp_2xx],3861,3,10,0,0,0,0,0,0,0,0,0,0,3,0,0
3862,[X1_X12_GET_resp_2xx],3862,3,3,0,0,0,0,0,0,0,0,0,0,0,0,0
3863,[X0_X1_GET_resp_2xx],3863,0,0,0,0,0,0,0,0,0,0,0,0,0,0,0
3864,REST_X0,3864,2,0,0,0,0,0,0,0,0,0,0,0,0,0,0
3865,[X0_X1_GET_req],3865,3,1,0,0,0,0,0,0,0,0,0,0,0,0,0
3866,REST_X1,3866,3,2,0,0,0,0,0,0,0,0,0,0,0,0,0
3867,REST_X1,3867,3,9,0,0,0,0,0,0,0,0,0,0,0,0,0
3868,[X1_X12_GET_req],3868,3,10,0,0,0,0,0,0,0,0,0,0,1,0,0
3869,REST_X12,3869,3,10,0,0,0,0,0,0,0,0,0,0,2,0,0
3870,REST_X12,3870,3,10,0,0,0,0,0,0,0,0,0,0,5,0,0
3871,[X12_X6_GET_req],3871,3,10,0,0,0,0,1,0,0,0,0,0,6,0,0
3872,REST_X6,3872,3,10,0,0,0,0,2,0,0,0,0,0,6,0,0
3873,REST_X6,3873,3,10,0,0,0,0,13,0,0,0,0,0,6,0,0
3874,[X6_X7_GET_req],3874,3,10,0,0,0,0,14,1,0,0,0,0,6,0,0
3875,REST_X7,3875,3,10,0,0,0,0,14,2,0,0,0,0,6,0,0
3876,REST_X7,3876,3,10,0,0,0,0,14,9,0,0,0,0,6,0,0
3877,[X7_X9_GET_req],3877,3,10,0,0,0,0,14,10,0,1,0,0,6,0,0
3878,REST_X9,3878,3,10,0,0,0,0,14,10,0,2,0,0,6,0,0
3879,REST_X9,3879,3,10,0,0,0,0,14,10,0,5,0,0,6,0,0
3880,[X9_X11_GET_req],3880,3,10,0,0,0,0,14,10,0,6,0,1,6,0,0
3881,REST_X11,3881,3,10,0,0,0,0,14,10,0,6,0,2,6,0,0
3882,REST_X11,3882,3,10,0,0,0,0,14,10,0,6,0,3,6,0,0
3883,[X9_X11_GET_resp_2xx],3883,3,10,0,0,0,0,14,10,0,3,0,0,6,0,0
3884,[X7_X9_GET_resp_2xx],3884,3,10,0,0,0,0,14,3,0,0,0,0,6,0,0
3885,[X6_X7_GET_resp_2xx],3885,3,10,0,0,0,0,3,0,0,0,0,0,6,0,0
3886,[X12_X6_GET_resp_2xx],3886,3,10,0,0,0,0,0,0,0,0,0,0,3,0,0
3887,[X1_X12_GET_resp_2xx],3887,3,3,0,0,0,0,0,0,0,0,0,0,0,0,0
3888,[X0_X1_GET_resp_2xx],3888,0,0,0,0,0,0,0,0,0,0,0,0,0,0,0
3889,REST_X0,3889,2,0,0,0,0,0,0,0,0,0,0,0,0,0,0
3890,[X0_X1_GET_req],3890,3,1,0,0,0,0,0,0,0,0,0,0,0,0,0
3891,REST_X1,3891,3,2,0,0,0,0,0,0,0,0,0,0,0,0,0
3892,REST_X1,3892,3,9,0,0,0,0,0,0,0,0,0,0,0,0,0
3893,[X1_X12_GET_req],3893,3,10,0,0,0,0,0,0,0,0,0,0,1,0,0
3894,REST_X12,3894,3,10,0,0,0,0,0,0,0,0,0,0,2,0,0
3895,REST_X12,3895,3,10,0,0,0,0,0,0,0,0,0,0,5,0,0
3896,[X12_X6_GET_req],3896,3,10,0,0,0,0,1,0,0,0,0,0,6,0,0
3897,REST_X6,3897,3,10,0,0,0,0,2,0,0,0,0,0,6,0,0
3898,REST_X6,3898,3,10,0,0,0,0,9,0,0,0,0,0,6,0,0
3899,[X6_X8_GET_req],3899,3,10,0,0,0,0,10,0,1,0,0,0,6,0,0
3900,REST_X8,3900,3,10,0,0,0,0,10,0,2,0,0,0,6,0,0
3901,REST_X8,3901,3,10,0,0,0,0,10,0,3,0,0,0,6,0,0
3902,[X6_X8_GET_resp_2xx],3902,3,10,0,0,0,0,3,0,0,0,0,0,6,0,0
3903,[X12_X6_GET_resp_2xx],3903,3,10,0,0,0,0,0,0,0,0,0,0,3,0,0
3904,[X1_X12_GET_resp_2xx],3904,3,3,0,0,0,0,0,0,0,0,0,0,0,0,0
3905,[X0_X1_GET_resp_2xx],3905,0,0,0,0,0,0,0,0,0,0,0,0,0,0,0
3906,REST_X0,3906,2,0,0,0,0,0,0,0,0,0,0,0,0,0,0
3907,[X0_X1_GET_req],3907,3,1,0,0,0,0,0,0,0,0,0,0,0,0,0
3908,REST_X1,3908,3,2,0,0,0,0,0,0,0,0,0,0,0,0,0
3909,REST_X1,3909,3,5,0,0,0,0,0,0,0,0,0,0,0,0,0
3910,[X1_X2_GET_req],3910,3,6,1,0,0,0,0,0,0,0,0,0,0,0,0
3911,REST_X2,3911,3,6,2,0,0,0,0,0,0,0,0,0,0,0,0
3912,REST_X2,3912,3,6,3,0,0,0,0,0,0,0,0,0,0,0,0
3913,[X1_X2_GET_resp_2xx],3913,3,3,0,0,0,0,0,0,0,0,0,0,0,0,0
3914,[X0_X1_GET_resp_2xx],3914,0,0,0,0,0,0,0,0,0,0,0,0,0,0,0
3915,REST_X0,3915,2,0,0,0,0,0,0,0,0,0,0,0,0,0,0
3916,[X0_X1_GET_req],3916,3,1,0,0,0,0,0,0,0,0,0,0,0,0,0
3917,REST_X1,3917,3,2,0,0,0,0,0,0,0,0,0,0,0,0,0
3918,REST_X1,3918,3,5,0,0,0,0,0,0,0,0,0,0,0,0,0
3919,[X1_X2_GET_req],3919,3,6,1,0,0,0,0,0,0,0,0,0,0,0,0
3920,REST_X2,3920,3,6,2,0,0,0,0,0,0,0,0,0,0,0,0
3921,REST_X2,3921,3,6,3,0,0,0,0,0,0,0,0,0,0,0,0
3922,[X1_X2_GET_resp_2xx],3922,3,3,0,0,0,0,0,0,0,0,0,0,0,0,0
3923,[X0_X1_GET_resp_2xx],3923,0,0,0,0,0,0,0,0,0,0,0,0,0,0,0
3924,REST_X0,3924,2,0,0,0,0,0,0,0,0,0,0,0,0,0,0
3925,[X0_X1_GET_req],3925,3,1,0,0,0,0,0,0,0,0,0,0,0,0,0
3926,REST_X1,3926,3,2,0,0,0,0,0,0,0,0,0,0,0,0,0
3927,REST_X1,3927,3,5,0,0,0,0,0,0,0,0,0,0,0,0,0
3928,[X1_X2_GET_req],3928,3,6,1,0,0,0,0,0,0,0,0,0,0,0,0
3929,REST_X2,3929,3,6,2,0,0,0,0,0,0,0,0,0,0,0,0
3930,REST_X2,3930,3,6,3,0,0,0,0,0,0,0,0,0,0,0,0
3931,[X1_X2_GET_resp_2xx],3931,3,3,0,0,0,0,0,0,0,0,0,0,0,0,0
3932,[X0_X1_GET_resp_2xx],3932,0,0,0,0,0,0,0,0,0,0,0,0,0,0,0
3933,REST_X0,3933,2,0,0,0,0,0,0,0,0,0,0,0,0,0,0
3934,[X0_X1_GET_req],3934,3,1,0,0,0,0,0,0,0,0,0,0,0,0,0
3935,REST_X1,3935,3,2,0,0,0,0,0,0,0,0,0,0,0,0,0
3936,REST_X1,3936,3,5,0,0,0,0,0,0,0,0,0,0,0,0,0
3937,[X1_X2_GET_req],3937,3,6,1,0,0,0,0,0,0,0,0,0,0,0,0
3938,REST_X2,3938,3,6,2,0,0,0,0,0,0,0,0,0,0,0,0
3939,REST_X2,3939,3,6,3,0,0,0,0,0,0,0,0,0,0,0,0
3940,[X1_X2_GET_resp_2xx],3940,3,3,0,0,0,0,0,0,0,0,0,0,0,0,0
3941,[X0_X1_GET_resp_2xx],3941,0,0,0,0,0,0,0,0,0,0,0,0,0,0,0
3942,REST_X0,3942,2,0,0,0,0,0,0,0,0,0,0,0,0,0,0
3943,[X0_X1_GET_req],3943,3,1,0,0,0,0,0,0,0,0,0,0,0,0,0
3944,REST_X1,3944,3,2,0,0,0,0,0,0,0,0,0,0,0,0,0
3945,REST_X1,3945,3,5,0,0,0,0,0,0,0,0,0,0,0,0,0
3946,[X1_X2_GET_req],3946,3,6,1,0,0,0,0,0,0,0,0,0,0,0,0
3947,REST_X2,3947,3,6,2,0,0,0,0,0,0,0,0,0,0,0,0
3948,REST_X2,3948,3,6,3,0,0,0,0,0,0,0,0,0,0,0,0
3949,[X1_X2_GET_resp_2xx],3949,3,3,0,0,0,0,0,0,0,0,0,0,0,0,0
3950,[X0_X1_GET_resp_2xx],3950,0,0,0,0,0,0,0,0,0,0,0,0,0,0,0
3951,REST_X0,3951,2,0,0,0,0,0,0,0,0,0,0,0,0,0,0
3952,[X0_X1_GET_req],3952,3,1,0,0,0,0,0,0,0,0,0,0,0,0,0
3953,REST_X1,3953,3,2,0,0,0,0,0,0,0,0,0,0,0,0,0
3954,REST_X1,3954,3,9,0,0,0,0,0,0,0,0,0,0,0,0,0
3955,[X1_X12_GET_req],3955,3,10,0,0,0,0,0,0,0,0,0,0,1,0,0
3956,REST_X12,3956,3,10,0,0,0,0,0,0,0,0,0,0,2,0,0
3957,REST_X12,3957,3,10,0,0,0,0,0,0,0,0,0,0,5,0,0
3958,[X12_X6_GET_req],3958,3,10,0,0,0,0,1,0,0,0,0,0,6,0,0
3959,REST_X6,3959,3,10,0,0,0,0,2,0,0,0,0,0,6,0,0
3960,REST_X6,3960,3,10,0,0,0,0,13,0,0,0,0,0,6,0,0
3961,[X6_X7_GET_req],3961,3,10,0,0,0,0,14,1,0,0,0,0,6,0,0
3962,REST_X7,3962,3,10,0,0,0,0,14,2,0,0,0,0,6,0,0
3963,REST_X7,3963,3,10,0,0,0,0,14,5,0,0,0,0,6,0,0
3964,[X7_X5_GET_req],3964,3,10,0,0,0,1,14,6,0,0,0,0,6,0,0
3965,REST_X5,3965,3,10,0,0,0,2,14,6,0,0,0,0,6,0,0
3966,REST_X5,3966,3,10,0,0,0,3,14,6,0,0,0,0,6,0,0
3967,[X7_X5_GET_resp_2xx],3967,3,10,0,0,0,0,14,3,0,0,0,0,6,0,0
3968,[X6_X7_GET_resp_2xx],3968,3,10,0,0,0,0,3,0,0,0,0,0,6,0,0
3969,[X12_X6_GET_resp_2xx],3969,3,10,0,0,0,0,0,0,0,0,0,0,3,0,0
3970,[X1_X12_GET_resp_2xx],3970,3,3,0,0,0,0,0,0,0,0,0,0,0,0,0
3971,[X0_X1_GET_resp_2xx],3971,0,0,0,0,0,0,0,0,0,0,0,0,0,0,0
3972,REST_X0,3972,2,0,0,0,0,0,0,0,0,0,0,0,0,0,0
3973,[X0_X1_GET_req],3973,3,1,0,0,0,0,0,0,0,0,0,0,0,0,0
3974,REST_X1,3974,3,2,0,0,0,0,0,0,0,0,0,0,0,0,0
3975,REST_X1,3975,3,9,0,0,0,0,0,0,0,0,0,0,0,0,0
3976,[X1_X12_GET_req],3976,3,10,0,0,0,0,0,0,0,0,0,0,1,0,0
3977,REST_X12,3977,3,10,0,0,0,0,0,0,0,0,0,0,2,0,0
3978,REST_X12,3978,3,10,0,0,0,0,0,0,0,0,0,0,5,0,0
3979,[X12_X6_GET_req],3979,3,10,0,0,0,0,1,0,0,0,0,0,6,0,0
3980,REST_X6,3980,3,10,0,0,0,0,2,0,0,0,0,0,6,0,0
3981,REST_X6,3981,3,10,0,0,0,0,13,0,0,0,0,0,6,0,0
3982,[X6_X7_GET_req],3982,3,10,0,0,0,0,14,1,0,0,0,0,6,0,0
3983,REST_X7,3983,3,10,0,0,0,0,14,2,0,0,0,0,6,0,0
3984,REST_X7,3984,3,10,0,0,0,0,14,9,0,0,0,0,6,0,0
3985,[X7_X9_GET_req],3985,3,10,0,0,0,0,14,10,0,1,0,0,6,0,0
3986,REST_X9,3986,3,10,0,0,0,0,14,10,0,2,0,0,6,0,0
3987,REST_X9,3987,3,10,0,0,0,0,14,10,0,5,0,0,6,0,0
3988,[X9_X11_GET_req],3988,3,10,0,0,0,0,14,10,0,6,0,1,6,0,0
3989,REST_X11,3989,3,10,0,0,0,0,14,10,0,6,0,2,6,0,0
3990,REST_X11,3990,3,10,0,0,0,0,14,10,0,6,0,3,6,0,0
3991,[X9_X11_GET_resp_2xx],3991,3,10,0,0,0,0,14,10,0,3,0,0,6,0,0
3992,[X7_X9_GET_resp_2xx],3992,3,10,0,0,0,0,14,3,0,0,0,0,6,0,0
3993,[X6_X7_GET_resp_2xx],3993,3,10,0,0,0,0,3,0,0,0,0,0,6,0,0
3994,[X12_X6_GET_resp_2xx],3994,3,10,0,0,0,0,0,0,0,0,0,0,3,0,0
3995,[X1_X12_GET_resp_2xx],3995,3,3,0,0,0,0,0,0,0,0,0,0,0,0,0
3996,[X0_X1_GET_resp_2xx],3996,0,0,0,0,0,0,0,0,0,0,0,0,0,0,0
3997,REST_X0,3997,2,0,0,0,0,0,0,0,0,0,0,0,0,0,0
3998,[X0_X1_GET_req],3998,3,1,0,0,0,0,0,0,0,0,0,0,0,0,0
3999,REST_X1,3999,3,2,0,0,0,0,0,0,0,0,0,0,0,0,0
4000,REST_X1,4000,3,5,0,0,0,0,0,0,0,0,0,0,0,0,0
4001,[X1_X2_GET_req],4001,3,6,1,0,0,0,0,0,0,0,0,0,0,0,0
4002,REST_X2,4002,3,6,2,0,0,0,0,0,0,0,0,0,0,0,0
4003,REST_X2,4003,3,6,3,0,0,0,0,0,0,0,0,0,0,0,0
4004,[X1_X2_GET_resp_2xx],4004,3,3,0,0,0,0,0,0,0,0,0,0,0,0,0
4005,[X0_X1_GET_resp_2xx],4005,0,0,0,0,0,0,0,0,0,0,0,0,0,0,0
4006,REST_X0,4006,2,0,0,0,0,0,0,0,0,0,0,0,0,0,0
4007,[X0_X1_GET_req],4007,3,1,0,0,0,0,0,0,0,0,0,0,0,0,0
4008,REST_X1,4008,3,2,0,0,0,0,0,0,0,0,0,0,0,0,0
4009,REST_X1,4009,3,9,0,0,0,0,0,0,0,0,0,0,0,0,0
4010,[X1_X12_GET_req],4010,3,10,0,0,0,0,0,0,0,0,0,0,1,0,0
4011,REST_X12,4011,3,10,0,0,0,0,0,0,0,0,0,0,2,0,0
4012,REST_X12,4012,3,10,0,0,0,0,0,0,0,0,0,0,5,0,0
4013,[X12_X6_GET_req],4013,3,10,0,0,0,0,1,0,0,0,0,0,6,0,0
4014,REST_X6,4014,3,10,0,0,0,0,2,0,0,0,0,0,6,0,0
4015,REST_X6,4015,3,10,0,0,0,0,9,0,0,0,0,0,6,0,0
4016,[X6_X8_GET_req],4016,3,10,0,0,0,0,10,0,1,0,0,0,6,0,0
4017,REST_X8,4017,3,10,0,0,0,0,10,0,2,0,0,0,6,0,0
4018,REST_X8,4018,3,10,0,0,0,0,10,0,3,0,0,0,6,0,0
4019,[X6_X8_GET_resp_2xx],4019,3,10,0,0,0,0,3,0,0,0,0,0,6,0,0
4020,[X12_X6_GET_resp_2xx],4020,3,10,0,0,0,0,0,0,0,0,0,0,3,0,0
4021,[X1_X12_GET_resp_2xx],4021,3,3,0,0,0,0,0,0,0,0,0,0,0,0,0
4022,[X0_X1_GET_resp_2xx],4022,0,0,0,0,0,0,0,0,0,0,0,0,0,0,0
4023,REST_X0,4023,2,0,0,0,0,0,0,0,0,0,0,0,0,0,0
4024,[X0_X1_GET_req],4024,3,1,0,0,0,0,0,0,0,0,0,0,0,0,0
4025,REST_X1,4025,3,2,0,0,0,0,0,0,0,0,0,0,0,0,0
4026,REST_X1,4026,3,9,0,0,0,0,0,0,0,0,0,0,0,0,0
4027,[X1_X12_GET_req],4027,3,10,0,0,0,0,0,0,0,0,0,0,1,0,0
4028,REST_X12,4028,3,10,0,0,0,0,0,0,0,0,0,0,2,0,0
4029,REST_X12,4029,3,10,0,0,0,0,0,0,0,0,0,0,5,0,0
4030,[X12_X6_GET_req],4030,3,10,0,0,0,0,1,0,0,0,0,0,6,0,0
4031,REST_X6,4031,3,10,0,0,0,0,2,0,0,0,0,0,6,0,0
4032,REST_X6,4032,3,10,0,0,0,0,13,0,0,0,0,0,6,0,0
4033,[X6_X7_GET_req],4033,3,10,0,0,0,0,14,1,0,0,0,0,6,0,0
4034,REST_X7,4034,3,10,0,0,0,0,14,2,0,0,0,0,6,0,0
4035,REST_X7,4035,3,10,0,0,0,0,14,5,0,0,0,0,6,0,0
4036,[X7_X5_GET_req],4036,3,10,0,0,0,1,14,6,0,0,0,0,6,0,0
4037,REST_X5,4037,3,10,0,0,0,2,14,6,0,0,0,0,6,0,0
4038,REST_X5,4038,3,10,0,0,0,3,14,6,0,0,0,0,6,0,0
4039,[X7_X5_GET_resp_2xx],4039,3,10,0,0,0,0,14,3,0,0,0,0,6,0,0
4040,[X6_X7_GET_resp_2xx],4040,3,10,0,0,0,0,3,0,0,0,0,0,6,0,0
4041,[X12_X6_GET_resp_2xx],4041,3,10,0,0,0,0,0,0,0,0,0,0,3,0,0
4042,[X1_X12_GET_resp_2xx],4042,3,3,0,0,0,0,0,0,0,0,0,0,0,0,0
4043,[X0_X1_GET_resp_2xx],4043,0,0,0,0,0,0,0,0,0,0,0,0,0,0,0
4044,REST_X0,4044,2,0,0,0,0,0,0,0,0,0,0,0,0,0,0
4045,[X0_X1_GET_req],4045,3,1,0,0,0,0,0,0,0,0,0,0,0,0,0
4046,REST_X1,4046,3,2,0,0,0,0,0,0,0,0,0,0,0,0,0
4047,REST_X1,4047,3,5,0,0,0,0,0,0,0,0,0,0,0,0,0
4048,[X1_X2_GET_req],4048,3,6,1,0,0,0,0,0,0,0,0,0,0,0,0
4049,REST_X2,4049,3,6,2,0,0,0,0,0,0,0,0,0,0,0,0
4050,REST_X2,4050,3,6,3,0,0,0,0,0,0,0,0,0,0,0,0
4051,[X1_X2_GET_resp_2xx],4051,3,3,0,0,0,0,0,0,0,0,0,0,0,0,0
4052,[X0_X1_GET_resp_2xx],4052,0,0,0,0,0,0,0,0,0,0,0,0,0,0,0
4053,REST_X0,4053,2,0,0,0,0,0,0,0,0,0,0,0,0,0,0
4054,[X0_X1_GET_req],4054,3,1,0,0,0,0,0,0,0,0,0,0,0,0,0
4055,REST_X1,4055,3,2,0,0,0,0,0,0,0,0,0,0,0,0,0
4056,REST_X1,4056,3,9,0,0,0,0,0,0,0,0,0,0,0,0,0
4057,[X1_X12_GET_req],4057,3,10,0,0,0,0,0,0,0,0,0,0,1,0,0
4058,REST_X12,4058,3,10,0,0,0,0,0,0,0,0,0,0,2,0,0
4059,REST_X12,4059,3,10,0,0,0,0,0,0,0,0,0,0,5,0,0
4060,[X12_X6_GET_req],4060,3,10,0,0,0,0,1,0,0,0,0,0,6,0,0
4061,REST_X6,4061,3,10,0,0,0,0,2,0,0,0,0,0,6,0,0
4062,REST_X6,4062,3,10,0,0,0,0,5,0,0,0,0,0,6,0,0
4063,[X6_X3_GET_req],4063,3,10,0,1,0,0,6,0,0,0,0,0,6,0,0
4064,REST_X3,4064,3,10,0,2,0,0,6,0,0,0,0,0,6,0,0
4065,REST_X3,4065,3,10,0,3,0,0,6,0,0,0,0,0,6,0,0
4066,[X6_X3_GET_resp_2xx],4066,3,10,0,0,0,0,3,0,0,0,0,0,6,0,0
4067,[X12_X6_GET_resp_2xx],4067,3,10,0,0,0,0,0,0,0,0,0,0,3,0,0
4068,[X1_X12_GET_resp_2xx],4068,3,3,0,0,0,0,0,0,0,0,0,0,0,0,0
4069,[X0_X1_GET_resp_2xx],4069,0,0,0,0,0,0,0,0,0,0,0,0,0,0,0
4070,REST_X0,4070,2,0,0,0,0,0,0,0,0,0,0,0,0,0,0
4071,[X0_X1_GET_req],4071,3,1,0,0,0,0,0,0,0,0,0,0,0,0,0
4072,REST_X1,4072,3,2,0,0,0,0,0,0,0,0,0,0,0,0,0
4073,REST_X1,4073,3,5,0,0,0,0,0,0,0,0,0,0,0,0,0
4074,[X1_X2_GET_req],4074,3,6,1,0,0,0,0,0,0,0,0,0,0,0,0
4075,REST_X2,4075,3,6,2,0,0,0,0,0,0,0,0,0,0,0,0
4076,REST_X2,4076,3,6,3,0,0,0,0,0,0,0,0,0,0,0,0
4077,[X1_X2_GET_resp_2xx],4077,3,3,0,0,0,0,0,0,0,0,0,0,0,0,0
4078,[X0_X1_GET_resp_2xx],4078,0,0,0,0,0,0,0,0,0,0,0,0,0,0,0
4079,REST_X0,4079,2,0,0,0,0,0,0,0,0,0,0,0,0,0,0
4080,[X0_X1_GET_req],4080,3,1,0,0,0,0,0,0,0,0,0,0,0,0,0
4081,REST_X1,4081,3,2,0,0,0,0,0,0,0,0,0,0,0,0,0
4082,REST_X1,4082,3,5,0,0,0,0,0,0,0,0,0,0,0,0,0
4083,[X1_X2_GET_req],4083,3,6,1,0,0,0,0,0,0,0,0,0,0,0,0
4084,REST_X2,4084,3,6,2,0,0,0,0,0,0,0,0,0,0,0,0
4085,REST_X2,4085,3,6,3,0,0,0,0,0,0,0,0,0,0,0,0
4086,[X1_X2_GET_resp_2xx],4086,3,3,0,0,0,0,0,0,0,0,0,0,0,0,0
4087,[X0_X1_GET_resp_2xx],4087,0,0,0,0,0,0,0,0,0,0,0,0,0,0,0
4088,REST_X0,4088,2,0,0,0,0,0,0,0,0,0,0,0,0,0,0
4089,[X0_X1_GET_req],4089,3,1,0,0,0,0,0,0,0,0,0,0,0,0,0
4090,REST_X1,4090,3,2,0,0,0,0,0,0,0,0,0,0,0,0,0
4091,REST_X1,4091,3,9,0,0,0,0,0,0,0,0,0,0,0,0,0
4092,[X1_X12_GET_req],4092,3,10,0,0,0,0,0,0,0,0,0,0,1,0,0
4093,REST_X12,4093,3,10,0,0,0,0,0,0,0,0,0,0,2,0,0
4094,REST_X12,4094,3,10,0,0,0,0,0,0,0,0,0,0,5,0,0
4095,[X12_X6_GET_req],4095,3,10,0,0,0,0,1,0,0,0,0,0,6,0,0
4096,REST_X6,4096,3,10,0,0,0,0,2,0,0,0,0,0,6,0,0
4097,REST_X6,4097,3,10,0,0,0,0,5,0,0,0,0,0,6,0,0
4098,[X6_X3_GET_req],4098,3,10,0,1,0,0,6,0,0,0,0,0,6,0,0
4099,REST_X3,4099,3,10,0,2,0,0,6,0,0,0,0,0,6,0,0
4100,REST_X3,4100,3,10,0,3,0,0,6,0,0,0,0,0,6,0,0
4101,[X6_X3_GET_resp_2xx],4101,3,10,0,0,0,0,3,0,0,0,0,0,6,0,0
4102,[X12_X6_GET_resp_2xx],4102,3,10,0,0,0,0,0,0,0,0,0,0,3,0,0
4103,[X1_X12_GET_resp_2xx],4103,3,3,0,0,0,0,0,0,0,0,0,0,0,0,0
4104,[X0_X1_GET_resp_2xx],4104,0,0,0,0,0,0,0,0,0,0,0,0,0,0,0
4105,REST_X0,4105,2,0,0,0,0,0,0,0,0,0,0,0,0,0,0
4106,[X0_X1_GET_req],4106,3,1,0,0,0,0,0,0,0,0,0,0,0,0,0
4107,REST_X1,4107,3,2,0,0,0,0,0,0,0,0,0,0,0,0,0
4108,REST_X1,4108,3,5,0,0,0,0,0,0,0,0,0,0,0,0,0
4109,[X1_X2_GET_req],4109,3,6,1,0,0,0,0,0,0,0,0,0,0,0,0
4110,REST_X2,4110,3,6,2,0,0,0,0,0,0,0,0,0,0,0,0
4111,REST_X2,4111,3,6,3,0,0,0,0,0,0,0,0,0,0,0,0
4112,[X1_X2_GET_resp_2xx],4112,3,3,0,0,0,0,0,0,0,0,0,0,0,0,0
4113,[X0_X1_GET_resp_2xx],4113,0,0,0,0,0,0,0,0,0,0,0,0,0,0,0
4114,REST_X0,4114,2,0,0,0,0,0,0,0,0,0,0,0,0,0,0
4115,[X0_X1_GET_req],4115,3,1,0,0,0,0,0,0,0,0,0,0,0,0,0
4116,REST_X1,4116,3,2,0,0,0,0,0,0,0,0,0,0,0,0,0
4117,REST_X1,4117,3,9,0,0,0,0,0,0,0,0,0,0,0,0,0
4118,[X1_X12_GET_req],4118,3,10,0,0,0,0,0,0,0,0,0,0,1,0,0
4119,REST_X12,4119,3,10,0,0,0,0,0,0,0,0,0,0,2,0,0
4120,REST_X12,4120,3,10,0,0,0,0,0,0,0,0,0,0,5,0,0
4121,[X12_X6_GET_req],4121,3,10,0,0,0,0,1,0,0,0,0,0,6,0,0
4122,REST_X6,4122,3,10,0,0,0,0,2,0,0,0,0,0,6,0,0
4123,REST_X6,4123,3,10,0,0,0,0,13,0,0,0,0,0,6,0,0
4124,[X6_X7_GET_req],4124,3,10,0,0,0,0,14,1,0,0,0,0,6,0,0
4125,REST_X7,4125,3,10,0,0,0,0,14,2,0,0,0,0,6,0,0
4126,REST_X7,4126,3,10,0,0,0,0,14,5,0,0,0,0,6,0,0
4127,[X7_X5_GET_req],4127,3,10,0,0,0,1,14,6,0,0,0,0,6,0,0
4128,REST_X5,4128,3,10,0,0,0,2,14,6,0,0,0,0,6,0,0
4129,REST_X5,4129,3,10,0,0,0,3,14,6,0,0,0,0,6,0,0
4130,[X7_X5_GET_resp_2xx],4130,3,10,0,0,0,0,14,3,0,0,0,0,6,0,0
4131,[X6_X7_GET_resp_2xx],4131,3,10,0,0,0,0,3,0,0,0,0,0,6,0,0
4132,[X12_X6_GET_resp_2xx],4132,3,10,0,0,0,0,0,0,0,0,0,0,3,0,0
4133,[X1_X12_GET_resp_2xx],4133,3,3,0,0,0,0,0,0,0,0,0,0,0,0,0
4134,[X0_X1_GET_resp_2xx],4134,0,0,0,0,0,0,0,0,0,0,0,0,0,0,0
4135,REST_X0,4135,2,0,0,0,0,0,0,0,0,0,0,0,0,0,0
4136,[X0_X1_GET_req],4136,3,1,0,0,0,0,0,0,0,0,0,0,0,0,0
4137,REST_X1,4137,3,2,0,0,0,0,0,0,0,0,0,0,0,0,0
4138,REST_X1,4138,3,5,0,0,0,0,0,0,0,0,0,0,0,0,0
4139,[X1_X2_GET_req],4139,3,6,1,0,0,0,0,0,0,0,0,0,0,0,0
4140,REST_X2,4140,3,6,2,0,0,0,0,0,0,0,0,0,0,0,0
4141,REST_X2,4141,3,6,3,0,0,0,0,0,0,0,0,0,0,0,0
4142,[X1_X2_GET_resp_2xx],4142,3,3,0,0,0,0,0,0,0,0,0,0,0,0,0
4143,[X0_X1_GET_resp_2xx],4143,0,0,0,0,0,0,0,0,0,0,0,0,0,0,0
4144,REST_X0,4144,2,0,0,0,0,0,0,0,0,0,0,0,0,0,0
4145,[X0_X1_GET_req],4145,3,1,0,0,0,0,0,0,0,0,0,0,0,0,0
4146,REST_X1,4146,3,2,0,0,0,0,0,0,0,0,0,0,0,0,0
4147,REST_X1,4147,3,9,0,0,0,0,0,0,0,0,0,0,0,0,0
4148,[X1_X12_GET_req],4148,3,10,0,0,0,0,0,0,0,0,0,0,1,0,0
4149,REST_X12,4149,3,10,0,0,0,0,0,0,0,0,0,0,2,0,0
4150,REST_X12,4150,3,10,0,0,0,0,0,0,0,0,0,0,5,0,0
4151,[X12_X6_GET_req],4151,3,10,0,0,0,0,1,0,0,0,0,0,6,0,0
4152,REST_X6,4152,3,10,0,0,0,0,2,0,0,0,0,0,6,0,0
4153,REST_X6,4153,3,10,0,0,0,0,5,0,0,0,0,0,6,0,0
4154,[X6_X3_GET_req],4154,3,10,0,1,0,0,6,0,0,0,0,0,6,0,0
4155,REST_X3,4155,3,10,0,2,0,0,6,0,0,0,0,0,6,0,0
4156,REST_X3,4156,3,10,0,3,0,0,6,0,0,0,0,0,6,0,0
4157,[X6_X3_GET_resp_2xx],4157,3,10,0,0,0,0,3,0,0,0,0,0,6,0,0
4158,[X12_X6_GET_resp_2xx],4158,3,10,0,0,0,0,0,0,0,0,0,0,3,0,0
4159,[X1_X12_GET_resp_2xx],4159,3,3,0,0,0,0,0,0,0,0,0,0,0,0,0
4160,[X0_X1_GET_resp_2xx],4160,0,0,0,0,0,0,0,0,0,0,0,0,0,0,0
4161,REST_X0,4161,2,0,0,0,0,0,0,0,0,0,0,0,0,0,0
4162,[X0_X1_GET_req],4162,3,1,0,0,0,0,0,0,0,0,0,0,0,0,0
4163,REST_X1,4163,3,2,0,0,0,0,0,0,0,0,0,0,0,0,0
4164,REST_X1,4164,3,9,0,0,0,0,0,0,0,0,0,0,0,0,0
4165,[X1_X12_GET_req],4165,3,10,0,0,0,0,0,0,0,0,0,0,1,0,0
4166,REST_X12,4166,3,10,0,0,0,0,0,0,0,0,0,0,2,0,0
4167,REST_X12,4167,3,10,0,0,0,0,0,0,0,0,0,0,5,0,0
4168,[X12_X6_GET_req],4168,3,10,0,0,0,0,1,0,0,0,0,0,6,0,0
4169,REST_X6,4169,3,10,0,0,0,0,2,0,0,0,0,0,6,0,0
4170,REST_X6,4170,3,10,0,0,0,0,9,0,0,0,0,0,6,0,0
4171,[X6_X8_GET_req],4171,3,10,0,0,0,0,10,0,1,0,0,0,6,0,0
4172,REST_X8,4172,3,10,0,0,0,0,10,0,2,0,0,0,6,0,0
4173,REST_X8,4173,3,10,0,0,0,0,10,0,3,0,0,0,6,0,0
4174,[X6_X8_GET_resp_2xx],4174,3,10,0,0,0,0,3,0,0,0,0,0,6,0,0
4175,[X12_X6_GET_resp_2xx],4175,3,10,0,0,0,0,0,0,0,0,0,0,3,0,0
4176,[X1_X12_GET_resp_2xx],4176,3,3,0,0,0,0,0,0,0,0,0,0,0,0,0
4177,[X0_X1_GET_resp_2xx],4177,0,0,0,0,0,0,0,0,0,0,0,0,0,0,0
4178,REST_X0,4178,2,0,0,0,0,0,0,0,0,0,0,0,0,0,0
4179,[X0_X1_GET_req],4179,3,1,0,0,0,0,0,0,0,0,0,0,0,0,0
4180,REST_X1,4180,3,2,0,0,0,0,0,0,0,0,0,0,0,0,0
4181,REST_X1,4181,3,5,0,0,0,0,0,0,0,0,0,0,0,0,0
4182,[X1_X2_GET_req],4182,3,6,1,0,0,0,0,0,0,0,0,0,0,0,0
4183,REST_X2,4183,3,6,2,0,0,0,0,0,0,0,0,0,0,0,0
4184,REST_X2,4184,3,6,3,0,0,0,0,0,0,0,0,0,0,0,0
4185,[X1_X2_GET_resp_2xx],4185,3,3,0,0,0,0,0,0,0,0,0,0,0,0,0
4186,[X0_X1_GET_resp_2xx],4186,0,0,0,0,0,0,0,0,0,0,0,0,0,0,0
4187,REST_X0,4187,2,0,0,0,0,0,0,0,0,0,0,0,0,0,0
4188,[X0_X1_GET_req],4188,3,1,0,0,0,0,0,0,0,0,0,0,0,0,0
4189,REST_X1,4189,3,2,0,0,0,0,0,0,0,0,0,0,0,0,0
4190,REST_X1,4190,3,5,0,0,0,0,0,0,0,0,0,0,0,0,0
4191,[X1_X2_GET_req],4191,3,6,1,0,0,0,0,0,0,0,0,0,0,0,0
4192,REST_X2,4192,3,6,2,0,0,0,0,0,0,0,0,0,0,0,0
4193,REST_X2,4193,3,6,3,0,0,0,0,0,0,0,0,0,0,0,0
4194,[X1_X2_GET_resp_2xx],4194,3,3,0,0,0,0,0,0,0,0,0,0,0,0,0
4195,[X0_X1_GET_resp_2xx],4195,0,0,0,0,0,0,0,0,0,0,0,0,0,0,0
4196,REST_X0,4196,2,0,0,0,0,0,0,0,0,0,0,0,0,0,0
4197,[X0_X1_GET_req],4197,3,1,0,0,0,0,0,0,0,0,0,0,0,0,0
4198,REST_X1,4198,3,2,0,0,0,0,0,0,0,0,0,0,0,0,0
4199,REST_X1,4199,3,9,0,0,0,0,0,0,0,0,0,0,0,0,0
4200,[X1_X12_GET_req],4200,3,10,0,0,0,0,0,0,0,0,0,0,1,0,0
4201,REST_X12,4201,3,10,0,0,0,0,0,0,0,0,0,0,2,0,0
4202,REST_X12,4202,3,10,0,0,0,0,0,0,0,0,0,0,5,0,0
4203,[X12_X6_GET_req],4203,3,10,0,0,0,0,1,0,0,0,0,0,6,0,0
4204,REST_X6,4204,3,10,0,0,0,0,2,0,0,0,0,0,6,0,0
4205,REST_X6,4205,3,10,0,0,0,0,5,0,0,0,0,0,6,0,0
4206,[X6_X3_GET_req],4206,3,10,0,1,0,0,6,0,0,0,0,0,6,0,0
4207,REST_X3,4207,3,10,0,2,0,0,6,0,0,0,0,0,6,0,0
4208,REST_X3,4208,3,10,0,3,0,0,6,0,0,0,0,0,6,0,0
4209,[X6_X3_GET_resp_2xx],4209,3,10,0,0,0,0,3,0,0,0,0,0,6,0,0
4210,[X12_X6_GET_resp_2xx],4210,3,10,0,0,0,0,0,0,0,0,0,0,3,0,0
4211,[X1_X12_GET_resp_2xx],4211,3,3,0,0,0,0,0,0,0,0,0,0,0,0,0
4212,[X0_X1_GET_resp_2xx],4212,0,0,0,0,0,0,0,0,0,0,0,0,0,0,0
4213,REST_X0,4213,2,0,0,0,0,0,0,0,0,0,0,0,0,0,0
4214,[X0_X1_GET_req],4214,3,1,0,0,0,0,0,0,0,0,0,0,0,0,0
4215,REST_X1,4215,3,2,0,0,0,0,0,0,0,0,0,0,0,0,0
4216,REST_X1,4216,3,5,0,0,0,0,0,0,0,0,0,0,0,0,0
4217,[X1_X2_GET_req],4217,3,6,1,0,0,0,0,0,0,0,0,0,0,0,0
4218,REST_X2,4218,3,6,2,0,0,0,0,0,0,0,0,0,0,0,0
4219,REST_X2,4219,3,6,4,0,0,0,0,0,0,0,0,0,0,0,0
4220,[X1_X2_GET_resp_5xx],4220,3,7,0,0,0,0,0,0,0,0,0,0,0,0,0
4221,[X1_X2_GET_req],4221,3,8,1,0,0,0,0,0,0,0,0,0,0,0,0
4222,REST_X2,4222,3,8,2,0,0,0,0,0,0,0,0,0,0,0,0
4223,REST_X2,4223,3,8,3,0,0,0,0,0,0,0,0,0,0,0,0
4224,[X1_X2_GET_resp_2xx],4224,3,3,0,0,0,0,0,0,0,0,0,0,0,0,0
4225,[X0_X1_GET_resp_2xx],4225,0,0,0,0,0,0,0,0,0,0,0,0,0,0,0
4226,REST_X0,4226,2,0,0,0,0,0,0,0,0,0,0,0,0,0,0
4227,[X0_X1_GET_req],4227,3,1,0,0,0,0,0,0,0,0,0,0,0,0,0
4228,REST_X1,4228,3,2,0,0,0,0,0,0,0,0,0,0,0,0,0
4229,REST_X1,4229,3,5,0,0,0,0,0,0,0,0,0,0,0,0,0
4230,[X1_X2_GET_req],4230,3,6,1,0,0,0,0,0,0,0,0,0,0,0,0
4231,REST_X2,4231,3,6,2,0,0,0,0,0,0,0,0,0,0,0,0
4232,REST_X2,4232,3,6,3,0,0,0,0,0,0,0,0,0,0,0,0
4233,[X1_X2_GET_resp_2xx],4233,3,3,0,0,0,0,0,0,0,0,0,0,0,0,0
4234,[X0_X1_GET_resp_2xx],4234,0,0,0,0,0,0,0,0,0,0,0,0,0,0,0
4235,REST_X0,4235,2,0,0,0,0,0,0,0,0,0,0,0,0,0,0
4236,[X0_X1_GET_req],4236,3,1,0,0,0,0,0,0,0,0,0,0,0,0,0
4237,REST_X1,4237,3,2,0,0,0,0,0,0,0,0,0,0,0,0,0
4238,REST_X1,4238,3,5,0,0,0,0,0,0,0,0,0,0,0,0,0
4239,[X1_X2_GET_req],4239,3,6,1,0,0,0,0,0,0,0,0,0,0,0,0
4240,REST_X2,4240,3,6,2,0,0,0,0,0,0,0,0,0,0,0,0
4241,REST_X2,4241,3,6,3,0,0,0,0,0,0,0,0,0,0,0,0
4242,[X1_X2_GET_resp_2xx],4242,3,3,0,0,0,0,0,0,0,0,0,0,0,0,0
4243,[X0_X1_GET_resp_2xx],4243,0,0,0,0,0,0,0,0,0,0,0,0,0,0,0
4244,REST_X0,4244,2,0,0,0,0,0,0,0,0,0,0,0,0,0,0
4245,[X0_X1_GET_req],4245,3,1,0,0,0,0,0,0,0,0,0,0,0,0,0
4246,REST_X1,4246,3,2,0,0,0,0,0,0,0,0,0,0,0,0,0
4247,REST_X1,4247,3,9,0,0,0,0,0,0,0,0,0,0,0,0,0
4248,[X1_X12_GET_req],4248,3,10,0,0,0,0,0,0,0,0,0,0,1,0,0
4249,REST_X12,4249,3,10,0,0,0,0,0,0,0,0,0,0,2,0,0
4250,REST_X12,4250,3,10,0,0,0,0,0,0,0,0,0,0,5,0,0
4251,[X12_X6_GET_req],4251,3,10,0,0,0,0,1,0,0,0,0,0,6,0,0
4252,REST_X6,4252,3,10,0,0,0,0,2,0,0,0,0,0,6,0,0
4253,REST_X6,4253,3,10,0,0,0,0,13,0,0,0,0,0,6,0,0
4254,[X6_X7_GET_req],4254,3,10,0,0,0,0,14,1,0,0,0,0,6,0,0
4255,REST_X7,4255,3,10,0,0,0,0,14,2,0,0,0,0,6,0,0
4256,REST_X7,4256,3,10,0,0,0,0,14,9,0,0,0,0,6,0,0
4257,[X7_X9_GET_req],4257,3,10,0,0,0,0,14,10,0,1,0,0,6,0,0
4258,REST_X9,4258,3,10,0,0,0,0,14,10,0,2,0,0,6,0,0
4259,REST_X9,4259,3,10,0,0,0,0,14,10,0,9,0,0,6,0,0
4260,[X9_X4_GET_req],4260,3,10,0,0,1,0,14,10,0,10,0,0,6,0,0
4261,REST_X4,4261,3,10,0,0,2,0,14,10,0,10,0,0,6,0,0
4262,REST_X4,4262,3,10,0,0,9,0,14,10,0,10,0,0,6,0,0
4263,[X4_X14_GET_req],4263,3,10,0,0,10,0,14,10,0,10,0,0,6,0,1
4264,REST_X14,4264,3,10,0,0,10,0,14,10,0,10,0,0,6,0,2
4265,REST_X14,4265,3,10,0,0,10,0,14,10,0,10,0,0,6,0,5
4266,[X14_X13_GET_req],4266,3,10,0,0,10,0,14,10,0,10,0,0,6,1,6
4267,REST_X13,4267,3,10,0,0,10,0,14,10,0,10,0,0,6,2,6
4268,REST_X13,4268,3,10,0,0,10,0,14,10,0,10,0,0,6,3,6
4269,[X14_X13_GET_resp_2xx],4269,3,10,0,0,10,0,14,10,0,10,0,0,6,0,3
4270,[X4_X14_GET_resp_2xx],4270,3,10,0,0,3,0,14,10,0,10,0,0,6,0,0
4271,[X9_X4_GET_resp_2xx],4271,3,10,0,0,0,0,14,10,0,3,0,0,6,0,0
4272,[X7_X9_GET_resp_2xx],4272,3,10,0,0,0,0,14,3,0,0,0,0,6,0,0
4273,[X6_X7_GET_resp_2xx],4273,3,10,0,0,0,0,3,0,0,0,0,0,6,0,0
4274,[X12_X6_GET_resp_2xx],4274,3,10,0,0,0,0,0,0,0,0,0,0,3,0,0
4275,[X1_X12_GET_resp_2xx],4275,3,3,0,0,0,0,0,0,0,0,0,0,0,0,0
4276,[X0_X1_GET_resp_2xx],4276,0,0,0,0,0,0,0,0,0,0,0,0,0,0,0
4277,REST_X0,4277,2,0,0,0,0,0,0,0,0,0,0,0,0,0,0
4278,[X0_X1_GET_req],4278,3,1,0,0,0,0,0,0,0,0,0,0,0,0,0
4279,REST_X1,4279,3,2,0,0,0,0,0,0,0,0,0,0,0,0,0
4280,REST_X1,4280,3,9,0,0,0,0,0,0,0,0,0,0,0,0,0
4281,[X1_X12_GET_req],4281,3,10,0,0,0,0,0,0,0,0,0,0,1,0,0
4282,REST_X12,4282,3,10,0,0,0,0,0,0,0,0,0,0,2,0,0
4283,REST_X12,4283,3,10,0,0,0,0,0,0,0,0,0,0,5,0,0
4284,[X12_X6_GET_req],4284,3,10,0,0,0,0,1,0,0,0,0,0,6,0,0
4285,REST_X6,4285,3,10,0,0,0,0,2,0,0,0,0,0,6,0,0
4286,REST_X6,4286,3,10,0,0,0,0,13,0,0,0,0,0,6,0,0
4287,[X6_X7_GET_req],4287,3,10,0,0,0,0,14,1,0,0,0,0,6,0,0
4288,REST_X7,4288,3,10,0,0,0,0,14,2,0,0,0,0,6,0,0
4289,REST_X7,4289,3,10,0,0,0,0,14,5,0,0,0,0,6,0,0
4290,[X7_X5_GET_req],4290,3,10,0,0,0,1,14,6,0,0,0,0,6,0,0
4291,REST_X5,4291,3,10,0,0,0,2,14,6,0,0,0,0,6,0,0
4292,REST_X5,4292,3,10,0,0,0,3,14,6,0,0,0,0,6,0,0
4293,[X7_X5_GET_resp_2xx],4293,3,10,0,0,0,0,14,3,0,0,0,0,6,0,0
4294,[X6_X7_GET_resp_2xx],4294,3,10,0,0,0,0,3,0,0,0,0,0,6,0,0
4295,[X12_X6_GET_resp_2xx],4295,3,10,0,0,0,0,0,0,0,0,0,0,3,0,0
4296,[X1_X12_GET_resp_2xx],4296,3,3,0,0,0,0,0,0,0,0,0,0,0,0,0
4297,[X0_X1_GET_resp_2xx],4297,0,0,0,0,0,0,0,0,0,0,0,0,0,0,0
4298,REST_X0,4298,2,0,0,0,0,0,0,0,0,0,0,0,0,0,0
4299,[X0_X1_GET_req],4299,3,1,0,0,0,0,0,0,0,0,0,0,0,0,0
4300,REST_X1,4300,3,2,0,0,0,0,0,0,0,0,0,0,0,0,0
4301,REST_X1,4301,3,9,0,0,0,0,0,0,0,0,0,0,0,0,0
4302,[X1_X12_GET_req],4302,3,10,0,0,0,0,0,0,0,0,0,0,1,0,0
4303,REST_X12,4303,3,10,0,0,0,0,0,0,0,0,0,0,2,0,0
4304,REST_X12,4304,3,10,0,0,0,0,0,0,0,0,0,0,5,0,0
4305,[X12_X6_GET_req],4305,3,10,0,0,0,0,1,0,0,0,0,0,6,0,0
4306,REST_X6,4306,3,10,0,0,0,0,2,0,0,0,0,0,6,0,0
4307,REST_X6,4307,3,10,0,0,0,0,13,0,0,0,0,0,6,0,0
4308,[X6_X7_GET_req],4308,3,10,0,0,0,0,14,1,0,0,0,0,6,0,0
4309,REST_X7,4309,3,10,0,0,0,0,14,2,0,0,0,0,6,0,0
4310,REST_X7,4310,3,10,0,0,0,0,14,9,0,0,0,0,6,0,0
4311,[X7_X9_GET_req],4311,3,10,0,0,0,0,14,10,0,1,0,0,6,0,0
4312,REST_X9,4312,3,10,0,0,0,0,14,10,0,2,0,0,6,0,0
4313,REST_X9,4313,3,10,0,0,0,0,14,10,0,5,0,0,6,0,0
4314,[X9_X11_GET_req],4314,3,10,0,0,0,0,14,10,0,6,0,1,6,0,0
4315,REST_X11,4315,3,10,0,0,0,0,14,10,0,6,0,2,6,0,0
4316,REST_X11,4316,3,10,0,0,0,0,14,10,0,6,0,3,6,0,0
4317,[X9_X11_GET_resp_2xx],4317,3,10,0,0,0,0,14,10,0,3,0,0,6,0,0
4318,[X7_X9_GET_resp_2xx],4318,3,10,0,0,0,0,14,3,0,0,0,0,6,0,0
4319,[X6_X7_GET_resp_2xx],4319,3,10,0,0,0,0,3,0,0,0,0,0,6,0,0
4320,[X12_X6_GET_resp_2xx],4320,3,10,0,0,0,0,0,0,0,0,0,0,3,0,0
4321,[X1_X12_GET_resp_2xx],4321,3,3,0,0,0,0,0,0,0,0,0,0,0,0,0
4322,[X0_X1_GET_resp_2xx],4322,0,0,0,0,0,0,0,0,0,0,0,0,0,0,0
4323,REST_X0,4323,2,0,0,0,0,0,0,0,0,0,0,0,0,0,0
4324,[X0_X1_GET_req],4324,3,1,0,0,0,0,0,0,0,0,0,0,0,0,0
4325,REST_X1,4325,3,2,0,0,0,0,0,0,0,0,0,0,0,0,0
4326,REST_X1,4326,3,5,0,0,0,0,0,0,0,0,0,0,0,0,0
4327,[X1_X2_GET_req],4327,3,6,1,0,0,0,0,0,0,0,0,0,0,0,0
4328,REST_X2,4328,3,6,2,0,0,0,0,0,0,0,0,0,0,0,0
4329,REST_X2,4329,3,6,3,0,0,0,0,0,0,0,0,0,0,0,0
4330,[X1_X2_GET_resp_2xx],4330,3,3,0,0,0,0,0,0,0,0,0,0,0,0,0
4331,[X0_X1_GET_resp_2xx],4331,0,0,0,0,0,0,0,0,0,0,0,0,0,0,0
4332,REST_X0,4332,2,0,0,0,0,0,0,0,0,0,0,0,0,0,0
4333,[X0_X1_GET_req],4333,3,1,0,0,0,0,0,0,0,0,0,0,0,0,0
4334,REST_X1,4334,3,2,0,0,0,0,0,0,0,0,0,0,0,0,0
4335,REST_X1,4335,3,5,0,0,0,0,0,0,0,0,0,0,0,0,0
4336,[X1_X2_GET_req],4336,3,6,1,0,0,0,0,0,0,0,0,0,0,0,0
4337,REST_X2,4337,3,6,2,0,0,0,0,0,0,0,0,0,0,0,0
4338,REST_X2,4338,3,6,3,0,0,0,0,0,0,0,0,0,0,0,0
4339,[X1_X2_GET_resp_2xx],4339,3,3,0,0,0,0,0,0,0,0,0,0,0,0,0
4340,[X0_X1_GET_resp_2xx],4340,0,0,0,0,0,0,0,0,0,0,0,0,0,0,0
4341,REST_X0,4341,2,0,0,0,0,0,0,0,0,0,0,0,0,0,0
4342,[X0_X1_GET_req],4342,3,1,0,0,0,0,0,0,0,0,0,0,0,0,0
4343,REST_X1,4343,3,2,0,0,0,0,0,0,0,0,0,0,0,0,0
4344,REST_X1,4344,3,9,0,0,0,0,0,0,0,0,0,0,0,0,0
4345,[X1_X12_GET_req],4345,3,10,0,0,0,0,0,0,0,0,0,0,1,0,0
4346,REST_X12,4346,3,10,0,0,0,0,0,0,0,0,0,0,2,0,0
4347,REST_X12,4347,3,10,0,0,0,0,0,0,0,0,0,0,5,0,0
4348,[X12_X6_GET_req],4348,3,10,0,0,0,0,1,0,0,0,0,0,6,0,0
4349,REST_X6,4349,3,10,0,0,0,0,2,0,0,0,0,0,6,0,0
4350,REST_X6,4350,3,10,0,0,0,0,5,0,0,0,0,0,6,0,0
4351,[X6_X3_GET_req],4351,3,10,0,1,0,0,6,0,0,0,0,0,6,0,0
4352,REST_X3,4352,3,10,0,2,0,0,6,0,0,0,0,0,6,0,0
4353,REST_X3,4353,3,10,0,3,0,0,6,0,0,0,0,0,6,0,0
4354,[X6_X3_GET_resp_2xx],4354,3,10,0,0,0,0,3,0,0,0,0,0,6,0,0
4355,[X12_X6_GET_resp_2xx],4355,3,10,0,0,0,0,0,0,0,0,0,0,3,0,0
4356,[X1_X12_GET_resp_2xx],4356,3,3,0,0,0,0,0,0,0,0,0,0,0,0,0
4357,[X0_X1_GET_resp_2xx],4357,0,0,0,0,0,0,0,0,0,0,0,0,0,0,0
4358,REST_X0,4358,2,0,0,0,0,0,0,0,0,0,0,0,0,0,0
4359,[X0_X1_GET_req],4359,3,1,0,0,0,0,0,0,0,0,0,0,0,0,0
4360,REST_X1,4360,3,2,0,0,0,0,0,0,0,0,0,0,0,0,0
4361,REST_X1,4361,3,9,0,0,0,0,0,0,0,0,0,0,0,0,0
4362,[X1_X12_GET_req],4362,3,10,0,0,0,0,0,0,0,0,0,0,1,0,0
4363,REST_X12,4363,3,10,0,0,0,0,0,0,0,0,0,0,2,0,0
4364,REST_X12,4364,3,10,0,0,0,0,0,0,0,0,0,0,5,0,0
4365,[X12_X6_GET_req],4365,3,10,0,0,0,0,1,0,0,0,0,0,6,0,0
4366,REST_X6,4366,3,10,0,0,0,0,2,0,0,0,0,0,6,0,0
4367,REST_X6,4367,3,10,0,0,0,0,13,0,0,0,0,0,6,0,0
4368,[X6_X7_GET_req],4368,3,10,0,0,0,0,14,1,0,0,0,0,6,0,0
4369,REST_X7,4369,3,10,0,0,0,0,14,2,0,0,0,0,6,0,0
4370,REST_X7,4370,3,10,0,0,0,0,14,9,0,0,0,0,6,0,0
4371,[X7_X9_GET_req],4371,3,10,0,0,0,0,14,10,0,1,0,0,6,0,0
4372,REST_X9,4372,3,10,0,0,0,0,14,10,0,2,0,0,6,0,0
4373,REST_X9,4373,3,10,0,0,0,0,14,10,0,5,0,0,6,0,0
4374,[X9_X11_GET_req],4374,3,10,0,0,0,0,14,10,0,6,0,1,6,0,0
4375,REST_X11,4375,3,10,0,0,0,0,14,10,0,6,0,2,6,0,0
4376,REST_X11,4376,3,10,0,0,0,0,14,10,0,6,0,3,6,0,0
4377,[X9_X11_GET_resp_2xx],4377,3,10,0,0,0,0,14,10,0,3,0,0,6,0,0
4378,[X7_X9_GET_resp_2xx],4378,3,10,0,0,0,0,14,3,0,0,0,0,6,0,0
4379,[X6_X7_GET_resp_2xx],4379,3,10,0,0,0,0,3,0,0,0,0,0,6,0,0
4380,[X12_X6_GET_resp_2xx],4380,3,10,0,0,0,0,0,0,0,0,0,0,3,0,0
4381,[X1_X12_GET_resp_2xx],4381,3,3,0,0,0,0,0,0,0,0,0,0,0,0,0
4382,[X0_X1_GET_resp_2xx],4382,0,0,0,0,0,0,0,0,0,0,0,0,0,0,0
4383,REST_X0,4383,2,0,0,0,0,0,0,0,0,0,0,0,0,0,0
4384,[X0_X1_GET_req],4384,3,1,0,0,0,0,0,0,0,0,0,0,0,0,0
4385,REST_X1,4385,3,2,0,0,0,0,0,0,0,0,0,0,0,0,0
4386,REST_X1,4386,3,9,0,0,0,0,0,0,0,0,0,0,0,0,0
4387,[X1_X12_GET_req],4387,3,10,0,0,0,0,0,0,0,0,0,0,1,0,0
4388,REST_X12,4388,3,10,0,0,0,0,0,0,0,0,0,0,2,0,0
4389,REST_X12,4389,3,10,0,0,0,0,0,0,0,0,0,0,5,0,0
4390,[X12_X6_GET_req],4390,3,10,0,0,0,0,1,0,0,0,0,0,6,0,0
4391,REST_X6,4391,3,10,0,0,0,0,2,0,0,0,0,0,6,0,0
4392,REST_X6,4392,3,10,0,0,0,0,9,0,0,0,0,0,6,0,0
4393,[X6_X8_GET_req],4393,3,10,0,0,0,0,10,0,1,0,0,0,6,0,0
4394,REST_X8,4394,3,10,0,0,0,0,10,0,2,0,0,0,6,0,0
4395,REST_X8,4395,3,10,0,0,0,0,10,0,3,0,0,0,6,0,0
4396,[X6_X8_GET_resp_2xx],4396,3,10,0,0,0,0,3,0,0,0,0,0,6,0,0
4397,[X12_X6_GET_resp_2xx],4397,3,10,0,0,0,0,0,0,0,0,0,0,3,0,0
4398,[X1_X12_GET_resp_2xx],4398,3,3,0,0,0,0,0,0,0,0,0,0,0,0,0
4399,[X0_X1_GET_resp_2xx],4399,0,0,0,0,0,0,0,0,0,0,0,0,0,0,0
4400,REST_X0,4400,2,0,0,0,0,0,0,0,0,0,0,0,0,0,0
4401,[X0_X1_GET_req],4401,3,1,0,0,0,0,0,0,0,0,0,0,0,0,0
4402,REST_X1,4402,3,2,0,0,0,0,0,0,0,0,0,0,0,0,0
4403,REST_X1,4403,3,5,0,0,0,0,0,0,0,0,0,0,0,0,0
4404,[X1_X2_GET_req],4404,3,6,1,0,0,0,0,0,0,0,0,0,0,0,0
4405,REST_X2,4405,3,6,2,0,0,0,0,0,0,0,0,0,0,0,0
4406,REST_X2,4406,3,6,3,0,0,0,0,0,0,0,0,0,0,0,0
4407,[X1_X2_GET_resp_2xx],4407,3,3,0,0,0,0,0,0,0,0,0,0,0,0,0
4408,[X0_X1_GET_resp_2xx],4408,0,0,0,0,0,0,0,0,0,0,0,0,0,0,0
4409,REST_X0,4409,2,0,0,0,0,0,0,0,0,0,0,0,0,0,0
4410,[X0_X1_GET_req],4410,3,1,0,0,0,0,0,0,0,0,0,0,0,0,0
4411,REST_X1,4411,3,2,0,0,0,0,0,0,0,0,0,0,0,0,0
4412,REST_X1,4412,3,9,0,0,0,0,0,0,0,0,0,0,0,0,0
4413,[X1_X12_GET_req],4413,3,10,0,0,0,0,0,0,0,0,0,0,1,0,0
4414,REST_X12,4414,3,10,0,0,0,0,0,0,0,0,0,0,2,0,0
4415,REST_X12,4415,3,10,0,0,0,0,0,0,0,0,0,0,5,0,0
4416,[X12_X6_GET_req],4416,3,10,0,0,0,0,1,0,0,0,0,0,6,0,0
4417,REST_X6,4417,3,10,0,0,0,0,2,0,0,0,0,0,6,0,0
4418,REST_X6,4418,3,10,0,0,0,0,13,0,0,0,0,0,6,0,0
4419,[X6_X7_GET_req],4419,3,10,0,0,0,0,14,1,0,0,0,0,6,0,0
4420,REST_X7,4420,3,10,0,0,0,0,14,2,0,0,0,0,6,0,0
4421,REST_X7,4421,3,10,0,0,0,0,14,9,0,0,0,0,6,0,0
4422,[X7_X9_GET_req],4422,3,10,0,0,0,0,14,10,0,1,0,0,6,0,0
4423,REST_X9,4423,3,10,0,0,0,0,14,10,0,2,0,0,6,0,0
4424,REST_X9,4424,3,10,0,0,0,0,14,10,0,5,0,0,6,0,0
4425,[X9_X11_GET_req],4425,3,10,0,0,0,0,14,10,0,6,0,1,6,0,0
4426,REST_X11,4426,3,10,0,0,0,0,14,10,0,6,0,2,6,0,0
4427,REST_X11,4427,3,10,0,0,0,0,14,10,0,6,0,3,6,0,0
4428,[X9_X11_GET_resp_2xx],4428,3,10,0,0,0,0,14,10,0,3,0,0,6,0,0
4429,[X7_X9_GET_resp_2xx],4429,3,10,0,0,0,0,14,3,0,0,0,0,6,0,0
4430,[X6_X7_GET_resp_2xx],4430,3,10,0,0,0,0,3,0,0,0,0,0,6,0,0
4431,[X12_X6_GET_resp_2xx],4431,3,10,0,0,0,0,0,0,0,0,0,0,3,0,0
4432,[X1_X12_GET_resp_2xx],4432,3,3,0,0,0,0,0,0,0,0,0,0,0,0,0
4433,[X0_X1_GET_resp_2xx],4433,0,0,0,0,0,0,0,0,0,0,0,0,0,0,0
4434,REST_X0,4434,2,0,0,0,0,0,0,0,0,0,0,0,0,0,0
4435,[X0_X1_GET_req],4435,3,1,0,0,0,0,0,0,0,0,0,0,0,0,0
4436,REST_X1,4436,3,2,0,0,0,0,0,0,0,0,0,0,0,0,0
4437,REST_X1,4437,3,5,0,0,0,0,0,0,0,0,0,0,0,0,0
4438,[X1_X2_GET_req],4438,3,6,1,0,0,0,0,0,0,0,0,0,0,0,0
4439,REST_X2,4439,3,6,2,0,0,0,0,0,0,0,0,0,0,0,0
4440,REST_X2,4440,3,6,4,0,0,0,0,0,0,0,0,0,0,0,0
4441,[X1_X2_GET_resp_5xx],4441,3,7,0,0,0,0,0,0,0,0,0,0,0,0,0
4442,[X1_X2_GET_req],4442,3,8,1,0,0,0,0,0,0,0,0,0,0,0,0
4443,REST_X2,4443,3,8,2,0,0,0,0,0,0,0,0,0,0,0,0
4444,REST_X2,4444,3,8,3,0,0,0,0,0,0,0,0,0,0,0,0
4445,[X1_X2_GET_resp_2xx],4445,3,3,0,0,0,0,0,0,0,0,0,0,0,0,0
4446,[X0_X1_GET_resp_2xx],4446,0,0,0,0,0,0,0,0,0,0,0,0,0,0,0
4447,REST_X0,4447,2,0,0,0,0,0,0,0,0,0,0,0,0,0,0
4448,[X0_X1_GET_req],4448,3,1,0,0,0,0,0,0,0,0,0,0,0,0,0
4449,REST_X1,4449,3,2,0,0,0,0,0,0,0,0,0,0,0,0,0
4450,REST_X1,4450,3,9,0,0,0,0,0,0,0,0,0,0,0,0,0
4451,[X1_X12_GET_req],4451,3,10,0,0,0,0,0,0,0,0,0,0,1,0,0
4452,REST_X12,4452,3,10,0,0,0,0,0,0,0,0,0,0,2,0,0
4453,REST_X12,4453,3,10,0,0,0,0,0,0,0,0,0,0,5,0,0
4454,[X12_X6_GET_req],4454,3,10,0,0,0,0,1,0,0,0,0,0,6,0,0
4455,REST_X6,4455,3,10,0,0,0,0,2,0,0,0,0,0,6,0,0
4456,REST_X6,4456,3,10,0,0,0,0,9,0,0,0,0,0,6,0,0
4457,[X6_X8_GET_req],4457,3,10,0,0,0,0,10,0,1,0,0,0,6,0,0
4458,REST_X8,4458,3,10,0,0,0,0,10,0,2,0,0,0,6,0,0
4459,REST_X8,4459,3,10,0,0,0,0,10,0,3,0,0,0,6,0,0
4460,[X6_X8_GET_resp_2xx],4460,3,10,0,0,0,0,3,0,0,0,0,0,6,0,0
4461,[X12_X6_GET_resp_2xx],4461,3,10,0,0,0,0,0,0,0,0,0,0,3,0,0
4462,[X1_X12_GET_resp_2xx],4462,3,3,0,0,0,0,0,0,0,0,0,0,0,0,0
4463,[X0_X1_GET_resp_2xx],4463,0,0,0,0,0,0,0,0,0,0,0,0,0,0,0
4464,REST_X0,4464,2,0,0,0,0,0,0,0,0,0,0,0,0,0,0
4465,[X0_X1_GET_req],4465,3,1,0,0,0,0,0,0,0,0,0,0,0,0,0
4466,REST_X1,4466,3,2,0,0,0,0,0,0,0,0,0,0,0,0,0
4467,REST_X1,4467,3,9,0,0,0,0,0,0,0,0,0,0,0,0,0
4468,[X1_X12_GET_req],4468,3,10,0,0,0,0,0,0,0,0,0,0,1,0,0
4469,REST_X12,4469,3,10,0,0,0,0,0,0,0,0,0,0,2,0,0
4470,REST_X12,4470,3,10,0,0,0,0,0,0,0,0,0,0,5,0,0
4471,[X12_X6_GET_req],4471,3,10,0,0,0,0,1,0,0,0,0,0,6,0,0
4472,REST_X6,4472,3,10,0,0,0,0,2,0,0,0,0,0,6,0,0
4473,REST_X6,4473,3,10,0,0,0,0,5,0,0,0,0,0,6,0,0
4474,[X6_X3_GET_req],4474,3,10,0,1,0,0,6,0,0,0,0,0,6,0,0
4475,REST_X3,4475,3,10,0,2,0,0,6,0,0,0,0,0,6,0,0
4476,REST_X3,4476,3,10,0,4,0,0,6,0,0,0,0,0,6,0,0
4477,[X6_X3_GET_resp_5xx],4477,3,10,0,0,0,0,7,0,0,0,0,0,6,0,0
4478,[X6_X3_GET_req],4478,3,10,0,1,0,0,8,0,0,0,0,0,6,0,0
4479,REST_X3,4479,3,10,0,2,0,0,8,0,0,0,0,0,6,0,0
4480,REST_X3,4480,3,10,0,3,0,0,8,0,0,0,0,0,6,0,0
4481,[X6_X3_GET_resp_2xx],4481,3,10,0,0,0,0,3,0,0,0,0,0,6,0,0
4482,[X12_X6_GET_resp_2xx],4482,3,10,0,0,0,0,0,0,0,0,0,0,3,0,0
4483,[X1_X12_GET_resp_2xx],4483,3,3,0,0,0,0,0,0,0,0,0,0,0,0,0
4484,[X0_X1_GET_resp_2xx],4484,0,0,0,0,0,0,0,0,0,0,0,0,0,0,0
4485,REST_X0,4485,2,0,0,0,0,0,0,0,0,0,0,0,0,0,0
4486,[X0_X1_GET_req],4486,3,1,0,0,0,0,0,0,0,0,0,0,0,0,0
4487,REST_X1,4487,3,2,0,0,0,0,0,0,0,0,0,0,0,0,0
4488,REST_X1,4488,3,9,0,0,0,0,0,0,0,0,0,0,0,0,0
4489,[X1_X12_GET_req],4489,3,10,0,0,0,0,0,0,0,0,0,0,1,0,0
4490,REST_X12,4490,3,10,0,0,0,0,0,0,0,0,0,0,2,0,0
4491,REST_X12,4491,3,10,0,0,0,0,0,0,0,0,0,0,5,0,0
4492,[X12_X6_GET_req],4492,3,10,0,0,0,0,1,0,0,0,0,0,6,0,0
4493,REST_X6,4493,3,10,0,0,0,0,2,0,0,0,0,0,6,0,0
4494,REST_X6,4494,3,10,0,0,0,0,9,0,0,0,0,0,6,0,0
4495,[X6_X8_GET_req],4495,3,10,0,0,0,0,10,0,1,0,0,0,6,0,0
4496,REST_X8,4496,3,10,0,0,0,0,10,0,2,0,0,0,6,0,0
4497,REST_X8,4497,3,10,0,0,0,0,10,0,3,0,0,0,6,0,0
4498,[X6_X8_GET_resp_2xx],4498,3,10,0,0,0,0,3,0,0,0,0,0,6,0,0
4499,[X12_X6_GET_resp_2xx],4499,3,10,0,0,0,0,0,0,0,0,0,0,3,0,0
4500,[X1_X12_GET_resp_2xx],4500,3,3,0,0,0,0,0,0,0,0,0,0,0,0,0
4501,[X0_X1_GET_resp_2xx],4501,0,0,0,0,0,0,0,0,0,0,0,0,0,0,0
4502,REST_X0,4502,2,0,0,0,0,0,0,0,0,0,0,0,0,0,0
4503,[X0_X1_GET_req],4503,3,1,0,0,0,0,0,0,0,0,0,0,0,0,0
4504,REST_X1,4504,3,2,0,0,0,0,0,0,0,0,0,0,0,0,0
4505,REST_X1,4505,3,5,0,0,0,0,0,0,0,0,0,0,0,0,0
4506,[X1_X2_GET_req],4506,3,6,1,0,0,0,0,0,0,0,0,0,0,0,0
4507,REST_X2,4507,3,6,2,0,0,0,0,0,0,0,0,0,0,0,0
4508,REST_X2,4508,3,6,3,0,0,0,0,0,0,0,0,0,0,0,0
4509,[X1_X2_GET_resp_2xx],4509,3,3,0,0,0,0,0,0,0,0,0,0,0,0,0
4510,[X0_X1_GET_resp_2xx],4510,0,0,0,0,0,0,0,0,0,0,0,0,0,0,0
4511,REST_X0,4511,2,0,0,0,0,0,0,0,0,0,0,0,0,0,0
4512,[X0_X1_GET_req],4512,3,1,0,0,0,0,0,0,0,0,0,0,0,0,0
4513,REST_X1,4513,3,2,0,0,0,0,0,0,0,0,0,0,0,0,0
4514,REST_X1,4514,3,5,0,0,0,0,0,0,0,0,0,0,0,0,0
4515,[X1_X2_GET_req],4515,3,6,1,0,0,0,0,0,0,0,0,0,0,0,0
4516,REST_X2,4516,3,6,2,0,0,0,0,0,0,0,0,0,0,0,0
4517,REST_X2,4517,3,6,3,0,0,0,0,0,0,0,0,0,0,0,0
4518,[X1_X2_GET_resp_2xx],4518,3,3,0,0,0,0,0,0,0,0,0,0,0,0,0
4519,[X0_X1_GET_resp_2xx],4519,0,0,0,0,0,0,0,0,0,0,0,0,0,0,0
4520,REST_X0,4520,2,0,0,0,0,0,0,0,0,0,0,0,0,0,0
4521,[X0_X1_GET_req],4521,3,1,0,0,0,0,0,0,0,0,0,0,0,0,0
4522,REST_X1,4522,3,2,0,0,0,0,0,0,0,0,0,0,0,0,0
4523,REST_X1,4523,3,9,0,0,0,0,0,0,0,0,0,0,0,0,0
4524,[X1_X12_GET_req],4524,3,10,0,0,0,0,0,0,0,0,0,0,1,0,0
4525,REST_X12,4525,3,10,0,0,0,0,0,0,0,0,0,0,2,0,0
4526,REST_X12,4526,3,10,0,0,0,0,0,0,0,0,0,0,5,0,0
4527,[X12_X6_GET_req],4527,3,10,0,0,0,0,1,0,0,0,0,0,6,0,0
4528,REST_X6,4528,3,10,0,0,0,0,2,0,0,0,0,0,6,0,0
4529,REST_X6,4529,3,10,0,0,0,0,9,0,0,0,0,0,6,0,0
4530,[X6_X8_GET_req],4530,3,10,0,0,0,0,10,0,1,0,0,0,6,0,0
4531,REST_X8,4531,3,10,0,0,0,0,10,0,2,0,0,0,6,0,0
4532,REST_X8,4532,3,10,0,0,0,0,10,0,3,0,0,0,6,0,0
4533,[X6_X8_GET_resp_2xx],4533,3,10,0,0,0,0,3,0,0,0,0,0,6,0,0
4534,[X12_X6_GET_resp_2xx],4534,3,10,0,0,0,0,0,0,0,0,0,0,3,0,0
4535,[X1_X12_GET_resp_2xx],4535,3,3,0,0,0,0,0,0,0,0,0,0,0,0,0
4536,[X0_X1_GET_resp_2xx],4536,0,0,0,0,0,0,0,0,0,0,0,0,0,0,0
4537,REST_X0,4537,2,0,0,0,0,0,0,0,0,0,0,0,0,0,0
4538,[X0_X1_GET_req],4538,3,1,0,0,0,0,0,0,0,0,0,0,0,0,0
4539,REST_X1,4539,3,2,0,0,0,0,0,0,0,0,0,0,0,0,0
4540,REST_X1,4540,3,9,0,0,0,0,0,0,0,0,0,0,0,0,0
4541,[X1_X12_GET_req],4541,3,10,0,0,0,0,0,0,0,0,0,0,1,0,0
4542,REST_X12,4542,3,10,0,0,0,0,0,0,0,0,0,0,2,0,0
4543,REST_X12,4543,3,10,0,0,0,0,0,0,0,0,0,0,5,0,0
4544,[X12_X6_GET_req],4544,3,10,0,0,0,0,1,0,0,0,0,0,6,0,0
4545,REST_X6,4545,3,10,0,0,0,0,2,0,0,0,0,0,6,0,0
4546,REST_X6,4546,3,10,0,0,0,0,13,0,0,0,0,0,6,0,0
4547,[X6_X7_GET_req],4547,3,10,0,0,0,0,14,1,0,0,0,0,6,0,0
4548,REST_X7,4548,3,10,0,0,0,0,14,2,0,0,0,0,6,0,0
4549,REST_X7,4549,3,10,0,0,0,0,14,9,0,0,0,0,6,0,0
4550,[X7_X9_GET_req],4550,3,10,0,0,0,0,14,10,0,1,0,0,6,0,0
4551,REST_X9,4551,3,10,0,0,0,0,14,10,0,2,0,0,6,0,0
4552,REST_X9,4552,3,10,0,0,0,0,14,10,0,9,0,0,6,0,0
4553,[X9_X4_GET_req],4553,3,10,0,0,1,0,14,10,0,10,0,0,6,0,0
4554,REST_X4,4554,3,10,0,0,2,0,14,10,0,10,0,0,6,0,0
4555,REST_X4,4555,3,10,0,0,9,0,14,10,0,10,0,0,6,0,0
4556,[X4_X14_GET_req],4556,3,10,0,0,10,0,14,10,0,10,0,0,6,0,1
4557,REST_X14,4557,3,10,0,0,10,0,14,10,0,10,0,0,6,0,2
4558,REST_X14,4558,3,10,0,0,10,0,14,10,0,10,0,0,6,0,5
4559,[X14_X13_GET_req],4559,3,10,0,0,10,0,14,10,0,10,0,0,6,1,6
4560,REST_X13,4560,3,10,0,0,10,0,14,10,0,10,0,0,6,2,6
4561,REST_X13,4561,3,10,0,0,10,0,14,10,0,10,0,0,6,3,6
4562,[X14_X13_GET_resp_2xx],4562,3,10,0,0,10,0,14,10,0,10,0,0,6,0,3
4563,[X4_X14_GET_resp_2xx],4563,3,10,0,0,3,0,14,10,0,10,0,0,6,0,0
4564,[X9_X4_GET_resp_2xx],4564,3,10,0,0,0,0,14,10,0,3,0,0,6,0,0
4565,[X7_X9_GET_resp_2xx],4565,3,10,0,0,0,0,14,3,0,0,0,0,6,0,0
4566,[X6_X7_GET_resp_2xx],4566,3,10,0,0,0,0,3,0,0,0,0,0,6,0,0
4567,[X12_X6_GET_resp_2xx],4567,3,10,0,0,0,0,0,0,0,0,0,0,3,0,0
4568,[X1_X12_GET_resp_2xx],4568,3,3,0,0,0,0,0,0,0,0,0,0,0,0,0
4569,[X0_X1_GET_resp_2xx],4569,0,0,0,0,0,0,0,0,0,0,0,0,0,0,0
4570,REST_X0,4570,2,0,0,0,0,0,0,0,0,0,0,0,0,0,0
4571,[X0_X1_GET_req],4571,3,1,0,0,0,0,0,0,0,0,0,0,0,0,0
4572,REST_X1,4572,3,2,0,0,0,0,0,0,0,0,0,0,0,0,0
4573,REST_X1,4573,3,9,0,0,0,0,0,0,0,0,0,0,0,0,0
4574,[X1_X12_GET_req],4574,3,10,0,0,0,0,0,0,0,0,0,0,1,0,0
4575,REST_X12,4575,3,10,0,0,0,0,0,0,0,0,0,0,2,0,0
4576,REST_X12,4576,3,10,0,0,0,0,0,0,0,0,0,0,5,0,0
4577,[X12_X6_GET_req],4577,3,10,0,0,0,0,1,0,0,0,0,0,6,0,0
4578,REST_X6,4578,3,10,0,0,0,0,2,0,0,0,0,0,6,0,0
4579,REST_X6,4579,3,10,0,0,0,0,9,0,0,0,0,0,6,0,0
4580,[X6_X8_GET_req],4580,3,10,0,0,0,0,10,0,1,0,0,0,6,0,0
4581,REST_X8,4581,3,10,0,0,0,0,10,0,2,0,0,0,6,0,0
4582,REST_X8,4582,3,10,0,0,0,0,10,0,3,0,0,0,6,0,0
4583,[X6_X8_GET_resp_2xx],4583,3,10,0,0,0,0,3,0,0,0,0,0,6,0,0
4584,[X12_X6_GET_resp_2xx],4584,3,10,0,0,0,0,0,0,0,0,0,0,3,0,0
4585,[X1_X12_GET_resp_2xx],4585,3,3,0,0,0,0,0,0,0,0,0,0,0,0,0
4586,[X0_X1_GET_resp_2xx],4586,0,0,0,0,0,0,0,0,0,0,0,0,0,0,0
4587,REST_X0,4587,2,0,0,0,0,0,0,0,0,0,0,0,0,0,0
4588,[X0_X1_GET_req],4588,3,1,0,0,0,0,0,0,0,0,0,0,0,0,0
4589,REST_X1,4589,3,2,0,0,0,0,0,0,0,0,0,0,0,0,0
4590,REST_X1,4590,3,5,0,0,0,0,0,0,0,0,0,0,0,0,0
4591,[X1_X2_GET_req],4591,3,6,1,0,0,0,0,0,0,0,0,0,0,0,0
4592,REST_X2,4592,3,6,2,0,0,0,0,0,0,0,0,0,0,0,0
4593,REST_X2,4593,3,6,3,0,0,0,0,0,0,0,0,0,0,0,0
4594,[X1_X2_GET_resp_2xx],4594,3,3,0,0,0,0,0,0,0,0,0,0,0,0,0
4595,[X0_X1_GET_resp_2xx],4595,0,0,0,0,0,0,0,0,0,0,0,0,0,0,0
4596,REST_X0,4596,2,0,0,0,0,0,0,0,0,0,0,0,0,0,0
4597,[X0_X1_GET_req],4597,3,1,0,0,0,0,0,0,0,0,0,0,0,0,0
4598,REST_X1,4598,3,2,0,0,0,0,0,0,0,0,0,0,0,0,0
4599,REST_X1,4599,3,9,0,0,0,0,0,0,0,0,0,0,0,0,0
4600,[X1_X12_GET_req],4600,3,10,0,0,0,0,0,0,0,0,0,0,1,0,0
4601,REST_X12,4601,3,10,0,0,0,0,0,0,0,0,0,0,2,0,0
4602,REST_X12,4602,3,10,0,0,0,0,0,0,0,0,0,0,5,0,0
4603,[X12_X6_GET_req],4603,3,10,0,0,0,0,1,0,0,0,0,0,6,0,0
4604,REST_X6,4604,3,10,0,0,0,0,2,0,0,0,0,0,6,0,0
4605,REST_X6,4605,3,10,0,0,0,0,13,0,0,0,0,0,6,0,0
4606,[X6_X7_GET_req],4606,3,10,0,0,0,0,14,1,0,0,0,0,6,0,0
4607,REST_X7,4607,3,10,0,0,0,0,14,2,0,0,0,0,6,0,0
4608,REST_X7,4608,3,10,0,0,0,0,14,9,0,0,0,0,6,0,0
4609,[X7_X9_GET_req],4609,3,10,0,0,0,0,14,10,0,1,0,0,6,0,0
4610,REST_X9,4610,3,10,0,0,0,0,14,10,0,2,0,0,6,0,0
4611,REST_X9,4611,3,10,0,0,0,0,14,10,0,5,0,0,6,0,0
4612,[X9_X11_GET_req],4612,3,10,0,0,0,0,14,10,0,6,0,1,6,0,0
4613,REST_X11,4613,3,10,0,0,0,0,14,10,0,6,0,2,6,0,0
4614,REST_X11,4614,3,10,0,0,0,0,14,10,0,6,0,4,6,0,0
4615,[X9_X11_GET_resp_5xx],4615,3,10,0,0,0,0,14,10,0,7,0,0,6,0,0
4616,[X9_X11_GET_req],4616,3,10,0,0,0,0,14,10,0,8,0,1,6,0,0
4617,REST_X11,4617,3,10,0,0,0,0,14,10,0,8,0,2,6,0,0
4618,REST_X11,4618,3,10,0,0,0,0,14,10,0,8,0,3,6,0,0
4619,[X9_X11_GET_resp_2xx],4619,3,10,0,0,0,0,14,10,0,3,0,0,6,0,0
4620,[X7_X9_GET_resp_2xx],4620,3,10,0,0,0,0,14,3,0,0,0,0,6,0,0
4621,[X6_X7_GET_resp_2xx],4621,3,10,0,0,0,0,3,0,0,0,0,0,6,0,0
4622,[X12_X6_GET_resp_2xx],4622,3,10,0,0,0,0,0,0,0,0,0,0,3,0,0
4623,[X1_X12_GET_resp_2xx],4623,3,3,0,0,0,0,0,0,0,0,0,0,0,0,0
4624,[X0_X1_GET_resp_2xx],4624,0,0,0,0,0,0,0,0,0,0,0,0,0,0,0
4625,REST_X0,4625,2,0,0,0,0,0,0,0,0,0,0,0,0,0,0
4626,[X0_X1_GET_req],4626,3,1,0,0,0,0,0,0,0,0,0,0,0,0,0
4627,REST_X1,4627,3,2,0,0,0,0,0,0,0,0,0,0,0,0,0
4628,REST_X1,4628,3,5,0,0,0,0,0,0,0,0,0,0,0,0,0
4629,[X1_X2_GET_req],4629,3,6,1,0,0,0,0,0,0,0,0,0,0,0,0
4630,REST_X2,4630,3,6,2,0,0,0,0,0,0,0,0,0,0,0,0
4631,REST_X2,4631,3,6,3,0,0,0,0,0,0,0,0,0,0,0,0
4632,[X1_X2_GET_resp_2xx],4632,3,3,0,0,0,0,0,0,0,0,0,0,0,0,0
4633,[X0_X1_GET_resp_2xx],4633,0,0,0,0,0,0,0,0,0,0,0,0,0,0,0
4634,REST_X0,4634,2,0,0,0,0,0,0,0,0,0,0,0,0,0,0
4635,[X0_X1_GET_req],4635,3,1,0,0,0,0,0,0,0,0,0,0,0,0,0
4636,REST_X1,4636,3,2,0,0,0,0,0,0,0,0,0,0,0,0,0
4637,REST_X1,4637,3,5,0,0,0,0,0,0,0,0,0,0,0,0,0
4638,[X1_X2_GET_req],4638,3,6,1,0,0,0,0,0,0,0,0,0,0,0,0
4639,REST_X2,4639,3,6,2,0,0,0,0,0,0,0,0,0,0,0,0
4640,REST_X2,4640,3,6,3,0,0,0,0,0,0,0,0,0,0,0,0
4641,[X1_X2_GET_resp_2xx],4641,3,3,0,0,0,0,0,0,0,0,0,0,0,0,0
4642,[X0_X1_GET_resp_2xx],4642,0,0,0,0,0,0,0,0,0,0,0,0,0,0,0
4643,REST_X0,4643,2,0,0,0,0,0,0,0,0,0,0,0,0,0,0
4644,[X0_X1_GET_req],4644,3,1,0,0,0,0,0,0,0,0,0,0,0,0,0
4645,REST_X1,4645,3,2,0,0,0,0,0,0,0,0,0,0,0,0,0
4646,REST_X1,4646,3,9,0,0,0,0,0,0,0,0,0,0,0,0,0
4647,[X1_X12_GET_req],4647,3,10,0,0,0,0,0,0,0,0,0,0,1,0,0
4648,REST_X12,4648,3,10,0,0,0,0,0,0,0,0,0,0,2,0,0
4649,REST_X12,4649,3,10,0,0,0,0,0,0,0,0,0,0,5,0,0
4650,[X12_X6_GET_req],4650,3,10,0,0,0,0,1,0,0,0,0,0,6,0,0
4651,REST_X6,4651,3,10,0,0,0,0,2,0,0,0,0,0,6,0,0
4652,REST_X6,4652,3,10,0,0,0,0,5,0,0,0,0,0,6,0,0
4653,[X6_X3_GET_req],4653,3,10,0,1,0,0,6,0,0,0,0,0,6,0,0
4654,REST_X3,4654,3,10,0,2,0,0,6,0,0,0,0,0,6,0,0
4655,REST_X3,4655,3,10,0,3,0,0,6,0,0,0,0,0,6,0,0
4656,[X6_X3_GET_resp_2xx],4656,3,10,0,0,0,0,3,0,0,0,0,0,6,0,0
4657,[X12_X6_GET_resp_2xx],4657,3,10,0,0,0,0,0,0,0,0,0,0,3,0,0
4658,[X1_X12_GET_resp_2xx],4658,3,3,0,0,0,0,0,0,0,0,0,0,0,0,0
4659,[X0_X1_GET_resp_2xx],4659,0,0,0,0,0,0,0,0,0,0,0,0,0,0,0
4660,REST_X0,4660,2,0,0,0,0,0,0,0,0,0,0,0,0,0,0
4661,[X0_X1_GET_req],4661,3,1,0,0,0,0,0,0,0,0,0,0,0,0,0
4662,REST_X1,4662,3,2,0,0,0,0,0,0,0,0,0,0,0,0,0
4663,REST_X1,4663,3,5,0,0,0,0,0,0,0,0,0,0,0,0,0
4664,[X1_X2_GET_req],4664,3,6,1,0,0,0,0,0,0,0,0,0,0,0,0
4665,REST_X2,4665,3,6,2,0,0,0,0,0,0,0,0,0,0,0,0
4666,REST_X2,4666,3,6,4,0,0,0,0,0,0,0,0,0,0,0,0
4667,[X1_X2_GET_resp_5xx],4667,3,7,0,0,0,0,0,0,0,0,0,0,0,0,0
4668,[X1_X2_GET_req],4668,3,8,1,0,0,0,0,0,0,0,0,0,0,0,0
4669,REST_X2,4669,3,8,2,0,0,0,0,0,0,0,0,0,0,0,0
4670,REST_X2,4670,3,8,3,0,0,0,0,0,0,0,0,0,0,0,0
4671,[X1_X2_GET_resp_2xx],4671,3,3,0,0,0,0,0,0,0,0,0,0,0,0,0
4672,[X0_X1_GET_resp_2xx],4672,0,0,0,0,0,0,0,0,0,0,0,0,0,0,0
4673,REST_X0,4673,2,0,0,0,0,0,0,0,0,0,0,0,0,0,0
4674,[X0_X1_GET_req],4674,3,1,0,0,0,0,0,0,0,0,0,0,0,0,0
4675,REST_X1,4675,3,2,0,0,0,0,0,0,0,0,0,0,0,0,0
4676,REST_X1,4676,3,5,0,0,0,0,0,0,0,0,0,0,0,0,0
4677,[X1_X2_GET_req],4677,3,6,1,0,0,0,0,0,0,0,0,0,0,0,0
4678,REST_X2,4678,3,6,2,0,0,0,0,0,0,0,0,0,0,0,0
4679,REST_X2,4679,3,6,3,0,0,0,0,0,0,0,0,0,0,0,0
4680,[X1_X2_GET_resp_2xx],4680,3,3,0,0,0,0,0,0,0,0,0,0,0,0,0
4681,[X0_X1_GET_resp_2xx],4681,0,0,0,0,0,0,0,0,0,0,0,0,0,0,0
4682,REST_X0,4682,2,0,0,0,0,0,0,0,0,0,0,0,0,0,0
4683,[X0_X1_GET_req],4683,3,1,0,0,0,0,0,0,0,0,0,0,0,0,0
4684,REST_X1,4684,3,2,0,0,0,0,0,0,0,0,0,0,0,0,0
4685,REST_X1,4685,3,9,0,0,0,0,0,0,0,0,0,0,0,0,0
4686,[X1_X12_GET_req],4686,3,10,0,0,0,0,0,0,0,0,0,0,1,0,0
4687,REST_X12,4687,3,10,0,0,0,0,0,0,0,0,0,0,2,0,0
4688,REST_X12,4688,3,10,0,0,0,0,0,0,0,0,0,0,5,0,0
4689,[X12_X6_GET_req],4689,3,10,0,0,0,0,1,0,0,0,0,0,6,0,0
4690,REST_X6,4690,3,10,0,0,0,0,2,0,0,0,0,0,6,0,0
4691,REST_X6,4691,3,10,0,0,0,0,5,0,0,0,0,0,6,0,0
4692,[X6_X3_GET_req],4692,3,10,0,1,0,0,6,0,0,0,0,0,6,0,0
4693,REST_X3,4693,3,10,0,2,0,0,6,0,0,0,0,0,6,0,0
4694,REST_X3,4694,3,10,0,3,0,0,6,0,0,0,0,0,6,0,0
4695,[X6_X3_GET_resp_2xx],4695,3,10,0,0,0,0,3,0,0,0,0,0,6,0,0
4696,[X12_X6_GET_resp_2xx],4696,3,10,0,0,0,0,0,0,0,0,0,0,3,0,0
4697,[X1_X12_GET_resp_2xx],4697,3,3,0,0,0,0,0,0,0,0,0,0,0,0,0
4698,[X0_X1_GET_resp_2xx],4698,0,0,0,0,0,0,0,0,0,0,0,0,0,0,0
4699,REST_X0,4699,2,0,0,0,0,0,0,0,0,0,0,0,0,0,0
4700,[X0_X1_GET_req],4700,3,1,0,0,0,0,0,0,0,0,0,0,0,0,0
4701,REST_X1,4701,3,2,0,0,0,0,0,0,0,0,0,0,0,0,0
4702,REST_X1,4702,3,9,0,0,0,0,0,0,0,0,0,0,0,0,0
4703,[X1_X12_GET_req],4703,3,10,0,0,0,0,0,0,0,0,0,0,1,0,0
4704,REST_X12,4704,3,10,0,0,0,0,0,0,0,0,0,0,2,0,0
4705,REST_X12,4705,3,10,0,0,0,0,0,0,0,0,0,0,5,0,0
4706,[X12_X6_GET_req],4706,3,10,0,0,0,0,1,0,0,0,0,0,6,0,0
4707,REST_X6,4707,3,10,0,0,0,0,2,0,0,0,0,0,6,0,0
4708,REST_X6,4708,3,10,0,0,0,0,13,0,0,0,0,0,6,0,0
4709,[X6_X7_GET_req],4709,3,10,0,0,0,0,14,1,0,0,0,0,6,0,0
4710,REST_X7,4710,3,10,0,0,0,0,14,2,0,0,0,0,6,0,0
4711,REST_X7,4711,3,10,0,0,0,0,14,5,0,0,0,0,6,0,0
4712,[X7_X5_GET_req],4712,3,10,0,0,0,1,14,6,0,0,0,0,6,0,0
4713,REST_X5,4713,3,10,0,0,0,2,14,6,0,0,0,0,6,0,0
4714,REST_X5,4714,3,10,0,0,0,3,14,6,0,0,0,0,6,0,0
4715,[X7_X5_GET_resp_2xx],4715,3,10,0,0,0,0,14,3,0,0,0,0,6,0,0
4716,[X6_X7_GET_resp_2xx],4716,3,10,0,0,0,0,3,0,0,0,0,0,6,0,0
4717,[X12_X6_GET_resp_2xx],4717,3,10,0,0,0,0,0,0,0,0,0,0,3,0,0
4718,[X1_X12_GET_resp_2xx],4718,3,3,0,0,0,0,0,0,0,0,0,0,0,0,0
4719,[X0_X1_GET_resp_2xx],4719,0,0,0,0,0,0,0,0,0,0,0,0,0,0,0
4720,REST_X0,4720,2,0,0,0,0,0,0,0,0,0,0,0,0,0,0
4721,[X0_X1_GET_req],4721,3,1,0,0,0,0,0,0,0,0,0,0,0,0,0
4722,REST_X1,4722,3,2,0,0,0,0,0,0,0,0,0,0,0,0,0
4723,REST_X1,4723,3,5,0,0,0,0,0,0,0,0,0,0,0,0,0
4724,[X1_X2_GET_req],4724,3,6,1,0,0,0,0,0,0,0,0,0,0,0,0
4725,REST_X2,4725,3,6,2,0,0,0,0,0,0,0,0,0,0,0,0
4726,REST_X2,4726,3,6,3,0,0,0,0,0,0,0,0,0,0,0,0
4727,[X1_X2_GET_resp_2xx],4727,3,3,0,0,0,0,0,0,0,0,0,0,0,0,0
4728,[X0_X1_GET_resp_2xx],4728,0,0,0,0,0,0,0,0,0,0,0,0,0,0,0
4729,REST_X0,4729,2,0,0,0,0,0,0,0,0,0,0,0,0,0,0
4730,[X0_X1_GET_req],4730,3,1,0,0,0,0,0,0,0,0,0,0,0,0,0
4731,REST_X1,4731,3,2,0,0,0,0,0,0,0,0,0,0,0,0,0
4732,REST_X1,4732,3,9,0,0,0,0,0,0,0,0,0,0,0,0,0
4733,[X1_X12_GET_req],4733,3,10,0,0,0,0,0,0,0,0,0,0,1,0,0
4734,REST_X12,4734,3,10,0,0,0,0,0,0,0,0,0,0,2,0,0
4735,REST_X12,4735,3,10,0,0,0,0,0,0,0,0,0,0,5,0,0
4736,[X12_X6_GET_req],4736,3,10,0,0,0,0,1,0,0,0,0,0,6,0,0
4737,REST_X6,4737,3,10,0,0,0,0,2,0,0,0,0,0,6,0,0
4738,REST_X6,4738,3,10,0,0,0,0,13,0,0,0,0,0,6,0,0
4739,[X6_X7_GET_req],4739,3,10,0,0,0,0,14,1,0,0,0,0,6,0,0
4740,REST_X7,4740,3,10,0,0,0,0,14,2,0,0,0,0,6,0,0
4741,REST_X7,4741,3,10,0,0,0,0,14,5,0,0,0,0,6,0,0
4742,[X7_X5_GET_req],4742,3,10,0,0,0,1,14,6,0,0,0,0,6,0,0
4743,REST_X5,4743,3,10,0,0,0,2,14,6,0,0,0,0,6,0,0
4744,REST_X5,4744,3,10,0,0,0,3,14,6,0,0,0,0,6,0,0
4745,[X7_X5_GET_resp_2xx],4745,3,10,0,0,0,0,14,3,0,0,0,0,6,0,0
4746,[X6_X7_GET_resp_2xx],4746,3,10,0,0,0,0,3,0,0,0,0,0,6,0,0
4747,[X12_X6_GET_resp_2xx],4747,3,10,0,0,0,0,0,0,0,0,0,0,3,0,0
4748,[X1_X12_GET_resp_2xx],4748,3,3,0,0,0,0,0,0,0,0,0,0,0,0,0
4749,[X0_X1_GET_resp_2xx],4749,0,0,0,0,0,0,0,0,0,0,0,0,0,0,0
4750,REST_X0,4750,2,0,0,0,0,0,0,0,0,0,0,0,0,0,0
4751,[X0_X1_GET_req],4751,3,1,0,0,0,0,0,0,0,0,0,0,0,0,0
4752,REST_X1,4752,3,2,0,0,0,0,0,0,0,0,0,0,0,0,0
4753,REST_X1,4753,3,5,0,0,0,0,0,0,0,0,0,0,0,0,0
4754,[X1_X2_GET_req],4754,3,6,1,0,0,0,0,0,0,0,0,0,0,0,0
4755,REST_X2,4755,3,6,2,0,0,0,0,0,0,0,0,0,0,0,0
4756,REST_X2,4756,3,6,3,0,0,0,0,0,0,0,0,0,0,0,0
4757,[X1_X2_GET_resp_2xx],4757,3,3,0,0,0,0,0,0,0,0,0,0,0,0,0
4758,[X0_X1_GET_resp_2xx],4758,0,0,0,0,0,0,0,0,0,0,0,0,0,0,0
4759,REST_X0,4759,2,0,0,0,0,0,0,0,0,0,0,0,0,0,0
4760,[X0_X1_GET_req],4760,3,1,0,0,0,0,0,0,0,0,0,0,0,0,0
4761,REST_X1,4761,3,2,0,0,0,0,0,0,0,0,0,0,0,0,0
4762,REST_X1,4762,3,5,0,0,0,0,0,0,0,0,0,0,0,0,0
4763,[X1_X2_GET_req],4763,3,6,1,0,0,0,0,0,0,0,0,0,0,0,0
4764,REST_X2,4764,3,6,2,0,0,0,0,0,0,0,0,0,0,0,0
4765,REST_X2,4765,3,6,3,0,0,0,0,0,0,0,0,0,0,0,0
4766,[X1_X2_GET_resp_2xx],4766,3,3,0,0,0,0,0,0,0,0,0,0,0,0,0
4767,[X0_X1_GET_resp_2xx],4767,0,0,0,0,0,0,0,0,0,0,0,0,0,0,0
4768,REST_X0,4768,2,0,0,0,0,0,0,0,0,0,0,0,0,0,0
4769,[X0_X1_GET_req],4769,3,1,0,0,0,0,0,0,0,0,0,0,0,0,0
4770,REST_X1,4770,3,2,0,0,0,0,0,0,0,0,0,0,0,0,0
4771,REST_X1,4771,3,5,0,0,0,0,0,0,0,0,0,0,0,0,0
4772,[X1_X2_GET_req],4772,3,6,1,0,0,0,0,0,0,0,0,0,0,0,0
4773,REST_X2,4773,3,6,2,0,0,0,0,0,0,0,0,0,0,0,0
4774,REST_X2,4774,3,6,3,0,0,0,0,0,0,0,0,0,0,0,0
4775,[X1_X2_GET_resp_2xx],4775,3,3,0,0,0,0,0,0,0,0,0,0,0,0,0
4776,[X0_X1_GET_resp_2xx],4776,0,0,0,0,0,0,0,0,0,0,0,0,0,0,0
4777,REST_X0,4777,2,0,0,0,0,0,0,0,0,0,0,0,0,0,0
4778,[X0_X1_GET_req],4778,3,1,0,0,0,0,0,0,0,0,0,0,0,0,0
4779,REST_X1,4779,3,2,0,0,0,0,0,0,0,0,0,0,0,0,0
4780,REST_X1,4780,3,9,0,0,0,0,0,0,0,0,0,0,0,0,0
4781,[X1_X12_GET_req],4781,3,10,0,0,0,0,0,0,0,0,0,0,1,0,0
4782,REST_X12,4782,3,10,0,0,0,0,0,0,0,0,0,0,2,0,0
4783,REST_X12,4783,3,10,0,0,0,0,0,0,0,0,0,0,5,0,0
4784,[X12_X6_GET_req],4784,3,10,0,0,0,0,1,0,0,0,0,0,6,0,0
4785,REST_X6,4785,3,10,0,0,0,0,2,0,0,0,0,0,6,0,0
4786,REST_X6,4786,3,10,0,0,0,0,13,0,0,0,0,0,6,0,0
4787,[X6_X7_GET_req],4787,3,10,0,0,0,0,14,1,0,0,0,0,6,0,0
4788,REST_X7,4788,3,10,0,0,0,0,14,2,0,0,0,0,6,0,0
4789,REST_X7,4789,3,10,0,0,0,0,14,9,0,0,0,0,6,0,0
4790,[X7_X9_GET_req],4790,3,10,0,0,0,0,14,10,0,1,0,0,6,0,0
4791,REST_X9,4791,3,10,0,0,0,0,14,10,0,2,0,0,6,0,0
4792,REST_X9,4792,3,10,0,0,0,0,14,10,0,9,0,0,6,0,0
4793,[X9_X4_GET_req],4793,3,10,0,0,1,0,14,10,0,10,0,0,6,0,0
4794,REST_X4,4794,3,10,0,0,2,0,14,10,0,10,0,0,6,0,0
4795,REST_X4,4795,3,10,0,0,9,0,14,10,0,10,0,0,6,0,0
4796,[X4_X14_GET_req],4796,3,10,0,0,10,0,14,10,0,10,0,0,6,0,1
4797,REST_X14,4797,3,10,0,0,10,0,14,10,0,10,0,0,6,0,2
4798,REST_X14,4798,3,10,0,0,10,0,14,10,0,10,0,0,6,0,5
4799,[X14_X13_GET_req],4799,3,10,0,0,10,0,14,10,0,10,0,0,6,1,6
4800,REST_X13,4800,3,10,0,0,10,0,14,10,0,10,0,0,6,2,6
4801,REST_X13,4801,3,10,0,0,10,0,14,10,0,10,0,0,6,3,6
4802,[X14_X13_GET_resp_2xx],4802,3,10,0,0,10,0,14,10,0,10,0,0,6,0,3
4803,[X4_X14_GET_resp_2xx],4803,3,10,0,0,3,0,14,10,0,10,0,0,6,0,0
4804,[X9_X4_GET_resp_2xx],4804,3,10,0,0,0,0,14,10,0,3,0,0,6,0,0
4805,[X7_X9_GET_resp_2xx],4805,3,10,0,0,0,0,14,3,0,0,0,0,6,0,0
4806,[X6_X7_GET_resp_2xx],4806,3,10,0,0,0,0,3,0,0,0,0,0,6,0,0
4807,[X12_X6_GET_resp_2xx],4807,3,10,0,0,0,0,0,0,0,0,0,0,3,0,0
4808,[X1_X12_GET_resp_2xx],4808,3,3,0,0,0,0,0,0,0,0,0,0,0,0,0
4809,[X0_X1_GET_resp_2xx],4809,0,0,0,0,0,0,0,0,0,0,0,0,0,0,0
4810,REST_X0,4810,2,0,0,0,0,0,0,0,0,0,0,0,0,0,0
4811,[X0_X1_GET_req],4811,3,1,0,0,0,0,0,0,0,0,0,0,0,0,0
4812,REST_X1,4812,3,2,0,0,0,0,0,0,0,0,0,0,0,0,0
4813,REST_X1,4813,3,9,0,0,0,0,0,0,0,0,0,0,0,0,0
4814,[X1_X12_GET_req],4814,3,10,0,0,0,0,0,0,0,0,0,0,1,0,0
4815,REST_X12,4815,3,10,0,0,0,0,0,0,0,0,0,0,2,0,0
4816,REST_X12,4816,3,10,0,0,0,0,0,0,0,0,0,0,5,0,0
4817,[X12_X6_GET_req],4817,3,10,0,0,0,0,1,0,0,0,0,0,6,0,0
4818,REST_X6,4818,3,10,0,0,0,0,2,0,0,0,0,0,6,0,0
4819,REST_X6,4819,3,10,0,0,0,0,5,0,0,0,0,0,6,0,0
4820,[X6_X3_GET_req],4820,3,10,0,1,0,0,6,0,0,0,0,0,6,0,0
4821,REST_X3,4821,3,10,0,2,0,0,6,0,0,0,0,0,6,0,0
4822,REST_X3,4822,3,10,0,4,0,0,6,0,0,0,0,0,6,0,0
4823,[X6_X3_GET_resp_5xx],4823,3,10,0,0,0,0,7,0,0,0,0,0,6,0,0
4824,[X6_X3_GET_req],4824,3,10,0,1,0,0,8,0,0,0,0,0,6,0,0
4825,REST_X3,4825,3,10,0,2,0,0,8,0,0,0,0,0,6,0,0
4826,REST_X3,4826,3,10,0,3,0,0,8,0,0,0,0,0,6,0,0
4827,[X6_X3_GET_resp_2xx],4827,3,10,0,0,0,0,3,0,0,0,0,0,6,0,0
4828,[X12_X6_GET_resp_2xx],4828,3,10,0,0,0,0,0,0,0,0,0,0,3,0,0
4829,[X1_X12_GET_resp_2xx],4829,3,3,0,0,0,0,0,0,0,0,0,0,0,0,0
4830,[X0_X1_GET_resp_2xx],4830,0,0,0,0,0,0,0,0,0,0,0,0,0,0,0
4831,REST_X0,4831,2,0,0,0,0,0,0,0,0,0,0,0,0,0,0
4832,[X0_X1_GET_req],4832,3,1,0,0,0,0,0,0,0,0,0,0,0,0,0
4833,REST_X1,4833,3,2,0,0,0,0,0,0,0,0,0,0,0,0,0
4834,REST_X1,4834,3,9,0,0,0,0,0,0,0,0,0,0,0,0,0
4835,[X1_X12_GET_req],4835,3,10,0,0,0,0,0,0,0,0,0,0,1,0,0
4836,REST_X12,4836,3,10,0,0,0,0,0,0,0,0,0,0,2,0,0
4837,REST_X12,4837,3,10,0,0,0,0,0,0,0,0,0,0,5,0,0
4838,[X12_X6_GET_req],4838,3,10,0,0,0,0,1,0,0,0,0,0,6,0,0
4839,REST_X6,4839,3,10,0,0,0,0,2,0,0,0,0,0,6,0,0
4840,REST_X6,4840,3,10,0,0,0,0,9,0,0,0,0,0,6,0,0
4841,[X6_X8_GET_req],4841,3,10,0,0,0,0,10,0,1,0,0,0,6,0,0
4842,REST_X8,4842,3,10,0,0,0,0,10,0,2,0,0,0,6,0,0
4843,REST_X8,4843,3,10,0,0,0,0,10,0,3,0,0,0,6,0,0
4844,[X6_X8_GET_resp_2xx],4844,3,10,0,0,0,0,3,0,0,0,0,0,6,0,0
4845,[X12_X6_GET_resp_2xx],4845,3,10,0,0,0,0,0,0,0,0,0,0,3,0,0
4846,[X1_X12_GET_resp_2xx],4846,3,3,0,0,0,0,0,0,0,0,0,0,0,0,0
4847,[X0_X1_GET_resp_2xx],4847,0,0,0,0,0,0,0,0,0,0,0,0,0,0,0
4848,REST_X0,4848,2,0,0,0,0,0,0,0,0,0,0,0,0,0,0
4849,[X0_X1_GET_req],4849,3,1,0,0,0,0,0,0,0,0,0,0,0,0,0
4850,REST_X1,4850,3,2,0,0,0,0,0,0,0,0,0,0,0,0,0
4851,REST_X1,4851,3,9,0,0,0,0,0,0,0,0,0,0,0,0,0
4852,[X1_X12_GET_req],4852,3,10,0,0,0,0,0,0,0,0,0,0,1,0,0
4853,REST_X12,4853,3,10,0,0,0,0,0,0,0,0,0,0,2,0,0
4854,REST_X12,4854,3,10,0,0,0,0,0,0,0,0,0,0,5,0,0
4855,[X12_X6_GET_req],4855,3,10,0,0,0,0,1,0,0,0,0,0,6,0,0
4856,REST_X6,4856,3,10,0,0,0,0,2,0,0,0,0,0,6,0,0
4857,REST_X6,4857,3,10,0,0,0,0,5,0,0,0,0,0,6,0,0
4858,[X6_X3_GET_req],4858,3,10,0,1,0,0,6,0,0,0,0,0,6,0,0
4859,REST_X3,4859,3,10,0,2,0,0,6,0,0,0,0,0,6,0,0
4860,REST_X3,4860,3,10,0,3,0,0,6,0,0,0,0,0,6,0,0
4861,[X6_X3_GET_resp_2xx],4861,3,10,0,0,0,0,3,0,0,0,0,0,6,0,0
4862,[X12_X6_GET_resp_2xx],4862,3,10,0,0,0,0,0,0,0,0,0,0,3,0,0
4863,[X1_X12_GET_resp_2xx],4863,3,3,0,0,0,0,0,0,0,0,0,0,0,0,0
4864,[X0_X1_GET_resp_2xx],4864,0,0,0,0,0,0,0,0,0,0,0,0,0,0,0
4865,REST_X0,4865,2,0,0,0,0,0,0,0,0,0,0,0,0,0,0
4866,[X0_X1_GET_req],4866,3,1,0,0,0,0,0,0,0,0,0,0,0,0,0
4867,REST_X1,4867,3,2,0,0,0,0,0,0,0,0,0,0,0,0,0
4868,REST_X1,4868,3,5,0,0,0,0,0,0,0,0,0,0,0,0,0
4869,[X1_X2_GET_req],4869,3,6,1,0,0,0,0,0,0,0,0,0,0,0,0
4870,REST_X2,4870,3,6,2,0,0,0,0,0,0,0,0,0,0,0,0
4871,REST_X2,4871,3,6,3,0,0,0,0,0,0,0,0,0,0,0,0
4872,[X1_X2_GET_resp_2xx],4872,3,3,0,0,0,0,0,0,0,0,0,0,0,0,0
4873,[X0_X1_GET_resp_2xx],4873,0,0,0,0,0,0,0,0,0,0,0,0,0,0,0
4874,REST_X0,4874,2,0,0,0,0,0,0,0,0,0,0,0,0,0,0
4875,[X0_X1_GET_req],4875,3,1,0,0,0,0,0,0,0,0,0,0,0,0,0
4876,REST_X1,4876,3,2,0,0,0,0,0,0,0,0,0,0,0,0,0
4877,REST_X1,4877,3,9,0,0,0,0,0,0,0,0,0,0,0,0,0
4878,[X1_X12_GET_req],4878,3,10,0,0,0,0,0,0,0,0,0,0,1,0,0
4879,REST_X12,4879,3,10,0,0,0,0,0,0,0,0,0,0,2,0,0
4880,REST_X12,4880,3,10,0,0,0,0,0,0,0,0,0,0,5,0,0
4881,[X12_X6_GET_req],4881,3,10,0,0,0,0,1,0,0,0,0,0,6,0,0
4882,REST_X6,4882,3,10,0,0,0,0,2,0,0,0,0,0,6,0,0
4883,REST_X6,4883,3,10,0,0,0,0,13,0,0,0,0,0,6,0,0
4884,[X6_X7_GET_req],4884,3,10,0,0,0,0,14,1,0,0,0,0,6,0,0
4885,REST_X7,4885,3,10,0,0,0,0,14,2,0,0,0,0,6,0,0
4886,REST_X7,4886,3,10,0,0,0,0,14,9,0,0,0,0,6,0,0
4887,[X7_X9_GET_req],4887,3,10,0,0,0,0,14,10,0,1,0,0,6,0,0
4888,REST_X9,4888,3,10,0,0,0,0,14,10,0,2,0,0,6,0,0
4889,REST_X9,4889,3,10,0,0,0,0,14,10,0,9,0,0,6,0,0
4890,[X9_X4_GET_req],4890,3,10,0,0,1,0,14,10,0,10,0,0,6,0,0
4891,REST_X4,4891,3,10,0,0,2,0,14,10,0,10,0,0,6,0,0
4892,REST_X4,4892,3,10,0,0,9,0,14,10,0,10,0,0,6,0,0
4893,[X4_X14_GET_req],4893,3,10,0,0,10,0,14,10,0,10,0,0,6,0,1
4894,REST_X14,4894,3,10,0,0,10,0,14,10,0,10,0,0,6,0,2
4895,REST_X14,4895,3,10,0,0,10,0,14,10,0,10,0,0,6,0,5
4896,[X14_X13_GET_req],4896,3,10,0,0,10,0,14,10,0,10,0,0,6,1,6
4897,REST_X13,4897,3,10,0,0,10,0,14,10,0,10,0,0,6,2,6
4898,REST_X13,4898,3,10,0,0,10,0,14,10,0,10,0,0,6,4,6
4899,[X14_X13_GET_resp_5xx],4899,3,10,0,0,10,0,14,10,0,10,0,0,6,0,7
4900,[X14_X13_GET_req],4900,3,10,0,0,10,0,14,10,0,10,0,0,6,1,8
4901,REST_X13,4901,3,10,0,0,10,0,14,10,0,10,0,0,6,2,8
4902,REST_X13,4902,3,10,0,0,10,0,14,10,0,10,0,0,6,3,8
4903,[X14_X13_GET_resp_2xx],4903,3,10,0,0,10,0,14,10,0,10,0,0,6,0,3
4904,[X4_X14_GET_resp_2xx],4904,3,10,0,0,3,0,14,10,0,10,0,0,6,0,0
4905,[X9_X4_GET_resp_2xx],4905,3,10,0,0,0,0,14,10,0,3,0,0,6,0,0
4906,[X7_X9_GET_resp_2xx],4906,3,10,0,0,0,0,14,3,0,0,0,0,6,0,0
4907,[X6_X7_GET_resp_2xx],4907,3,10,0,0,0,0,3,0,0,0,0,0,6,0,0
4908,[X12_X6_GET_resp_2xx],4908,3,10,0,0,0,0,0,0,0,0,0,0,3,0,0
4909,[X1_X12_GET_resp_2xx],4909,3,3,0,0,0,0,0,0,0,0,0,0,0,0,0
4910,[X0_X1_GET_resp_2xx],4910,0,0,0,0,0,0,0,0,0,0,0,0,0,0,0
4911,REST_X0,4911,2,0,0,0,0,0,0,0,0,0,0,0,0,0,0
4912,[X0_X1_GET_req],4912,3,1,0,0,0,0,0,0,0,0,0,0,0,0,0
4913,REST_X1,4913,3,2,0,0,0,0,0,0,0,0,0,0,0,0,0
4914,REST_X1,4914,3,5,0,0,0,0,0,0,0,0,0,0,0,0,0
4915,[X1_X2_GET_req],4915,3,6,1,0,0,0,0,0,0,0,0,0,0,0,0
4916,REST_X2,4916,3,6,2,0,0,0,0,0,0,0,0,0,0,0,0
4917,REST_X2,4917,3,6,3,0,0,0,0,0,0,0,0,0,0,0,0
4918,[X1_X2_GET_resp_2xx],4918,3,3,0,0,0,0,0,0,0,0,0,0,0,0,0
4919,[X0_X1_GET_resp_2xx],4919,0,0,0,0,0,0,0,0,0,0,0,0,0,0,0
4920,REST_X0,4920,2,0,0,0,0,0,0,0,0,0,0,0,0,0,0
4921,[X0_X1_GET_req],4921,3,1,0,0,0,0,0,0,0,0,0,0,0,0,0
4922,REST_X1,4922,3,2,0,0,0,0,0,0,0,0,0,0,0,0,0
4923,REST_X1,4923,3,9,0,0,0,0,0,0,0,0,0,0,0,0,0
4924,[X1_X12_GET_req],4924,3,10,0,0,0,0,0,0,0,0,0,0,1,0,0
4925,REST_X12,4925,3,10,0,0,0,0,0,0,0,0,0,0,2,0,0
4926,REST_X12,4926,3,10,0,0,0,0,0,0,0,0,0,0,5,0,0
4927,[X12_X6_GET_req],4927,3,10,0,0,0,0,1,0,0,0,0,0,6,0,0
4928,REST_X6,4928,3,10,0,0,0,0,2,0,0,0,0,0,6,0,0
4929,REST_X6,4929,3,10,0,0,0,0,9,0,0,0,0,0,6,0,0
4930,[X6_X8_GET_req],4930,3,10,0,0,0,0,10,0,1,0,0,0,6,0,0
4931,REST_X8,4931,3,10,0,0,0,0,10,0,2,0,0,0,6,0,0
4932,REST_X8,4932,3,10,0,0,0,0,10,0,3,0,0,0,6,0,0
4933,[X6_X8_GET_resp_2xx],4933,3,10,0,0,0,0,3,0,0,0,0,0,6,0,0
4934,[X12_X6_GET_resp_2xx],4934,3,10,0,0,0,0,0,0,0,0,0,0,3,0,0
4935,[X1_X12_GET_resp_2xx],4935,3,3,0,0,0,0,0,0,0,0,0,0,0,0,0
4936,[X0_X1_GET_resp_2xx],4936,0,0,0,0,0,0,0,0,0,0,0,0,0,0,0
4937,REST_X0,4937,2,0,0,0,0,0,0,0,0,0,0,0,0,0,0
4938,[X0_X1_GET_req],4938,3,1,0,0,0,0,0,0,0,0,0,0,0,0,0
4939,REST_X1,4939,3,2,0,0,0,0,0,0,0,0,0,0,0,0,0
4940,REST_X1,4940,3,5,0,0,0,0,0,0,0,0,0,0,0,0,0
4941,[X1_X2_GET_req],4941,3,6,1,0,0,0,0,0,0,0,0,0,0,0,0
4942,REST_X2,4942,3,6,2,0,0,0,0,0,0,0,0,0,0,0,0
4943,REST_X2,4943,3,6,3,0,0,0,0,0,0,0,0,0,0,0,0
4944,[X1_X2_GET_resp_2xx],4944,3,3,0,0,0,0,0,0,0,0,0,0,0,0,0
4945,[X0_X1_GET_resp_2xx],4945,0,0,0,0,0,0,0,0,0,0,0,0,0,0,0
4946,REST_X0,4946,2,0,0,0,0,0,0,0,0,0,0,0,0,0,0
4947,[X0_X1_GET_req],4947,3,1,0,0,0,0,0,0,0,0,0,0,0,0,0
4948,REST_X1,4948,3,2,0,0,0,0,0,0,0,0,0,0,0,0,0
4949,REST_X1,4949,3,9,0,0,0,0,0,0,0,0,0,0,0,0,0
4950,[X1_X12_GET_req],4950,3,10,0,0,0,0,0,0,0,0,0,0,1,0,0
4951,REST_X12,4951,3,10,0,0,0,0,0,0,0,0,0,0,2,0,0
4952,REST_X12,4952,3,10,0,0,0,0,0,0,0,0,0,0,5,0,0
4953,[X12_X6_GET_req],4953,3,10,0,0,0,0,1,0,0,0,0,0,6,0,0
4954,REST_X6,4954,3,10,0,0,0,0,2,0,0,0,0,0,6,0,0
4955,REST_X6,4955,3,10,0,0,0,0,13,0,0,0,0,0,6,0,0
4956,[X6_X7_GET_req],4956,3,10,0,0,0,0,14,1,0,0,0,0,6,0,0
4957,REST_X7,4957,3,10,0,0,0,0,14,2,0,0,0,0,6,0,0
4958,REST_X7,4958,3,10,0,0,0,0,14,9,0,0,0,0,6,0,0
4959,[X7_X9_GET_req],4959,3,10,0,0,0,0,14,10,0,1,0,0,6,0,0
4960,REST_X9,4960,3,10,0,0,0,0,14,10,0,2,0,0,6,0,0
4961,REST_X9,4961,3,10,0,0,0,0,14,10,0,9,0,0,6,0,0
4962,[X9_X4_GET_req],4962,3,10,0,0,1,0,14,10,0,10,0,0,6,0,0
4963,REST_X4,4963,3,10,0,0,2,0,14,10,0,10,0,0,6,0,0
4964,REST_X4,4964,3,10,0,0,9,0,14,10,0,10,0,0,6,0,0
4965,[X4_X14_GET_req],4965,3,10,0,0,10,0,14,10,0,10,0,0,6,0,1
4966,REST_X14,4966,3,10,0,0,10,0,14,10,0,10,0,0,6,0,2
4967,REST_X14,4967,3,10,0,0,10,0,14,10,0,10,0,0,6,0,5
4968,[X14_X13_GET_req],4968,3,10,0,0,10,0,14,10,0,10,0,0,6,1,6
4969,REST_X13,4969,3,10,0,0,10,0,14,10,0,10,0,0,6,2,6
4970,REST_X13,4970,3,10,0,0,10,0,14,10,0,10,0,0,6,3,6
4971,[X14_X13_GET_resp_2xx],4971,3,10,0,0,10,0,14,10,0,10,0,0,6,0,3
4972,[X4_X14_GET_resp_2xx],4972,3,10,0,0,3,0,14,10,0,10,0,0,6,0,0
4973,[X9_X4_GET_resp_2xx],4973,3,10,0,0,0,0,14,10,0,3,0,0,6,0,0
4974,[X7_X9_GET_resp_2xx],4974,3,10,0,0,0,0,14,3,0,0,0,0,6,0,0
4975,[X6_X7_GET_resp_2xx],4975,3,10,0,0,0,0,3,0,0,0,0,0,6,0,0
4976,[X12_X6_GET_resp_2xx],4976,3,10,0,0,0,0,0,0,0,0,0,0,3,0,0
4977,[X1_X12_GET_resp_2xx],4977,3,3,0,0,0,0,0,0,0,0,0,0,0,0,0
4978,[X0_X1_GET_resp_2xx],4978,0,0,0,0,0,0,0,0,0,0,0,0,0,0,0
4979,REST_X0,4979,2,0,0,0,0,0,0,0,0,0,0,0,0,0,0
4980,[X0_X1_GET_req],4980,3,1,0,0,0,0,0,0,0,0,0,0,0,0,0
4981,REST_X1,4981,3,2,0,0,0,0,0,0,0,0,0,0,0,0,0
4982,REST_X1,4982,3,9,0,0,0,0,0,0,0,0,0,0,0,0,0
4983,[X1_X12_GET_req],4983,3,10,0,0,0,0,0,0,0,0,0,0,1,0,0
4984,REST_X12,4984,3,10,0,0,0,0,0,0,0,0,0,0,2,0,0
4985,REST_X12,4985,3,10,0,0,0,0,0,0,0,0,0,0,5,0,0
4986,[X12_X6_GET_req],4986,3,10,0,0,0,0,1,0,0,0,0,0,6,0,0
4987,REST_X6,4987,3,10,0,0,0,0,2,0,0,0,0,0,6,0,0
4988,REST_X6,4988,3,10,0,0,0,0,5,0,0,0,0,0,6,0,0
4989,[X6_X3_GET_req],4989,3,10,0,1,0,0,6,0,0,0,0,0,6,0,0
4990,REST_X3,4990,3,10,0,2,0,0,6,0,0,0,0,0,6,0,0
4991,REST_X3,4991,3,10,0,3,0,0,6,0,0,0,0,0,6,0,0
4992,[X6_X3_GET_resp_2xx],4992,3,10,0,0,0,0,3,0,0,0,0,0,6,0,0
4993,[X12_X6_GET_resp_2xx],4993,3,10,0,0,0,0,0,0,0,0,0,0,3,0,0
4994,[X1_X12_GET_resp_2xx],4994,3,3,0,0,0,0,0,0,0,0,0,0,0,0,0
4995,[X0_X1_GET_resp_2xx],4995,0,0,0,0,0,0,0,0,0,0,0,0,0,0,0
4996,REST_X0,4996,2,0,0,0,0,0,0,0,0,0,0,0,0,0,0
4997,[X0_X1_GET_req],4997,3,1,0,0,0,0,0,0,0,0,0,0,0,0,0
4998,REST_X1,4998,3,2,0,0,0,0,0,0,0,0,0,0,0,0,0
4999,REST_X1,4999,3,5,0,0,0,0,0,0,0,0,0,0,0,0,0
5000,[X1_X2_GET_req],5000,3,6,1,0,0,0,0,0,0,0,0,0,0,0,0
5001,REST_X2,5001,3,6,2,0,0,0,0,0,0,0,0,0,0,0,0
5002,REST_X2,5002,3,6,3,0,0,0,0,0,0,0,0,0,0,0,0
5003,[X1_X2_GET_resp_2xx],5003,3,3,0,0,0,0,0,0,0,0,0,0,0,0,0
5004,[X0_X1_GET_resp_2xx],5004,0,0,0,0,0,0,0,0,0,0,0,0,0,0,0
5005,REST_X0,5005,2,0,0,0,0,0,0,0,0,0,0,0,0,0,0
5006,[X0_X1_GET_req],5006,3,1,0,0,0,0,0,0,0,0,0,0,0,0,0
5007,REST_X1,5007,3,2,0,0,0,0,0,0,0,0,0,0,0,0,0
5008,REST_X1,5008,3,5,0,0,0,0,0,0,0,0,0,0,0,0,0
5009,[X1_X2_GET_req],5009,3,6,1,0,0,0,0,0,0,0,0,0,0,0,0
5010,REST_X2,5010,3,6,2,0,0,0,0,0,0,0,0,0,0,0,0
5011,REST_X2,5011,3,6,3,0,0,0,0,0,0,0,0,0,0,0,0
5012,[X1_X2_GET_resp_2xx],5012,3,3,0,0,0,0,0,0,0,0,0,0,0,0,0
5013,[X0_X1_GET_resp_2xx],5013,0,0,0,0,0,0,0,0,0,0,0,0,0,0,0
5014,REST_X0,5014,2,0,0,0,0,0,0,0,0,0,0,0,0,0,0
5015,[X0_X1_GET_req],5015,3,1,0,0,0,0,0,0,0,0,0,0,0,0,0
5016,REST_X1,5016,3,2,0,0,0,0,0,0,0,0,0,0,0,0,0
5017,REST_X1,5017,3,5,0,0,0,0,0,0,0,0,0,0,0,0,0
5018,[X1_X2_GET_req],5018,3,6,1,0,0,0,0,0,0,0,0,0,0,0,0
5019,REST_X2,5019,3,6,2,0,0,0,0,0,0,0,0,0,0,0,0
5020,REST_X2,5020,3,6,3,0,0,0,0,0,0,0,0,0,0,0,0
5021,[X1_X2_GET_resp_2xx],5021,3,3,0,0,0,0,0,0,0,0,0,0,0,0,0
5022,[X0_X1_GET_resp_2xx],5022,0,0,0,0,0,0,0,0,0,0,0,0,0,0,0
5023,REST_X0,5023,2,0,0,0,0,0,0,0,0,0,0,0,0,0,0
5024,[X0_X1_GET_req],5024,3,1,0,0,0,0,0,0,0,0,0,0,0,0,0
5025,REST_X1,5025,3,2,0,0,0,0,0,0,0,0,0,0,0,0,0
5026,REST_X1,5026,3,9,0,0,0,0,0,0,0,0,0,0,0,0,0
5027,[X1_X12_GET_req],5027,3,10,0,0,0,0,0,0,0,0,0,0,1,0,0
5028,REST_X12,5028,3,10,0,0,0,0,0,0,0,0,0,0,2,0,0
5029,REST_X12,5029,3,10,0,0,0,0,0,0,0,0,0,0,5,0,0
5030,[X12_X6_GET_req],5030,3,10,0,0,0,0,1,0,0,0,0,0,6,0,0
5031,REST_X6,5031,3,10,0,0,0,0,2,0,0,0,0,0,6,0,0
5032,REST_X6,5032,3,10,0,0,0,0,13,0,0,0,0,0,6,0,0
5033,[X6_X7_GET_req],5033,3,10,0,0,0,0,14,1,0,0,0,0,6,0,0
5034,REST_X7,5034,3,10,0,0,0,0,14,2,0,0,0,0,6,0,0
5035,REST_X7,5035,3,10,0,0,0,0,14,9,0,0,0,0,6,0,0
5036,[X7_X9_GET_req],5036,3,10,0,0,0,0,14,10,0,1,0,0,6,0,0
5037,REST_X9,5037,3,10,0,0,0,0,14,10,0,2,0,0,6,0,0
5038,REST_X9,5038,3,10,0,0,0,0,14,10,0,5,0,0,6,0,0
5039,[X9_X11_GET_req],5039,3,10,0,0,0,0,14,10,0,6,0,1,6,0,0
5040,REST_X11,5040,3,10,0,0,0,0,14,10,0,6,0,2,6,0,0
5041,REST_X11,5041,3,10,0,0,0,0,14,10,0,6,0,4,6,0,0
5042,[X9_X11_GET_resp_5xx],5042,3,10,0,0,0,0,14,10,0,7,0,0,6,0,0
5043,[X9_X11_GET_req],5043,3,10,0,0,0,0,14,10,0,8,0,1,6,0,0
5044,REST_X11,5044,3,10,0,0,0,0,14,10,0,8,0,2,6,0,0
5045,REST_X11,5045,3,10,0,0,0,0,14,10,0,8,0,3,6,0,0
5046,[X9_X11_GET_resp_2xx],5046,3,10,0,0,0,0,14,10,0,3,0,0,6,0,0
5047,[X7_X9_GET_resp_2xx],5047,3,10,0,0,0,0,14,3,0,0,0,0,6,0,0
5048,[X6_X7_GET_resp_2xx],5048,3,10,0,0,0,0,3,0,0,0,0,0,6,0,0
5049,[X12_X6_GET_resp_2xx],5049,3,10,0,0,0,0,0,0,0,0,0,0,3,0,0
5050,[X1_X12_GET_resp_2xx],5050,3,3,0,0,0,0,0,0,0,0,0,0,0,0,0
5051,[X0_X1_GET_resp_2xx],5051,0,0,0,0,0,0,0,0,0,0,0,0,0,0,0
5052,REST_X0,5052,2,0,0,0,0,0,0,0,0,0,0,0,0,0,0
5053,[X0_X1_GET_req],5053,3,1,0,0,0,0,0,0,0,0,0,0,0,0,0
5054,REST_X1,5054,3,2,0,0,0,0,0,0,0,0,0,0,0,0,0
5055,REST_X1,5055,3,5,0,0,0,0,0,0,0,0,0,0,0,0,0
5056,[X1_X2_GET_req],5056,3,6,1,0,0,0,0,0,0,0,0,0,0,0,0
5057,REST_X2,5057,3,6,2,0,0,0,0,0,0,0,0,0,0,0,0
5058,REST_X2,5058,3,6,3,0,0,0,0,0,0,0,0,0,0,0,0
5059,[X1_X2_GET_resp_2xx],5059,3,3,0,0,0,0,0,0,0,0,0,0,0,0,0
5060,[X0_X1_GET_resp_2xx],5060,0,0,0,0,0,0,0,0,0,0,0,0,0,0,0
5061,REST_X0,5061,2,0,0,0,0,0,0,0,0,0,0,0,0,0,0
5062,[X0_X1_GET_req],5062,3,1,0,0,0,0,0,0,0,0,0,0,0,0,0
5063,REST_X1,5063,3,2,0,0,0,0,0,0,0,0,0,0,0,0,0
5064,REST_X1,5064,3,9,0,0,0,0,0,0,0,0,0,0,0,0,0
5065,[X1_X12_GET_req],5065,3,10,0,0,0,0,0,0,0,0,0,0,1,0,0
5066,REST_X12,5066,3,10,0,0,0,0,0,0,0,0,0,0,2,0,0
5067,REST_X12,5067,3,10,0,0,0,0,0,0,0,0,0,0,5,0,0
5068,[X12_X6_GET_req],5068,3,10,0,0,0,0,1,0,0,0,0,0,6,0,0
5069,REST_X6,5069,3,10,0,0,0,0,2,0,0,0,0,0,6,0,0
5070,REST_X6,5070,3,10,0,0,0,0,9,0,0,0,0,0,6,0,0
5071,[X6_X8_GET_req],5071,3,10,0,0,0,0,10,0,1,0,0,0,6,0,0
5072,REST_X8,5072,3,10,0,0,0,0,10,0,2,0,0,0,6,0,0
5073,REST_X8,5073,3,10,0,0,0,0,10,0,3,0,0,0,6,0,0
5074,[X6_X8_GET_resp_2xx],5074,3,10,0,0,0,0,3,0,0,0,0,0,6,0,0
5075,[X12_X6_GET_resp_2xx],5075,3,10,0,0,0,0,0,0,0,0,0,0,3,0,0
5076,[X1_X12_GET_resp_2xx],5076,3,3,0,0,0,0,0,0,0,0,0,0,0,0,0
5077,[X0_X1_GET_resp_2xx],5077,0,0,0,0,0,0,0,0,0,0,0,0,0,0,0
5078,REST_X0,5078,2,0,0,0,0,0,0,0,0,0,0,0,0,0,0
5079,[X0_X1_GET_req],5079,3,1,0,0,0,0,0,0,0,0,0,0,0,0,0
5080,REST_X1,5080,3,2,0,0,0,0,0,0,0,0,0,0,0,0,0
5081,REST_X1,5081,3,5,0,0,0,0,0,0,0,0,0,0,0,0,0
5082,[X1_X2_GET_req],5082,3,6,1,0,0,0,0,0,0,0,0,0,0,0,0
5083,REST_X2,5083,3,6,2,0,0,0,0,0,0,0,0,0,0,0,0
5084,REST_X2,5084,3,6,3,0,0,0,0,0,0,0,0,0,0,0,0
5085,[X1_X2_GET_resp_2xx],5085,3,3,0,0,0,0,0,0,0,0,0,0,0,0,0
5086,[X0_X1_GET_resp_2xx],5086,0,0,0,0,0,0,0,0,0,0,0,0,0,0,0
5087,REST_X0,5087,2,0,0,0,0,0,0,0,0,0,0,0,0,0,0
5088,[X0_X1_GET_req],5088,3,1,0,0,0,0,0,0,0,0,0,0,0,0,0
5089,REST_X1,5089,3,2,0,0,0,0,0,0,0,0,0,0,0,0,0
5090,REST_X1,5090,3,9,0,0,0,0,0,0,0,0,0,0,0,0,0
5091,[X1_X12_GET_req],5091,3,10,0,0,0,0,0,0,0,0,0,0,1,0,0
5092,REST_X12,5092,3,10,0,0,0,0,0,0,0,0,0,0,2,0,0
5093,REST_X12,5093,3,10,0,0,0,0,0,0,0,0,0,0,5,0,0
5094,[X12_X6_GET_req],5094,3,10,0,0,0,0,1,0,0,0,0,0,6,0,0
5095,REST_X6,5095,3,10,0,0,0,0,2,0,0,0,0,0,6,0,0
5096,REST_X6,5096,3,10,0,0,0,0,13,0,0,0,0,0,6,0,0
5097,[X6_X7_GET_req],5097,3,10,0,0,0,0,14,1,0,0,0,0,6,0,0
5098,REST_X7,5098,3,10,0,0,0,0,14,2,0,0,0,0,6,0,0
5099,REST_X7,5099,3,10,0,0,0,0,14,9,0,0,0,0,6,0,0
5100,[X7_X9_GET_req],5100,3,10,0,0,0,0,14,10,0,1,0,0,6,0,0
5101,REST_X9,5101,3,10,0,0,0,0,14,10,0,2,0,0,6,0,0
5102,REST_X9,5102,3,10,0,0,0,0,14,10,0,9,0,0,6,0,0
5103,[X9_X4_GET_req],5103,3,10,0,0,1,0,14,10,0,10,0,0,6,0,0
5104,REST_X4,5104,3,10,0,0,2,0,14,10,0,10,0,0,6,0,0
5105,REST_X4,5105,3,10,0,0,9,0,14,10,0,10,0,0,6,0,0
5106,[X4_X14_GET_req],5106,3,10,0,0,10,0,14,10,0,10,0,0,6,0,1
5107,REST_X14,5107,3,10,0,0,10,0,14,10,0,10,0,0,6,0,2
5108,REST_X14,5108,3,10,0,0,10,0,14,10,0,10,0,0,6,0,5
5109,[X14_X13_GET_req],5109,3,10,0,0,10,0,14,10,0,10,0,0,6,1,6
5110,REST_X13,5110,3,10,0,0,10,0,14,10,0,10,0,0,6,2,6
5111,REST_X13,5111,3,10,0,0,10,0,14,10,0,10,0,0,6,3,6
5112,[X14_X13_GET_resp_2xx],5112,3,10,0,0,10,0,14,10,0,10,0,0,6,0,3
5113,[X4_X14_GET_resp_2xx],5113,3,10,0,0,3,0,14,10,0,10,0,0,6,0,0
5114,[X9_X4_GET_resp_2xx],5114,3,10,0,0,0,0,14,10,0,3,0,0,6,0,0
5115,[X7_X9_GET_resp_2xx],5115,3,10,0,0,0,0,14,3,0,0,0,0,6,0,0
5116,[X6_X7_GET_resp_2xx],5116,3,10,0,0,0,0,3,0,0,0,0,0,6,0,0
5117,[X12_X6_GET_resp_2xx],5117,3,10,0,0,0,0,0,0,0,0,0,0,3,0,0
5118,[X1_X12_GET_resp_2xx],5118,3,3,0,0,0,0,0,0,0,0,0,0,0,0,0
5119,[X0_X1_GET_resp_2xx],5119,0,0,0,0,0,0,0,0,0,0,0,0,0,0,0
5120,REST_X0,5120,2,0,0,0,0,0,0,0,0,0,0,0,0,0,0
5121,[X0_X1_GET_req],5121,3,1,0,0,0,0,0,0,0,0,0,0,0,0,0
5122,REST_X1,5122,3,2,0,0,0,0,0,0,0,0,0,0,0,0,0
5123,REST_X1,5123,3,9,0,0,0,0,0,0,0,0,0,0,0,0,0
5124,[X1_X12_GET_req],5124,3,10,0,0,0,0,0,0,0,0,0,0,1,0,0
5125,REST_X12,5125,3,10,0,0,0,0,0,0,0,0,0,0,2,0,0
5126,REST_X12,5126,3,10,0,0,0,0,0,0,0,0,0,0,5,0,0
5127,[X12_X6_GET_req],5127,3,10,0,0,0,0,1,0,0,0,0,0,6,0,0
5128,REST_X6,5128,3,10,0,0,0,0,2,0,0,0,0,0,6,0,0
5129,REST_X6,5129,3,10,0,0,0,0,13,0,0,0,0,0,6,0,0
5130,[X6_X7_GET_req],5130,3,10,0,0,0,0,14,1,0,0,0,0,6,0,0
5131,REST_X7,5131,3,10,0,0,0,0,14,2,0,0,0,0,6,0,0
5132,REST_X7,5132,3,10,0,0,0,0,14,5,0,0,0,0,6,0,0
5133,[X7_X5_GET_req],5133,3,10,0,0,0,1,14,6,0,0,0,0,6,0,0
5134,REST_X5,5134,3,10,0,0,0,2,14,6,0,0,0,0,6,0,0
5135,REST_X5,5135,3,10,0,0,0,3,14,6,0,0,0,0,6,0,0
5136,[X7_X5_GET_resp_2xx],5136,3,10,0,0,0,0,14,3,0,0,0,0,6,0,0
5137,[X6_X7_GET_resp_2xx],5137,3,10,0,0,0,0,3,0,0,0,0,0,6,0,0
5138,[X12_X6_GET_resp_2xx],5138,3,10,0,0,0,0,0,0,0,0,0,0,3,0,0
5139,[X1_X12_GET_resp_2xx],5139,3,3,0,0,0,0,0,0,0,0,0,0,0,0,0
5140,[X0_X1_GET_resp_2xx],5140,0,0,0,0,0,0,0,0,0,0,0,0,0,0,0
5141,REST_X0,5141,2,0,0,0,0,0,0,0,0,0,0,0,0,0,0
5142,[X0_X1_GET_req],5142,3,1,0,0,0,0,0,0,0,0,0,0,0,0,0
5143,REST_X1,5143,3,2,0,0,0,0,0,0,0,0,0,0,0,0,0
5144,REST_X1,5144,3,5,0,0,0,0,0,0,0,0,0,0,0,0,0
5145,[X1_X2_GET_req],5145,3,6,1,0,0,0,0,0,0,0,0,0,0,0,0
5146,REST_X2,5146,3,6,2,0,0,0,0,0,0,0,0,0,0,0,0
5147,REST_X2,5147,3,6,3,0,0,0,0,0,0,0,0,0,0,0,0
5148,[X1_X2_GET_resp_2xx],5148,3,3,0,0,0,0,0,0,0,0,0,0,0,0,0
5149,[X0_X1_GET_resp_2xx],5149,0,0,0,0,0,0,0,0,0,0,0,0,0,0,0
5150,REST_X0,5150,2,0,0,0,0,0,0,0,0,0,0,0,0,0,0
5151,[X0_X1_GET_req],5151,3,1,0,0,0,0,0,0,0,0,0,0,0,0,0
5152,REST_X1,5152,3,2,0,0,0,0,0,0,0,0,0,0,0,0,0
5153,REST_X1,5153,3,9,0,0,0,0,0,0,0,0,0,0,0,0,0
5154,[X1_X12_GET_req],5154,3,10,0,0,0,0,0,0,0,0,0,0,1,0,0
5155,REST_X12,5155,3,10,0,0,0,0,0,0,0,0,0,0,2,0,0
5156,REST_X12,5156,3,10,0,0,0,0,0,0,0,0,0,0,5,0,0
5157,[X12_X6_GET_req],5157,3,10,0,0,0,0,1,0,0,0,0,0,6,0,0
5158,REST_X6,5158,3,10,0,0,0,0,2,0,0,0,0,0,6,0,0
5159,REST_X6,5159,3,10,0,0,0,0,13,0,0,0,0,0,6,0,0
5160,[X6_X7_GET_req],5160,3,10,0,0,0,0,14,1,0,0,0,0,6,0,0
5161,REST_X7,5161,3,10,0,0,0,0,14,2,0,0,0,0,6,0,0
5162,REST_X7,5162,3,10,0,0,0,0,14,5,0,0,0,0,6,0,0
5163,[X7_X5_GET_req],5163,3,10,0,0,0,1,14,6,0,0,0,0,6,0,0
5164,REST_X5,5164,3,10,0,0,0,2,14,6,0,0,0,0,6,0,0
5165,REST_X5,5165,3,10,0,0,0,3,14,6,0,0,0,0,6,0,0
5166,[X7_X5_GET_resp_2xx],5166,3,10,0,0,0,0,14,3,0,0,0,0,6,0,0
5167,[X6_X7_GET_resp_2xx],5167,3,10,0,0,0,0,3,0,0,0,0,0,6,0,0
5168,[X12_X6_GET_resp_2xx],5168,3,10,0,0,0,0,0,0,0,0,0,0,3,0,0
5169,[X1_X12_GET_resp_2xx],5169,3,3,0,0,0,0,0,0,0,0,0,0,0,0,0
5170,[X0_X1_GET_resp_2xx],5170,0,0,0,0,0,0,0,0,0,0,0,0,0,0,0
5171,REST_X0,5171,2,0,0,0,0,0,0,0,0,0,0,0,0,0,0
5172,[X0_X1_GET_req],5172,3,1,0,0,0,0,0,0,0,0,0,0,0,0,0
5173,REST_X1,5173,3,2,0,0,0,0,0,0,0,0,0,0,0,0,0
5174,REST_X1,5174,3,9,0,0,0,0,0,0,0,0,0,0,0,0,0
5175,[X1_X12_GET_req],5175,3,10,0,0,0,0,0,0,0,0,0,0,1,0,0
5176,REST_X12,5176,3,10,0,0,0,0,0,0,0,0,0,0,2,0,0
5177,REST_X12,5177,3,10,0,0,0,0,0,0,0,0,0,0,5,0,0
5178,[X12_X6_GET_req],5178,3,10,0,0,0,0,1,0,0,0,0,0,6,0,0
5179,REST_X6,5179,3,10,0,0,0,0,2,0,0,0,0,0,6,0,0
5180,REST_X6,5180,3,10,0,0,0,0,13,0,0,0,0,0,6,0,0
5181,[X6_X7_GET_req],5181,3,10,0,0,0,0,14,1,0,0,0,0,6,0,0
5182,REST_X7,5182,3,10,0,0,0,0,14,2,0,0,0,0,6,0,0
5183,REST_X7,5183,3,10,0,0,0,0,14,9,0,0,0,0,6,0,0
5184,[X7_X9_GET_req],5184,3,10,0,0,0,0,14,10,0,1,0,0,6,0,0
5185,REST_X9,5185,3,10,0,0,0,0,14,10,0,2,0,0,6,0,0
5186,REST_X9,5186,3,10,0,0,0,0,14,10,0,9,0,0,6,0,0
5187,[X9_X4_GET_req],5187,3,10,0,0,1,0,14,10,0,10,0,0,6,0,0
5188,REST_X4,5188,3,10,0,0,2,0,14,10,0,10,0,0,6,0,0
5189,REST_X4,5189,3,10,0,0,5,0,14,10,0,10,0,0,6,0,0
5190,[X4_X10_GET_req],5190,3,10,0,0,6,0,14,10,0,10,1,0,6,0,0
5191,REST_X10,5191,3,10,0,0,6,0,14,10,0,10,2,0,6,0,0
5192,REST_X10,5192,3,10,0,0,6,0,14,10,0,10,3,0,6,0,0
5193,[X4_X10_GET_resp_2xx],5193,3,10,0,0,3,0,14,10,0,10,0,0,6,0,0
5194,[X9_X4_GET_resp_2xx],5194,3,10,0,0,0,0,14,10,0,3,0,0,6,0,0
5195,[X7_X9_GET_resp_2xx],5195,3,10,0,0,0,0,14,3,0,0,0,0,6,0,0
5196,[X6_X7_GET_resp_2xx],5196,3,10,0,0,0,0,3,0,0,0,0,0,6,0,0
5197,[X12_X6_GET_resp_2xx],5197,3,10,0,0,0,0,0,0,0,0,0,0,3,0,0
5198,[X1_X12_GET_resp_2xx],5198,3,3,0,0,0,0,0,0,0,0,0,0,0,0,0
5199,[X0_X1_GET_resp_2xx],5199,0,0,0,0,0,0,0,0,0,0,0,0,0,0,0
5200,REST_X0,5200,2,0,0,0,0,0,0,0,0,0,0,0,0,0,0
5201,[X0_X1_GET_req],5201,3,1,0,0,0,0,0,0,0,0,0,0,0,0,0
5202,REST_X1,5202,3,2,0,0,0,0,0,0,0,0,0,0,0,0,0
5203,REST_X1,5203,3,5,0,0,0,0,0,0,0,0,0,0,0,0,0
5204,[X1_X2_GET_req],5204,3,6,1,0,0,0,0,0,0,0,0,0,0,0,0
5205,REST_X2,5205,3,6,2,0,0,0,0,0,0,0,0,0,0,0,0
5206,REST_X2,5206,3,6,3,0,0,0,0,0,0,0,0,0,0,0,0
5207,[X1_X2_GET_resp_2xx],5207,3,3,0,0,0,0,0,0,0,0,0,0,0,0,0
5208,[X0_X1_GET_resp_2xx],5208,0,0,0,0,0,0,0,0,0,0,0,0,0,0,0
5209,REST_X0,5209,2,0,0,0,0,0,0,0,0,0,0,0,0,0,0
5210,[X0_X1_GET_req],5210,3,1,0,0,0,0,0,0,0,0,0,0,0,0,0
5211,REST_X1,5211,3,2,0,0,0,0,0,0,0,0,0,0,0,0,0
5212,REST_X1,5212,3,9,0,0,0,0,0,0,0,0,0,0,0,0,0
5213,[X1_X12_GET_req],5213,3,10,0,0,0,0,0,0,0,0,0,0,1,0,0
5214,REST_X12,5214,3,10,0,0,0,0,0,0,0,0,0,0,2,0,0
5215,REST_X12,5215,3,10,0,0,0,0,0,0,0,0,0,0,5,0,0
5216,[X12_X6_GET_req],5216,3,10,0,0,0,0,1,0,0,0,0,0,6,0,0
5217,REST_X6,5217,3,10,0,0,0,0,2,0,0,0,0,0,6,0,0
5218,REST_X6,5218,3,10,0,0,0,0,13,0,0,0,0,0,6,0,0
5219,[X6_X7_GET_req],5219,3,10,0,0,0,0,14,1,0,0,0,0,6,0,0
5220,REST_X7,5220,3,10,0,0,0,0,14,2,0,0,0,0,6,0,0
5221,REST_X7,5221,3,10,0,0,0,0,14,5,0,0,0,0,6,0,0
5222,[X7_X5_GET_req],5222,3,10,0,0,0,1,14,6,0,0,0,0,6,0,0
5223,REST_X5,5223,3,10,0,0,0,2,14,6,0,0,0,0,6,0,0
5224,REST_X5,5224,3,10,0,0,0,4,14,6,0,0,0,0,6,0,0
5225,[X7_X5_GET_resp_5xx],5225,3,10,0,0,0,0,14,7,0,0,0,0,6,0,0
5226,[X7_X5_GET_req],5226,3,10,0,0,0,1,14,8,0,0,0,0,6,0,0
5227,REST_X5,5227,3,10,0,0,0,2,14,8,0,0,0,0,6,0,0
5228,REST_X5,5228,3,10,0,0,0,3,14,8,0,0,0,0,6,0,0
5229,[X7_X5_GET_resp_2xx],5229,3,10,0,0,0,0,14,3,0,0,0,0,6,0,0
5230,[X6_X7_GET_resp_2xx],5230,3,10,0,0,0,0,3,0,0,0,0,0,6,0,0
5231,[X12_X6_GET_resp_2xx],5231,3,10,0,0,0,0,0,0,0,0,0,0,3,0,0
5232,[X1_X12_GET_resp_2xx],5232,3,3,0,0,0,0,0,0,0,0,0,0,0,0,0
5233,[X0_X1_GET_resp_2xx],5233,0,0,0,0,0,0,0,0,0,0,0,0,0,0,0
5234,REST_X0,5234,2,0,0,0,0,0,0,0,0,0,0,0,0,0,0
5235,[X0_X1_GET_req],5235,3,1,0,0,0,0,0,0,0,0,0,0,0,0,0
5236,REST_X1,5236,3,2,0,0,0,0,0,0,0,0,0,0,0,0,0
5237,REST_X1,5237,3,5,0,0,0,0,0,0,0,0,0,0,0,0,0
5238,[X1_X2_GET_req],5238,3,6,1,0,0,0,0,0,0,0,0,0,0,0,0
5239,REST_X2,5239,3,6,2,0,0,0,0,0,0,0,0,0,0,0,0
5240,REST_X2,5240,3,6,3,0,0,0,0,0,0,0,0,0,0,0,0
5241,[X1_X2_GET_resp_2xx],5241,3,3,0,0,0,0,0,0,0,0,0,0,0,0,0
5242,[X0_X1_GET_resp_2xx],5242,0,0,0,0,0,0,0,0,0,0,0,0,0,0,0
5243,REST_X0,5243,2,0,0,0,0,0,0,0,0,0,0,0,0,0,0
5244,[X0_X1_GET_req],5244,3,1,0,0,0,0,0,0,0,0,0,0,0,0,0
5245,REST_X1,5245,3,2,0,0,0,0,0,0,0,0,0,0,0,0,0
5246,REST_X1,5246,3,5,0,0,0,0,0,0,0,0,0,0,0,0,0
5247,[X1_X2_GET_req],5247,3,6,1,0,0,0,0,0,0,0,0,0,0,0,0
5248,REST_X2,5248,3,6,2,0,0,0,0,0,0,0,0,0,0,0,0
5249,REST_X2,5249,3,6,3,0,0,0,0,0,0,0,0,0,0,0,0
5250,[X1_X2_GET_resp_2xx],5250,3,3,0,0,0,0,0,0,0,0,0,0,0,0,0
5251,[X0_X1_GET_resp_2xx],5251,0,0,0,0,0,0,0,0,0,0,0,0,0,0,0
5252,REST_X0,5252,2,0,0,0,0,0,0,0,0,0,0,0,0,0,0
5253,[X0_X1_GET_req],5253,3,1,0,0,0,0,0,0,0,0,0,0,0,0,0
5254,REST_X1,5254,3,2,0,0,0,0,0,0,0,0,0,0,0,0,0
5255,REST_X1,5255,3,9,0,0,0,0,0,0,0,0,0,0,0,0,0
5256,[X1_X12_GET_req],5256,3,10,0,0,0,0,0,0,0,0,0,0,1,0,0
5257,REST_X12,5257,3,10,0,0,0,0,0,0,0,0,0,0,2,0,0
5258,REST_X12,5258,3,10,0,0,0,0,0,0,0,0,0,0,5,0,0
5259,[X12_X6_GET_req],5259,3,10,0,0,0,0,1,0,0,0,0,0,6,0,0
5260,REST_X6,5260,3,10,0,0,0,0,2,0,0,0,0,0,6,0,0
5261,REST_X6,5261,3,10,0,0,0,0,13,0,0,0,0,0,6,0,0
5262,[X6_X7_GET_req],5262,3,10,0,0,0,0,14,1,0,0,0,0,6,0,0
5263,REST_X7,5263,3,10,0,0,0,0,14,2,0,0,0,0,6,0,0
5264,REST_X7,5264,3,10,0,0,0,0,14,5,0,0,0,0,6,0,0
5265,[X7_X5_GET_req],5265,3,10,0,0,0,1,14,6,0,0,0,0,6,0,0
5266,REST_X5,5266,3,10,0,0,0,2,14,6,0,0,0,0,6,0,0
5267,REST_X5,5267,3,10,0,0,0,3,14,6,0,0,0,0,6,0,0
5268,[X7_X5_GET_resp_2xx],5268,3,10,0,0,0,0,14,3,0,0,0,0,6,0,0
5269,[X6_X7_GET_resp_2xx],5269,3,10,0,0,0,0,3,0,0,0,0,0,6,0,0
5270,[X12_X6_GET_resp_2xx],5270,3,10,0,0,0,0,0,0,0,0,0,0,3,0,0
5271,[X1_X12_GET_resp_2xx],5271,3,3,0,0,0,0,0,0,0,0,0,0,0,0,0
5272,[X0_X1_GET_resp_2xx],5272,0,0,0,0,0,0,0,0,0,0,0,0,0,0,0
5273,REST_X0,5273,2,0,0,0,0,0,0,0,0,0,0,0,0,0,0
5274,[X0_X1_GET_req],5274,3,1,0,0,0,0,0,0,0,0,0,0,0,0,0
5275,REST_X1,5275,3,2,0,0,0,0,0,0,0,0,0,0,0,0,0
5276,REST_X1,5276,3,9,0,0,0,0,0,0,0,0,0,0,0,0,0
5277,[X1_X12_GET_req],5277,3,10,0,0,0,0,0,0,0,0,0,0,1,0,0
5278,REST_X12,5278,3,10,0,0,0,0,0,0,0,0,0,0,2,0,0
5279,REST_X12,5279,3,10,0,0,0,0,0,0,0,0,0,0,5,0,0
5280,[X12_X6_GET_req],5280,3,10,0,0,0,0,1,0,0,0,0,0,6,0,0
5281,REST_X6,5281,3,10,0,0,0,0,2,0,0,0,0,0,6,0,0
5282,REST_X6,5282,3,10,0,0,0,0,13,0,0,0,0,0,6,0,0
5283,[X6_X7_GET_req],5283,3,10,0,0,0,0,14,1,0,0,0,0,6,0,0
5284,REST_X7,5284,3,10,0,0,0,0,14,2,0,0,0,0,6,0,0
5285,REST_X7,5285,3,10,0,0,0,0,14,9,0,0,0,0,6,0,0
5286,[X7_X9_GET_req],5286,3,10,0,0,0,0,14,10,0,1,0,0,6,0,0
5287,REST_X9,5287,3,10,0,0,0,0,14,10,0,2,0,0,6,0,0
5288,REST_X9,5288,3,10,0,0,0,0,14,10,0,9,0,0,6,0,0
5289,[X9_X4_GET_req],5289,3,10,0,0,1,0,14,10,0,10,0,0,6,0,0
5290,REST_X4,5290,3,10,0,0,2,0,14,10,0,10,0,0,6,0,0
5291,REST_X4,5291,3,10,0,0,5,0,14,10,0,10,0,0,6,0,0
5292,[X4_X10_GET_req],5292,3,10,0,0,6,0,14,10,0,10,1,0,6,0,0
5293,REST_X10,5293,3,10,0,0,6,0,14,10,0,10,2,0,6,0,0
5294,REST_X10,5294,3,10,0,0,6,0,14,10,0,10,3,0,6,0,0
5295,[X4_X10_GET_resp_2xx],5295,3,10,0,0,3,0,14,10,0,10,0,0,6,0,0
5296,[X9_X4_GET_resp_2xx],5296,3,10,0,0,0,0,14,10,0,3,0,0,6,0,0
5297,[X7_X9_GET_resp_2xx],5297,3,10,0,0,0,0,14,3,0,0,0,0,6,0,0
5298,[X6_X7_GET_resp_2xx],5298,3,10,0,0,0,0,3,0,0,0,0,0,6,0,0
5299,[X12_X6_GET_resp_2xx],5299,3,10,0,0,0,0,0,0,0,0,0,0,3,0,0
5300,[X1_X12_GET_resp_2xx],5300,3,3,0,0,0,0,0,0,0,0,0,0,0,0,0
5301,[X0_X1_GET_resp_2xx],5301,0,0,0,0,0,0,0,0,0,0,0,0,0,0,0
5302,REST_X0,5302,2,0,0,0,0,0,0,0,0,0,0,0,0,0,0
5303,[X0_X1_GET_req],5303,3,1,0,0,0,0,0,0,0,0,0,0,0,0,0
5304,REST_X1,5304,3,2,0,0,0,0,0,0,0,0,0,0,0,0,0
5305,REST_X1,5305,3,9,0,0,0,0,0,0,0,0,0,0,0,0,0
5306,[X1_X12_GET_req],5306,3,10,0,0,0,0,0,0,0,0,0,0,1,0,0
5307,REST_X12,5307,3,10,0,0,0,0,0,0,0,0,0,0,2,0,0
5308,REST_X12,5308,3,10,0,0,0,0,0,0,0,0,0,0,5,0,0
5309,[X12_X6_GET_req],5309,3,10,0,0,0,0,1,0,0,0,0,0,6,0,0
5310,REST_X6,5310,3,10,0,0,0,0,2,0,0,0,0,0,6,0,0
5311,REST_X6,5311,3,10,0,0,0,0,13,0,0,0,0,0,6,0,0
5312,[X6_X7_GET_req],5312,3,10,0,0,0,0,14,1,0,0,0,0,6,0,0
5313,REST_X7,5313,3,10,0,0,0,0,14,2,0,0,0,0,6,0,0
5314,REST_X7,5314,3,10,0,0,0,0,14,5,0,0,0,0,6,0,0
5315,[X7_X5_GET_req],5315,3,10,0,0,0,1,14,6,0,0,0,0,6,0,0
5316,REST_X5,5316,3,10,0,0,0,2,14,6,0,0,0,0,6,0,0
5317,REST_X5,5317,3,10,0,0,0,3,14,6,0,0,0,0,6,0,0
5318,[X7_X5_GET_resp_2xx],5318,3,10,0,0,0,0,14,3,0,0,0,0,6,0,0
5319,[X6_X7_GET_resp_2xx],5319,3,10,0,0,0,0,3,0,0,0,0,0,6,0,0
5320,[X12_X6_GET_resp_2xx],5320,3,10,0,0,0,0,0,0,0,0,0,0,3,0,0
5321,[X1_X12_GET_resp_2xx],5321,3,3,0,0,0,0,0,0,0,0,0,0,0,0,0
5322,[X0_X1_GET_resp_2xx],5322,0,0,0,0,0,0,0,0,0,0,0,0,0,0,0
5323,REST_X0,5323,2,0,0,0,0,0,0,0,0,0,0,0,0,0,0
5324,[X0_X1_GET_req],5324,3,1,0,0,0,0,0,0,0,0,0,0,0,0,0
5325,REST_X1,5325,3,2,0,0,0,0,0,0,0,0,0,0,0,0,0
5326,REST_X1,5326,3,9,0,0,0,0,0,0,0,0,0,0,0,0,0
5327,[X1_X12_GET_req],5327,3,10,0,0,0,0,0,0,0,0,0,0,1,0,0
5328,REST_X12,5328,3,10,0,0,0,0,0,0,0,0,0,0,2,0,0
5329,REST_X12,5329,3,10,0,0,0,0,0,0,0,0,0,0,5,0,0
5330,[X12_X6_GET_req],5330,3,10,0,0,0,0,1,0,0,0,0,0,6,0,0
5331,REST_X6,5331,3,10,0,0,0,0,2,0,0,0,0,0,6,0,0
5332,REST_X6,5332,3,10,0,0,0,0,9,0,0,0,0,0,6,0,0
5333,[X6_X8_GET_req],5333,3,10,0,0,0,0,10,0,1,0,0,0,6,0,0
5334,REST_X8,5334,3,10,0,0,0,0,10,0,2,0,0,0,6,0,0
5335,REST_X8,5335,3,10,0,0,0,0,10,0,3,0,0,0,6,0,0
5336,[X6_X8_GET_resp_2xx],5336,3,10,0,0,0,0,3,0,0,0,0,0,6,0,0
5337,[X12_X6_GET_resp_2xx],5337,3,10,0,0,0,0,0,0,0,0,0,0,3,0,0
5338,[X1_X12_GET_resp_2xx],5338,3,3,0,0,0,0,0,0,0,0,0,0,0,0,0
5339,[X0_X1_GET_resp_2xx],5339,0,0,0,0,0,0,0,0,0,0,0,0,0,0,0
5340,REST_X0,5340,2,0,0,0,0,0,0,0,0,0,0,0,0,0,0
5341,[X0_X1_GET_req],5341,3,1,0,0,0,0,0,0,0,0,0,0,0,0,0
5342,REST_X1,5342,3,2,0,0,0,0,0,0,0,0,0,0,0,0,0
5343,REST_X1,5343,3,9,0,0,0,0,0,0,0,0,0,0,0,0,0
5344,[X1_X12_GET_req],5344,3,10,0,0,0,0,0,0,0,0,0,0,1,0,0
5345,REST_X12,5345,3,10,0,0,0,0,0,0,0,0,0,0,2,0,0
5346,REST_X12,5346,3,10,0,0,0,0,0,0,0,0,0,0,5,0,0
5347,[X12_X6_GET_req],5347,3,10,0,0,0,0,1,0,0,0,0,0,6,0,0
5348,REST_X6,5348,3,10,0,0,0,0,2,0,0,0,0,0,6,0,0
5349,REST_X6,5349,3,10,0,0,0,0,5,0,0,0,0,0,6,0,0
5350,[X6_X3_GET_req],5350,3,10,0,1,0,0,6,0,0,0,0,0,6,0,0
5351,REST_X3,5351,3,10,0,2,0,0,6,0,0,0,0,0,6,0,0
5352,REST_X3,5352,3,10,0,3,0,0,6,0,0,0,0,0,6,0,0
5353,[X6_X3_GET_resp_2xx],5353,3,10,0,0,0,0,3,0,0,0,0,0,6,0,0
5354,[X12_X6_GET_resp_2xx],5354,3,10,0,0,0,0,0,0,0,0,0,0,3,0,0
5355,[X1_X12_GET_resp_2xx],5355,3,3,0,0,0,0,0,0,0,0,0,0,0,0,0
5356,[X0_X1_GET_resp_2xx],5356,0,0,0,0,0,0,0,0,0,0,0,0,0,0,0
5357,REST_X0,5357,2,0,0,0,0,0,0,0,0,0,0,0,0,0,0
5358,[X0_X1_GET_req],5358,3,1,0,0,0,0,0,0,0,0,0,0,0,0,0
5359,REST_X1,5359,3,2,0,0,0,0,0,0,0,0,0,0,0,0,0
5360,REST_X1,5360,3,5,0,0,0,0,0,0,0,0,0,0,0,0,0
5361,[X1_X2_GET_req],5361,3,6,1,0,0,0,0,0,0,0,0,0,0,0,0
5362,REST_X2,5362,3,6,2,0,0,0,0,0,0,0,0,0,0,0,0
5363,REST_X2,5363,3,6,3,0,0,0,0,0,0,0,0,0,0,0,0
5364,[X1_X2_GET_resp_2xx],5364,3,3,0,0,0,0,0,0,0,0,0,0,0,0,0
5365,[X0_X1_GET_resp_2xx],5365,0,0,0,0,0,0,0,0,0,0,0,0,0,0,0
5366,REST_X0,5366,2,0,0,0,0,0,0,0,0,0,0,0,0,0,0
5367,[X0_X1_GET_req],5367,3,1,0,0,0,0,0,0,0,0,0,0,0,0,0
5368,REST_X1,5368,3,2,0,0,0,0,0,0,0,0,0,0,0,0,0
5369,REST_X1,5369,3,5,0,0,0,0,0,0,0,0,0,0,0,0,0
5370,[X1_X2_GET_req],5370,3,6,1,0,0,0,0,0,0,0,0,0,0,0,0
5371,REST_X2,5371,3,6,2,0,0,0,0,0,0,0,0,0,0,0,0
5372,REST_X2,5372,3,6,4,0,0,0,0,0,0,0,0,0,0,0,0
5373,[X1_X2_GET_resp_5xx],5373,3,7,0,0,0,0,0,0,0,0,0,0,0,0,0
5374,[X1_X2_GET_req],5374,3,8,1,0,0,0,0,0,0,0,0,0,0,0,0
5375,REST_X2,5375,3,8,2,0,0,0,0,0,0,0,0,0,0,0,0
5376,REST_X2,5376,3,8,3,0,0,0,0,0,0,0,0,0,0,0,0
5377,[X1_X2_GET_resp_2xx],5377,3,3,0,0,0,0,0,0,0,0,0,0,0,0,0
5378,[X0_X1_GET_resp_2xx],5378,0,0,0,0,0,0,0,0,0,0,0,0,0,0,0
5379,REST_X0,5379,2,0,0,0,0,0,0,0,0,0,0,0,0,0,0
5380,[X0_X1_GET_req],5380,3,1,0,0,0,0,0,0,0,0,0,0,0,0,0
5381,REST_X1,5381,3,2,0,0,0,0,0,0,0,0,0,0,0,0,0
5382,REST_X1,5382,3,9,0,0,0,0,0,0,0,0,0,0,0,0,0
5383,[X1_X12_GET_req],5383,3,10,0,0,0,0,0,0,0,0,0,0,1,0,0
5384,REST_X12,5384,3,10,0,0,0,0,0,0,0,0,0,0,2,0,0
5385,REST_X12,5385,3,10,0,0,0,0,0,0,0,0,0,0,5,0,0
5386,[X12_X6_GET_req],5386,3,10,0,0,0,0,1,0,0,0,0,0,6,0,0
5387,REST_X6,5387,3,10,0,0,0,0,2,0,0,0,0,0,6,0,0
5388,REST_X6,5388,3,10,0,0,0,0,9,0,0,0,0,0,6,0,0
5389,[X6_X8_GET_req],5389,3,10,0,0,0,0,10,0,1,0,0,0,6,0,0
5390,REST_X8,5390,3,10,0,0,0,0,10,0,2,0,0,0,6,0,0
5391,REST_X8,5391,3,10,0,0,0,0,10,0,3,0,0,0,6,0,0
5392,[X6_X8_GET_resp_2xx],5392,3,10,0,0,0,0,3,0,0,0,0,0,6,0,0
5393,[X12_X6_GET_resp_2xx],5393,3,10,0,0,0,0,0,0,0,0,0,0,3,0,0
5394,[X1_X12_GET_resp_2xx],5394,3,3,0,0,0,0,0,0,0,0,0,0,0,0,0
5395,[X0_X1_GET_resp_2xx],5395,0,0,0,0,0,0,0,0,0,0,0,0,0,0,0
5396,REST_X0,5396,2,0,0,0,0,0,0,0,0,0,0,0,0,0,0
5397,[X0_X1_GET_req],5397,3,1,0,0,0,0,0,0,0,0,0,0,0,0,0
5398,REST_X1,5398,3,2,0,0,0,0,0,0,0,0,0,0,0,0,0
5399,REST_X1,5399,3,9,0,0,0,0,0,0,0,0,0,0,0,0,0
5400,[X1_X12_GET_req],5400,3,10,0,0,0,0,0,0,0,0,0,0,1,0,0
5401,REST_X12,5401,3,10,0,0,0,0,0,0,0,0,0,0,2,0,0
5402,REST_X12,5402,3,10,0,0,0,0,0,0,0,0,0,0,5,0,0
5403,[X12_X6_GET_req],5403,3,10,0,0,0,0,1,0,0,0,0,0,6,0,0
5404,REST_X6,5404,3,10,0,0,0,0,2,0,0,0,0,0,6,0,0
5405,REST_X6,5405,3,10,0,0,0,0,9,0,0,0,0,0,6,0,0
5406,[X6_X8_GET_req],5406,3,10,0,0,0,0,10,0,1,0,0,0,6,0,0
5407,REST_X8,5407,3,10,0,0,0,0,10,0,2,0,0,0,6,0,0
5408,REST_X8,5408,3,10,0,0,0,0,10,0,4,0,0,0,6,0,0
5409,[X6_X8_GET_resp_5xx],5409,3,10,0,0,0,0,11,0,0,0,0,0,6,0,0
5410,[X6_X8_GET_req],5410,3,10,0,0,0,0,12,0,1,0,0,0,6,0,0
5411,REST_X8,5411,3,10,0,0,0,0,12,0,2,0,0,0,6,0,0
5412,REST_X8,5412,3,10,0,0,0,0,12,0,3,0,0,0,6,0,0
5413,[X6_X8_GET_resp_2xx],5413,3,10,0,0,0,0,3,0,0,0,0,0,6,0,0
5414,[X12_X6_GET_resp_2xx],5414,3,10,0,0,0,0,0,0,0,0,0,0,3,0,0
5415,[X1_X12_GET_resp_2xx],5415,3,3,0,0,0,0,0,0,0,0,0,0,0,0,0
5416,[X0_X1_GET_resp_2xx],5416,0,0,0,0,0,0,0,0,0,0,0,0,0,0,0
5417,REST_X0,5417,2,0,0,0,0,0,0,0,0,0,0,0,0,0,0
5418,[X0_X1_GET_req],5418,3,1,0,0,0,0,0,0,0,0,0,0,0,0,0
5419,REST_X1,5419,3,2,0,0,0,0,0,0,0,0,0,0,0,0,0
5420,REST_X1,5420,3,9,0,0,0,0,0,0,0,0,0,0,0,0,0
5421,[X1_X12_GET_req],5421,3,10,0,0,0,0,0,0,0,0,0,0,1,0,0
5422,REST_X12,5422,3,10,0,0,0,0,0,0,0,0,0,0,2,0,0
5423,REST_X12,5423,3,10,0,0,0,0,0,0,0,0,0,0,5,0,0
5424,[X12_X6_GET_req],5424,3,10,0,0,0,0,1,0,0,0,0,0,6,0,0
5425,REST_X6,5425,3,10,0,0,0,0,2,0,0,0,0,0,6,0,0
5426,REST_X6,5426,3,10,0,0,0,0,13,0,0,0,0,0,6,0,0
5427,[X6_X7_GET_req],5427,3,10,0,0,0,0,14,1,0,0,0,0,6,0,0
5428,REST_X7,5428,3,10,0,0,0,0,14,2,0,0,0,0,6,0,0
5429,REST_X7,5429,3,10,0,0,0,0,14,5,0,0,0,0,6,0,0
5430,[X7_X5_GET_req],5430,3,10,0,0,0,1,14,6,0,0,0,0,6,0,0
5431,REST_X5,5431,3,10,0,0,0,2,14,6,0,0,0,0,6,0,0
5432,REST_X5,5432,3,10,0,0,0,3,14,6,0,0,0,0,6,0,0
5433,[X7_X5_GET_resp_2xx],5433,3,10,0,0,0,0,14,3,0,0,0,0,6,0,0
5434,[X6_X7_GET_resp_2xx],5434,3,10,0,0,0,0,3,0,0,0,0,0,6,0,0
5435,[X12_X6_GET_resp_2xx],5435,3,10,0,0,0,0,0,0,0,0,0,0,3,0,0
5436,[X1_X12_GET_resp_2xx],5436,3,3,0,0,0,0,0,0,0,0,0,0,0,0,0
5437,[X0_X1_GET_resp_2xx],5437,0,0,0,0,0,0,0,0,0,0,0,0,0,0,0
5438,REST_X0,5438,2,0,0,0,0,0,0,0,0,0,0,0,0,0,0
5439,[X0_X1_GET_req],5439,3,1,0,0,0,0,0,0,0,0,0,0,0,0,0
5440,REST_X1,5440,3,2,0,0,0,0,0,0,0,0,0,0,0,0,0
5441,REST_X1,5441,3,5,0,0,0,0,0,0,0,0,0,0,0,0,0
5442,[X1_X2_GET_req],5442,3,6,1,0,0,0,0,0,0,0,0,0,0,0,0
5443,REST_X2,5443,3,6,2,0,0,0,0,0,0,0,0,0,0,0,0
5444,REST_X2,5444,3,6,4,0,0,0,0,0,0,0,0,0,0,0,0
5445,[X1_X2_GET_resp_5xx],5445,3,7,0,0,0,0,0,0,0,0,0,0,0,0,0
5446,[X1_X2_GET_req],5446,3,8,1,0,0,0,0,0,0,0,0,0,0,0,0
5447,REST_X2,5447,3,8,2,0,0,0,0,0,0,0,0,0,0,0,0
5448,REST_X2,5448,3,8,3,0,0,0,0,0,0,0,0,0,0,0,0
5449,[X1_X2_GET_resp_2xx],5449,3,3,0,0,0,0,0,0,0,0,0,0,0,0,0
5450,[X0_X1_GET_resp_2xx],5450,0,0,0,0,0,0,0,0,0,0,0,0,0,0,0
5451,REST_X0,5451,2,0,0,0,0,0,0,0,0,0,0,0,0,0,0
5452,[X0_X1_GET_req],5452,3,1,0,0,0,0,0,0,0,0,0,0,0,0,0
5453,REST_X1,5453,3,2,0,0,0,0,0,0,0,0,0,0,0,0,0
5454,REST_X1,5454,3,9,0,0,0,0,0,0,0,0,0,0,0,0,0
5455,[X1_X12_GET_req],5455,3,10,0,0,0,0,0,0,0,0,0,0,1,0,0
5456,REST_X12,5456,3,10,0,0,0,0,0,0,0,0,0,0,2,0,0
5457,REST_X12,5457,3,10,0,0,0,0,0,0,0,0,0,0,5,0,0
5458,[X12_X6_GET_req],5458,3,10,0,0,0,0,1,0,0,0,0,0,6,0,0
5459,REST_X6,5459,3,10,0,0,0,0,2,0,0,0,0,0,6,0,0
5460,REST_X6,5460,3,10,0,0,0,0,13,0,0,0,0,0,6,0,0
5461,[X6_X7_GET_req],5461,3,10,0,0,0,0,14,1,0,0,0,0,6,0,0
5462,REST_X7,5462,3,10,0,0,0,0,14,2,0,0,0,0,6,0,0
5463,REST_X7,5463,3,10,0,0,0,0,14,9,0,0,0,0,6,0,0
5464,[X7_X9_GET_req],5464,3,10,0,0,0,0,14,10,0,1,0,0,6,0,0
5465,REST_X9,5465,3,10,0,0,0,0,14,10,0,2,0,0,6,0,0
5466,REST_X9,5466,3,10,0,0,0,0,14,10,0,9,0,0,6,0,0
5467,[X9_X4_GET_req],5467,3,10,0,0,1,0,14,10,0,10,0,0,6,0,0
5468,REST_X4,5468,3,10,0,0,2,0,14,10,0,10,0,0,6,0,0
5469,REST_X4,5469,3,10,0,0,5,0,14,10,0,10,0,0,6,0,0
5470,[X4_X10_GET_req],5470,3,10,0,0,6,0,14,10,0,10,1,0,6,0,0
5471,REST_X10,5471,3,10,0,0,6,0,14,10,0,10,2,0,6,0,0
5472,REST_X10,5472,3,10,0,0,6,0,14,10,0,10,3,0,6,0,0
5473,[X4_X10_GET_resp_2xx],5473,3,10,0,0,3,0,14,10,0,10,0,0,6,0,0
5474,[X9_X4_GET_resp_2xx],5474,3,10,0,0,0,0,14,10,0,3,0,0,6,0,0
5475,[X7_X9_GET_resp_2xx],5475,3,10,0,0,0,0,14,3,0,0,0,0,6,0,0
5476,[X6_X7_GET_resp_2xx],5476,3,10,0,0,0,0,3,0,0,0,0,0,6,0,0
5477,[X12_X6_GET_resp_2xx],5477,3,10,0,0,0,0,0,0,0,0,0,0,3,0,0
5478,[X1_X12_GET_resp_2xx],5478,3,3,0,0,0,0,0,0,0,0,0,0,0,0,0
5479,[X0_X1_GET_resp_2xx],5479,0,0,0,0,0,0,0,0,0,0,0,0,0,0,0
5480,REST_X0,5480,2,0,0,0,0,0,0,0,0,0,0,0,0,0,0
5481,[X0_X1_GET_req],5481,3,1,0,0,0,0,0,0,0,0,0,0,0,0,0
5482,REST_X1,5482,3,2,0,0,0,0,0,0,0,0,0,0,0,0,0
5483,REST_X1,5483,3,5,0,0,0,0,0,0,0,0,0,0,0,0,0
5484,[X1_X2_GET_req],5484,3,6,1,0,0,0,0,0,0,0,0,0,0,0,0
5485,REST_X2,5485,3,6,2,0,0,0,0,0,0,0,0,0,0,0,0
5486,REST_X2,5486,3,6,3,0,0,0,0,0,0,0,0,0,0,0,0
5487,[X1_X2_GET_resp_2xx],5487,3,3,0,0,0,0,0,0,0,0,0,0,0,0,0
5488,[X0_X1_GET_resp_2xx],5488,0,0,0,0,0,0,0,0,0,0,0,0,0,0,0
5489,REST_X0,5489,2,0,0,0,0,0,0,0,0,0,0,0,0,0,0
5490,[X0_X1_GET_req],5490,3,1,0,0,0,0,0,0,0,0,0,0,0,0,0
5491,REST_X1,5491,3,2,0,0,0,0,0,0,0,0,0,0,0,0,0
5492,REST_X1,5492,3,9,0,0,0,0,0,0,0,0,0,0,0,0,0
5493,[X1_X12_GET_req],5493,3,10,0,0,0,0,0,0,0,0,0,0,1,0,0
5494,REST_X12,5494,3,10,0,0,0,0,0,0,0,0,0,0,2,0,0
5495,REST_X12,5495,3,10,0,0,0,0,0,0,0,0,0,0,5,0,0
5496,[X12_X6_GET_req],5496,3,10,0,0,0,0,1,0,0,0,0,0,6,0,0
5497,REST_X6,5497,3,10,0,0,0,0,2,0,0,0,0,0,6,0,0
5498,REST_X6,5498,3,10,0,0,0,0,5,0,0,0,0,0,6,0,0
5499,[X6_X3_GET_req],5499,3,10,0,1,0,0,6,0,0,0,0,0,6,0,0
5500,REST_X3,5500,3,10,0,2,0,0,6,0,0,0,0,0,6,0,0
5501,REST_X3,5501,3,10,0,4,0,0,6,0,0,0,0,0,6,0,0
5502,[X6_X3_GET_resp_5xx],5502,3,10,0,0,0,0,7,0,0,0,0,0,6,0,0
5503,[X6_X3_GET_req],5503,3,10,0,1,0,0,8,0,0,0,0,0,6,0,0
5504,REST_X3,5504,3,10,0,2,0,0,8,0,0,0,0,0,6,0,0
5505,REST_X3,5505,3,10,0,4,0,0,8,0,0,0,0,0,6,0,0
5506,[X6_X3_GET_resp_5xx],5506,3,10,0,0,0,0,4,0,0,0,0,0,6,0,0
5507,[X12_X6_GET_resp_5xx],5507,3,10,0,0,0,0,0,0,0,0,0,0,7,0,0
5508,[X12_X6_GET_req],5508,3,10,0,0,0,0,1,0,0,0,0,0,8,0,0
5509,REST_X6,5509,3,10,0,0,0,0,2,0,0,0,0,0,8,0,0
5510,REST_X6,5510,3,10,0,0,0,0,5,0,0,0,0,0,8,0,0
5511,[X6_X3_GET_req],5511,3,10,0,1,0,0,6,0,0,0,0,0,8,0,0
5512,REST_X3,5512,3,10,0,2,0,0,6,0,0,0,0,0,8,0,0
5513,REST_X3,5513,3,10,0,3,0,0,6,0,0,0,0,0,8,0,0
5514,[X6_X3_GET_resp_2xx],5514,3,10,0,0,0,0,3,0,0,0,0,0,8,0,0
5515,[X12_X6_GET_resp_2xx],5515,3,10,0,0,0,0,0,0,0,0,0,0,3,0,0
5516,[X1_X12_GET_resp_2xx],5516,3,3,0,0,0,0,0,0,0,0,0,0,0,0,0
5517,[X0_X1_GET_resp_2xx],5517,0,0,0,0,0,0,0,0,0,0,0,0,0,0,0
5518,REST_X0,5518,2,0,0,0,0,0,0,0,0,0,0,0,0,0,0
5519,[X0_X1_GET_req],5519,3,1,0,0,0,0,0,0,0,0,0,0,0,0,0
5520,REST_X1,5520,3,2,0,0,0,0,0,0,0,0,0,0,0,0,0
5521,REST_X1,5521,3,9,0,0,0,0,0,0,0,0,0,0,0,0,0
5522,[X1_X12_GET_req],5522,3,10,0,0,0,0,0,0,0,0,0,0,1,0,0
5523,REST_X12,5523,3,10,0,0,0,0,0,0,0,0,0,0,2,0,0
5524,REST_X12,5524,3,10,0,0,0,0,0,0,0,0,0,0,5,0,0
5525,[X12_X6_GET_req],5525,3,10,0,0,0,0,1,0,0,0,0,0,6,0,0
5526,REST_X6,5526,3,10,0,0,0,0,2,0,0,0,0,0,6,0,0
5527,REST_X6,5527,3,10,0,0,0,0,5,0,0,0,0,0,6,0,0
5528,[X6_X3_GET_req],5528,3,10,0,1,0,0,6,0,0,0,0,0,6,0,0
5529,REST_X3,5529,3,10,0,2,0,0,6,0,0,0,0,0,6,0,0
5530,REST_X3,5530,3,10,0,3,0,0,6,0,0,0,0,0,6,0,0
5531,[X6_X3_GET_resp_2xx],5531,3,10,0,0,0,0,3,0,0,0,0,0,6,0,0
5532,[X12_X6_GET_resp_2xx],5532,3,10,0,0,0,0,0,0,0,0,0,0,3,0,0
5533,[X1_X12_GET_resp_2xx],5533,3,3,0,0,0,0,0,0,0,0,0,0,0,0,0
5534,[X0_X1_GET_resp_2xx],5534,0,0,0,0,0,0,0,0,0,0,0,0,0,0,0
5535,REST_X0,5535,2,0,0,0,0,0,0,0,0,0,0,0,0,0,0
5536,[X0_X1_GET_req],5536,3,1,0,0,0,0,0,0,0,0,0,0,0,0,0
5537,REST_X1,5537,3,2,0,0,0,0,0,0,0,0,0,0,0,0,0
5538,REST_X1,5538,3,5,0,0,0,0,0,0,0,0,0,0,0,0,0
5539,[X1_X2_GET_req],5539,3,6,1,0,0,0,0,0,0,0,0,0,0,0,0
5540,REST_X2,5540,3,6,2,0,0,0,0,0,0,0,0,0,0,0,0
5541,REST_X2,5541,3,6,4,0,0,0,0,0,0,0,0,0,0,0,0
5542,[X1_X2_GET_resp_5xx],5542,3,7,0,0,0,0,0,0,0,0,0,0,0,0,0
5543,[X1_X2_GET_req],5543,3,8,1,0,0,0,0,0,0,0,0,0,0,0,0
5544,REST_X2,5544,3,8,2,0,0,0,0,0,0,0,0,0,0,0,0
5545,REST_X2,5545,3,8,3,0,0,0,0,0,0,0,0,0,0,0,0
5546,[X1_X2_GET_resp_2xx],5546,3,3,0,0,0,0,0,0,0,0,0,0,0,0,0
5547,[X0_X1_GET_resp_2xx],5547,0,0,0,0,0,0,0,0,0,0,0,0,0,0,0
5548,REST_X0,5548,2,0,0,0,0,0,0,0,0,0,0,0,0,0,0
5549,[X0_X1_GET_req],5549,3,1,0,0,0,0,0,0,0,0,0,0,0,0,0
5550,REST_X1,5550,3,2,0,0,0,0,0,0,0,0,0,0,0,0,0
5551,REST_X1,5551,3,9,0,0,0,0,0,0,0,0,0,0,0,0,0
5552,[X1_X12_GET_req],5552,3,10,0,0,0,0,0,0,0,0,0,0,1,0,0
5553,REST_X12,5553,3,10,0,0,0,0,0,0,0,0,0,0,2,0,0
5554,REST_X12,5554,3,10,0,0,0,0,0,0,0,0,0,0,5,0,0
5555,[X12_X6_GET_req],5555,3,10,0,0,0,0,1,0,0,0,0,0,6,0,0
5556,REST_X6,5556,3,10,0,0,0,0,2,0,0,0,0,0,6,0,0
5557,REST_X6,5557,3,10,0,0,0,0,5,0,0,0,0,0,6,0,0
5558,[X6_X3_GET_req],5558,3,10,0,1,0,0,6,0,0,0,0,0,6,0,0
5559,REST_X3,5559,3,10,0,2,0,0,6,0,0,0,0,0,6,0,0
5560,REST_X3,5560,3,10,0,3,0,0,6,0,0,0,0,0,6,0,0
5561,[X6_X3_GET_resp_2xx],5561,3,10,0,0,0,0,3,0,0,0,0,0,6,0,0
5562,[X12_X6_GET_resp_2xx],5562,3,10,0,0,0,0,0,0,0,0,0,0,3,0,0
5563,[X1_X12_GET_resp_2xx],5563,3,3,0,0,0,0,0,0,0,0,0,0,0,0,0
5564,[X0_X1_GET_resp_2xx],5564,0,0,0,0,0,0,0,0,0,0,0,0,0,0,0
5565,REST_X0,5565,2,0,0,0,0,0,0,0,0,0,0,0,0,0,0
5566,[X0_X1_GET_req],5566,3,1,0,0,0,0,0,0,0,0,0,0,0,0,0
5567,REST_X1,5567,3,2,0,0,0,0,0,0,0,0,0,0,0,0,0
5568,REST_X1,5568,3,5,0,0,0,0,0,0,0,0,0,0,0,0,0
5569,[X1_X2_GET_req],5569,3,6,1,0,0,0,0,0,0,0,0,0,0,0,0
5570,REST_X2,5570,3,6,2,0,0,0,0,0,0,0,0,0,0,0,0
5571,REST_X2,5571,3,6,3,0,0,0,0,0,0,0,0,0,0,0,0
5572,[X1_X2_GET_resp_2xx],5572,3,3,0,0,0,0,0,0,0,0,0,0,0,0,0
5573,[X0_X1_GET_resp_2xx],5573,0,0,0,0,0,0,0,0,0,0,0,0,0,0,0
5574,REST_X0,5574,2,0,0,0,0,0,0,0,0,0,0,0,0,0,0
5575,[X0_X1_GET_req],5575,3,1,0,0,0,0,0,0,0,0,0,0,0,0,0
5576,REST_X1,5576,3,2,0,0,0,0,0,0,0,0,0,0,0,0,0
5577,REST_X1,5577,3,5,0,0,0,0,0,0,0,0,0,0,0,0,0
5578,[X1_X2_GET_req],5578,3,6,1,0,0,0,0,0,0,0,0,0,0,0,0
5579,REST_X2,5579,3,6,2,0,0,0,0,0,0,0,0,0,0,0,0
5580,REST_X2,5580,3,6,3,0,0,0,0,0,0,0,0,0,0,0,0
5581,[X1_X2_GET_resp_2xx],5581,3,3,0,0,0,0,0,0,0,0,0,0,0,0,0
5582,[X0_X1_GET_resp_2xx],5582,0,0,0,0,0,0,0,0,0,0,0,0,0,0,0
5583,REST_X0,5583,2,0,0,0,0,0,0,0,0,0,0,0,0,0,0
5584,[X0_X1_GET_req],5584,3,1,0,0,0,0,0,0,0,0,0,0,0,0,0
5585,REST_X1,5585,3,2,0,0,0,0,0,0,0,0,0,0,0,0,0
5586,REST_X1,5586,3,9,0,0,0,0,0,0,0,0,0,0,0,0,0
5587,[X1_X12_GET_req],5587,3,10,0,0,0,0,0,0,0,0,0,0,1,0,0
5588,REST_X12,5588,3,10,0,0,0,0,0,0,0,0,0,0,2,0,0
5589,REST_X12,5589,3,10,0,0,0,0,0,0,0,0,0,0,5,0,0
5590,[X12_X6_GET_req],5590,3,10,0,0,0,0,1,0,0,0,0,0,6,0,0
5591,REST_X6,5591,3,10,0,0,0,0,2,0,0,0,0,0,6,0,0
5592,REST_X6,5592,3,10,0,0,0,0,5,0,0,0,0,0,6,0,0
5593,[X6_X3_GET_req],5593,3,10,0,1,0,0,6,0,0,0,0,0,6,0,0
5594,REST_X3,5594,3,10,0,2,0,0,6,0,0,0,0,0,6,0,0
5595,REST_X3,5595,3,10,0,3,0,0,6,0,0,0,0,0,6,0,0
5596,[X6_X3_GET_resp_2xx],5596,3,10,0,0,0,0,3,0,0,0,0,0,6,0,0
5597,[X12_X6_GET_resp_2xx],5597,3,10,0,0,0,0,0,0,0,0,0,0,3,0,0
5598,[X1_X12_GET_resp_2xx],5598,3,3,0,0,0,0,0,0,0,0,0,0,0,0,0
5599,[X0_X1_GET_resp_2xx],5599,0,0,0,0,0,0,0,0,0,0,0,0,0,0,0
5600,REST_X0,5600,2,0,0,0,0,0,0,0,0,0,0,0,0,0,0
5601,[X0_X1_GET_req],5601,3,1,0,0,0,0,0,0,0,0,0,0,0,0,0
5602,REST_X1,5602,3,2,0,0,0,0,0,0,0,0,0,0,0,0,0
5603,REST_X1,5603,3,5,0,0,0,0,0,0,0,0,0,0,0,0,0
5604,[X1_X2_GET_req],5604,3,6,1,0,0,0,0,0,0,0,0,0,0,0,0
5605,REST_X2,5605,3,6,2,0,0,0,0,0,0,0,0,0,0,0,0
5606,REST_X2,5606,3,6,3,0,0,0,0,0,0,0,0,0,0,0,0
5607,[X1_X2_GET_resp_2xx],5607,3,3,0,0,0,0,0,0,0,0,0,0,0,0,0
5608,[X0_X1_GET_resp_2xx],5608,0,0,0,0,0,0,0,0,0,0,0,0,0,0,0
5609,REST_X0,5609,2,0,0,0,0,0,0,0,0,0,0,0,0,0,0
5610,[X0_X1_GET_req],5610,3,1,0,0,0,0,0,0,0,0,0,0,0,0,0
5611,REST_X1,5611,3,2,0,0,0,0,0,0,0,0,0,0,0,0,0
5612,REST_X1,5612,3,9,0,0,0,0,0,0,0,0,0,0,0,0,0
5613,[X1_X12_GET_req],5613,3,10,0,0,0,0,0,0,0,0,0,0,1,0,0
5614,REST_X12,5614,3,10,0,0,0,0,0,0,0,0,0,0,2,0,0
5615,REST_X12,5615,3,10,0,0,0,0,0,0,0,0,0,0,5,0,0
5616,[X12_X6_GET_req],5616,3,10,0,0,0,0,1,0,0,0,0,0,6,0,0
5617,REST_X6,5617,3,10,0,0,0,0,2,0,0,0,0,0,6,0,0
5618,REST_X6,5618,3,10,0,0,0,0,13,0,0,0,0,0,6,0,0
5619,[X6_X7_GET_req],5619,3,10,0,0,0,0,14,1,0,0,0,0,6,0,0
5620,REST_X7,5620,3,10,0,0,0,0,14,2,0,0,0,0,6,0,0
5621,REST_X7,5621,3,10,0,0,0,0,14,9,0,0,0,0,6,0,0
5622,[X7_X9_GET_req],5622,3,10,0,0,0,0,14,10,0,1,0,0,6,0,0
5623,REST_X9,5623,3,10,0,0,0,0,14,10,0,2,0,0,6,0,0
5624,REST_X9,5624,3,10,0,0,0,0,14,10,0,5,0,0,6,0,0
5625,[X9_X11_GET_req],5625,3,10,0,0,0,0,14,10,0,6,0,1,6,0,0
5626,REST_X11,5626,3,10,0,0,0,0,14,10,0,6,0,2,6,0,0
5627,REST_X11,5627,3,10,0,0,0,0,14,10,0,6,0,3,6,0,0
5628,[X9_X11_GET_resp_2xx],5628,3,10,0,0,0,0,14,10,0,3,0,0,6,0,0
5629,[X7_X9_GET_resp_2xx],5629,3,10,0,0,0,0,14,3,0,0,0,0,6,0,0
5630,[X6_X7_GET_resp_2xx],5630,3,10,0,0,0,0,3,0,0,0,0,0,6,0,0
5631,[X12_X6_GET_resp_2xx],5631,3,10,0,0,0,0,0,0,0,0,0,0,3,0,0
5632,[X1_X12_GET_resp_2xx],5632,3,3,0,0,0,0,0,0,0,0,0,0,0,0,0
5633,[X0_X1_GET_resp_2xx],5633,0,0,0,0,0,0,0,0,0,0,0,0,0,0,0
5634,REST_X0,5634,2,0,0,0,0,0,0,0,0,0,0,0,0,0,0
5635,[X0_X1_GET_req],5635,3,1,0,0,0,0,0,0,0,0,0,0,0,0,0
5636,REST_X1,5636,3,2,0,0,0,0,0,0,0,0,0,0,0,0,0
5637,REST_X1,5637,3,5,0,0,0,0,0,0,0,0,0,0,0,0,0
5638,[X1_X2_GET_req],5638,3,6,1,0,0,0,0,0,0,0,0,0,0,0,0
5639,REST_X2,5639,3,6,2,0,0,0,0,0,0,0,0,0,0,0,0
5640,REST_X2,5640,3,6,3,0,0,0,0,0,0,0,0,0,0,0,0
5641,[X1_X2_GET_resp_2xx],5641,3,3,0,0,0,0,0,0,0,0,0,0,0,0,0
5642,[X0_X1_GET_resp_2xx],5642,0,0,0,0,0,0,0,0,0,0,0,0,0,0,0
5643,REST_X0,5643,2,0,0,0,0,0,0,0,0,0,0,0,0,0,0
5644,[X0_X1_GET_req],5644,3,1,0,0,0,0,0,0,0,0,0,0,0,0,0
5645,REST_X1,5645,3,2,0,0,0,0,0,0,0,0,0,0,0,0,0
5646,REST_X1,5646,3,9,0,0,0,0,0,0,0,0,0,0,0,0,0
5647,[X1_X12_GET_req],5647,3,10,0,0,0,0,0,0,0,0,0,0,1,0,0
5648,REST_X12,5648,3,10,0,0,0,0,0,0,0,0,0,0,2,0,0
5649,REST_X12,5649,3,10,0,0,0,0,0,0,0,0,0,0,5,0,0
5650,[X12_X6_GET_req],5650,3,10,0,0,0,0,1,0,0,0,0,0,6,0,0
5651,REST_X6,5651,3,10,0,0,0,0,2,0,0,0,0,0,6,0,0
5652,REST_X6,5652,3,10,0,0,0,0,5,0,0,0,0,0,6,0,0
5653,[X6_X3_GET_req],5653,3,10,0,1,0,0,6,0,0,0,0,0,6,0,0
5654,REST_X3,5654,3,10,0,2,0,0,6,0,0,0,0,0,6,0,0
5655,REST_X3,5655,3,10,0,3,0,0,6,0,0,0,0,0,6,0,0
5656,[X6_X3_GET_resp_2xx],5656,3,10,0,0,0,0,3,0,0,0,0,0,6,0,0
5657,[X12_X6_GET_resp_2xx],5657,3,10,0,0,0,0,0,0,0,0,0,0,3,0,0
5658,[X1_X12_GET_resp_2xx],5658,3,3,0,0,0,0,0,0,0,0,0,0,0,0,0
5659,[X0_X1_GET_resp_2xx],5659,0,0,0,0,0,0,0,0,0,0,0,0,0,0,0
5660,REST_X0,5660,2,0,0,0,0,0,0,0,0,0,0,0,0,0,0
5661,[X0_X1_GET_req],5661,3,1,0,0,0,0,0,0,0,0,0,0,0,0,0
5662,REST_X1,5662,3,2,0,0,0,0,0,0,0,0,0,0,0,0,0
5663,REST_X1,5663,3,5,0,0,0,0,0,0,0,0,0,0,0,0,0
5664,[X1_X2_GET_req],5664,3,6,1,0,0,0,0,0,0,0,0,0,0,0,0
5665,REST_X2,5665,3,6,2,0,0,0,0,0,0,0,0,0,0,0,0
5666,REST_X2,5666,3,6,4,0,0,0,0,0,0,0,0,0,0,0,0
5667,[X1_X2_GET_resp_5xx],5667,3,7,0,0,0,0,0,0,0,0,0,0,0,0,0
5668,[X1_X2_GET_req],5668,3,8,1,0,0,0,0,0,0,0,0,0,0,0,0
5669,REST_X2,5669,3,8,2,0,0,0,0,0,0,0,0,0,0,0,0
5670,REST_X2,5670,3,8,3,0,0,0,0,0,0,0,0,0,0,0,0
5671,[X1_X2_GET_resp_2xx],5671,3,3,0,0,0,0,0,0,0,0,0,0,0,0,0
5672,[X0_X1_GET_resp_2xx],5672,0,0,0,0,0,0,0,0,0,0,0,0,0,0,0
5673,REST_X0,5673,2,0,0,0,0,0,0,0,0,0,0,0,0,0,0
5674,[X0_X1_GET_req],5674,3,1,0,0,0,0,0,0,0,0,0,0,0,0,0
5675,REST_X1,5675,3,2,0,0,0,0,0,0,0,0,0,0,0,0,0
5676,REST_X1,5676,3,5,0,0,0,0,0,0,0,0,0,0,0,0,0
5677,[X1_X2_GET_req],5677,3,6,1,0,0,0,0,0,0,0,0,0,0,0,0
5678,REST_X2,5678,3,6,2,0,0,0,0,0,0,0,0,0,0,0,0
5679,REST_X2,5679,3,6,3,0,0,0,0,0,0,0,0,0,0,0,0
5680,[X1_X2_GET_resp_2xx],5680,3,3,0,0,0,0,0,0,0,0,0,0,0,0,0
5681,[X0_X1_GET_resp_2xx],5681,0,0,0,0,0,0,0,0,0,0,0,0,0,0,0
5682,REST_X0,5682,2,0,0,0,0,0,0,0,0,0,0,0,0,0,0
5683,[X0_X1_GET_req],5683,3,1,0,0,0,0,0,0,0,0,0,0,0,0,0
5684,REST_X1,5684,3,2,0,0,0,0,0,0,0,0,0,0,0,0,0
5685,REST_X1,5685,3,9,0,0,0,0,0,0,0,0,0,0,0,0,0
5686,[X1_X12_GET_req],5686,3,10,0,0,0,0,0,0,0,0,0,0,1,0,0
5687,REST_X12,5687,3,10,0,0,0,0,0,0,0,0,0,0,2,0,0
5688,REST_X12,5688,3,10,0,0,0,0,0,0,0,0,0,0,5,0,0
5689,[X12_X6_GET_req],5689,3,10,0,0,0,0,1,0,0,0,0,0,6,0,0
5690,REST_X6,5690,3,10,0,0,0,0,2,0,0,0,0,0,6,0,0
5691,REST_X6,5691,3,10,0,0,0,0,13,0,0,0,0,0,6,0,0
5692,[X6_X7_GET_req],5692,3,10,0,0,0,0,14,1,0,0,0,0,6,0,0
5693,REST_X7,5693,3,10,0,0,0,0,14,2,0,0,0,0,6,0,0
5694,REST_X7,5694,3,10,0,0,0,0,14,9,0,0,0,0,6,0,0
5695,[X7_X9_GET_req],5695,3,10,0,0,0,0,14,10,0,1,0,0,6,0,0
5696,REST_X9,5696,3,10,0,0,0,0,14,10,0,2,0,0,6,0,0
5697,REST_X9,5697,3,10,0,0,0,0,14,10,0,5,0,0,6,0,0
5698,[X9_X11_GET_req],5698,3,10,0,0,0,0,14,10,0,6,0,1,6,0,0
5699,REST_X11,5699,3,10,0,0,0,0,14,10,0,6,0,2,6,0,0
5700,REST_X11,5700,3,10,0,0,0,0,14,10,0,6,0,3,6,0,0
5701,[X9_X11_GET_resp_2xx],5701,3,10,0,0,0,0,14,10,0,3,0,0,6,0,0
5702,[X7_X9_GET_resp_2xx],5702,3,10,0,0,0,0,14,3,0,0,0,0,6,0,0
5703,[X6_X7_GET_resp_2xx],5703,3,10,0,0,0,0,3,0,0,0,0,0,6,0,0
5704,[X12_X6_GET_resp_2xx],5704,3,10,0,0,0,0,0,0,0,0,0,0,3,0,0
5705,[X1_X12_GET_resp_2xx],5705,3,3,0,0,0,0,0,0,0,0,0,0,0,0,0
5706,[X0_X1_GET_resp_2xx],5706,0,0,0,0,0,0,0,0,0,0,0,0,0,0,0
5707,REST_X0,5707,2,0,0,0,0,0,0,0,0,0,0,0,0,0,0
5708,[X0_X1_GET_req],5708,3,1,0,0,0,0,0,0,0,0,0,0,0,0,0
5709,REST_X1,5709,3,2,0,0,0,0,0,0,0,0,0,0,0,0,0
5710,REST_X1,5710,3,5,0,0,0,0,0,0,0,0,0,0,0,0,0
5711,[X1_X2_GET_req],5711,3,6,1,0,0,0,0,0,0,0,0,0,0,0,0
5712,REST_X2,5712,3,6,2,0,0,0,0,0,0,0,0,0,0,0,0
5713,REST_X2,5713,3,6,4,0,0,0,0,0,0,0,0,0,0,0,0
5714,[X1_X2_GET_resp_5xx],5714,3,7,0,0,0,0,0,0,0,0,0,0,0,0,0
5715,[X1_X2_GET_req],5715,3,8,1,0,0,0,0,0,0,0,0,0,0,0,0
5716,REST_X2,5716,3,8,2,0,0,0,0,0,0,0,0,0,0,0,0
5717,REST_X2,5717,3,8,3,0,0,0,0,0,0,0,0,0,0,0,0
5718,[X1_X2_GET_resp_2xx],5718,3,3,0,0,0,0,0,0,0,0,0,0,0,0,0
5719,[X0_X1_GET_resp_2xx],5719,0,0,0,0,0,0,0,0,0,0,0,0,0,0,0
5720,REST_X0,5720,2,0,0,0,0,0,0,0,0,0,0,0,0,0,0
5721,[X0_X1_GET_req],5721,3,1,0,0,0,0,0,0,0,0,0,0,0,0,0
5722,REST_X1,5722,3,2,0,0,0,0,0,0,0,0,0,0,0,0,0
5723,REST_X1,5723,3,5,0,0,0,0,0,0,0,0,0,0,0,0,0
5724,[X1_X2_GET_req],5724,3,6,1,0,0,0,0,0,0,0,0,0,0,0,0
5725,REST_X2,5725,3,6,2,0,0,0,0,0,0,0,0,0,0,0,0
5726,REST_X2,5726,3,6,3,0,0,0,0,0,0,0,0,0,0,0,0
5727,[X1_X2_GET_resp_2xx],5727,3,3,0,0,0,0,0,0,0,0,0,0,0,0,0
5728,[X0_X1_GET_resp_2xx],5728,0,0,0,0,0,0,0,0,0,0,0,0,0,0,0
5729,REST_X0,5729,2,0,0,0,0,0,0,0,0,0,0,0,0,0,0
5730,[X0_X1_GET_req],5730,3,1,0,0,0,0,0,0,0,0,0,0,0,0,0
5731,REST_X1,5731,3,2,0,0,0,0,0,0,0,0,0,0,0,0,0
5732,REST_X1,5732,3,5,0,0,0,0,0,0,0,0,0,0,0,0,0
5733,[X1_X2_GET_req],5733,3,6,1,0,0,0,0,0,0,0,0,0,0,0,0
5734,REST_X2,5734,3,6,2,0,0,0,0,0,0,0,0,0,0,0,0
5735,REST_X2,5735,3,6,3,0,0,0,0,0,0,0,0,0,0,0,0
5736,[X1_X2_GET_resp_2xx],5736,3,3,0,0,0,0,0,0,0,0,0,0,0,0,0
5737,[X0_X1_GET_resp_2xx],5737,0,0,0,0,0,0,0,0,0,0,0,0,0,0,0
5738,REST_X0,5738,2,0,0,0,0,0,0,0,0,0,0,0,0,0,0
5739,[X0_X1_GET_req],5739,3,1,0,0,0,0,0,0,0,0,0,0,0,0,0
5740,REST_X1,5740,3,2,0,0,0,0,0,0,0,0,0,0,0,0,0
5741,REST_X1,5741,3,5,0,0,0,0,0,0,0,0,0,0,0,0,0
5742,[X1_X2_GET_req],5742,3,6,1,0,0,0,0,0,0,0,0,0,0,0,0
5743,REST_X2,5743,3,6,2,0,0,0,0,0,0,0,0,0,0,0,0
5744,REST_X2,5744,3,6,3,0,0,0,0,0,0,0,0,0,0,0,0
5745,[X1_X2_GET_resp_2xx],5745,3,3,0,0,0,0,0,0,0,0,0,0,0,0,0
5746,[X0_X1_GET_resp_2xx],5746,0,0,0,0,0,0,0,0,0,0,0,0,0,0,0
5747,REST_X0,5747,2,0,0,0,0,0,0,0,0,0,0,0,0,0,0
5748,[X0_X1_GET_req],5748,3,1,0,0,0,0,0,0,0,0,0,0,0,0,0
5749,REST_X1,5749,3,2,0,0,0,0,0,0,0,0,0,0,0,0,0
5750,REST_X1,5750,3,5,0,0,0,0,0,0,0,0,0,0,0,0,0
5751,[X1_X2_GET_req],5751,3,6,1,0,0,0,0,0,0,0,0,0,0,0,0
5752,REST_X2,5752,3,6,2,0,0,0,0,0,0,0,0,0,0,0,0
5753,REST_X2,5753,3,6,3,0,0,0,0,0,0,0,0,0,0,0,0
5754,[X1_X2_GET_resp_2xx],5754,3,3,0,0,0,0,0,0,0,0,0,0,0,0,0
5755,[X0_X1_GET_resp_2xx],5755,0,0,0,0,0,0,0,0,0,0,0,0,0,0,0
5756,REST_X0,5756,2,0,0,0,0,0,0,0,0,0,0,0,0,0,0
5757,[X0_X1_GET_req],5757,3,1,0,0,0,0,0,0,0,0,0,0,0,0,0
5758,REST_X1,5758,3,2,0,0,0,0,0,0,0,0,0,0,0,0,0
5759,REST_X1,5759,3,9,0,0,0,0,0,0,0,0,0,0,0,0,0
5760,[X1_X12_GET_req],5760,3,10,0,0,0,0,0,0,0,0,0,0,1,0,0
5761,REST_X12,5761,3,10,0,0,0,0,0,0,0,0,0,0,2,0,0
5762,REST_X12,5762,3,10,0,0,0,0,0,0,0,0,0,0,5,0,0
5763,[X12_X6_GET_req],5763,3,10,0,0,0,0,1,0,0,0,0,0,6,0,0
5764,REST_X6,5764,3,10,0,0,0,0,2,0,0,0,0,0,6,0,0
5765,REST_X6,5765,3,10,0,0,0,0,13,0,0,0,0,0,6,0,0
5766,[X6_X7_GET_req],5766,3,10,0,0,0,0,14,1,0,0,0,0,6,0,0
5767,REST_X7,5767,3,10,0,0,0,0,14,2,0,0,0,0,6,0,0
5768,REST_X7,5768,3,10,0,0,0,0,14,5,0,0,0,0,6,0,0
5769,[X7_X5_GET_req],5769,3,10,0,0,0,1,14,6,0,0,0,0,6,0,0
5770,REST_X5,5770,3,10,0,0,0,2,14,6,0,0,0,0,6,0,0
5771,REST_X5,5771,3,10,0,0,0,3,14,6,0,0,0,0,6,0,0
5772,[X7_X5_GET_resp_2xx],5772,3,10,0,0,0,0,14,3,0,0,0,0,6,0,0
5773,[X6_X7_GET_resp_2xx],5773,3,10,0,0,0,0,3,0,0,0,0,0,6,0,0
5774,[X12_X6_GET_resp_2xx],5774,3,10,0,0,0,0,0,0,0,0,0,0,3,0,0
5775,[X1_X12_GET_resp_2xx],5775,3,3,0,0,0,0,0,0,0,0,0,0,0,0,0
5776,[X0_X1_GET_resp_2xx],5776,0,0,0,0,0,0,0,0,0,0,0,0,0,0,0
5777,REST_X0,5777,2,0,0,0,0,0,0,0,0,0,0,0,0,0,0
5778,[X0_X1_GET_req],5778,3,1,0,0,0,0,0,0,0,0,0,0,0,0,0
5779,REST_X1,5779,3,2,0,0,0,0,0,0,0,0,0,0,0,0,0
5780,REST_X1,5780,3,9,0,0,0,0,0,0,0,0,0,0,0,0,0
5781,[X1_X12_GET_req],5781,3,10,0,0,0,0,0,0,0,0,0,0,1,0,0
5782,REST_X12,5782,3,10,0,0,0,0,0,0,0,0,0,0,2,0,0
5783,REST_X12,5783,3,10,0,0,0,0,0,0,0,0,0,0,5,0,0
5784,[X12_X6_GET_req],5784,3,10,0,0,0,0,1,0,0,0,0,0,6,0,0
5785,REST_X6,5785,3,10,0,0,0,0,2,0,0,0,0,0,6,0,0
5786,REST_X6,5786,3,10,0,0,0,0,5,0,0,0,0,0,6,0,0
5787,[X6_X3_GET_req],5787,3,10,0,1,0,0,6,0,0,0,0,0,6,0,0
5788,REST_X3,5788,3,10,0,2,0,0,6,0,0,0,0,0,6,0,0
5789,REST_X3,5789,3,10,0,3,0,0,6,0,0,0,0,0,6,0,0
5790,[X6_X3_GET_resp_2xx],5790,3,10,0,0,0,0,3,0,0,0,0,0,6,0,0
5791,[X12_X6_GET_resp_2xx],5791,3,10,0,0,0,0,0,0,0,0,0,0,3,0,0
5792,[X1_X12_GET_resp_2xx],5792,3,3,0,0,0,0,0,0,0,0,0,0,0,0,0
5793,[X0_X1_GET_resp_2xx],5793,0,0,0,0,0,0,0,0,0,0,0,0,0,0,0
5794,REST_X0,5794,2,0,0,0,0,0,0,0,0,0,0,0,0,0,0
5795,[X0_X1_GET_req],5795,3,1,0,0,0,0,0,0,0,0,0,0,0,0,0
5796,REST_X1,5796,3,2,0,0,0,0,0,0,0,0,0,0,0,0,0
5797,REST_X1,5797,3,9,0,0,0,0,0,0,0,0,0,0,0,0,0
5798,[X1_X12_GET_req],5798,3,10,0,0,0,0,0,0,0,0,0,0,1,0,0
5799,REST_X12,5799,3,10,0,0,0,0,0,0,0,0,0,0,2,0,0
5800,REST_X12,5800,3,10,0,0,0,0,0,0,0,0,0,0,5,0,0
5801,[X12_X6_GET_req],5801,3,10,0,0,0,0,1,0,0,0,0,0,6,0,0
5802,REST_X6,5802,3,10,0,0,0,0,2,0,0,0,0,0,6,0,0
5803,REST_X6,5803,3,10,0,0,0,0,13,0,0,0,0,0,6,0,0
5804,[X6_X7_GET_req],5804,3,10,0,0,0,0,14,1,0,0,0,0,6,0,0
5805,REST_X7,5805,3,10,0,0,0,0,14,2,0,0,0,0,6,0,0
5806,REST_X7,5806,3,10,0,0,0,0,14,5,0,0,0,0,6,0,0
5807,[X7_X5_GET_req],5807,3,10,0,0,0,1,14,6,0,0,0,0,6,0,0
5808,REST_X5,5808,3,10,0,0,0,2,14,6,0,0,0,0,6,0,0
5809,REST_X5,5809,3,10,0,0,0,3,14,6,0,0,0,0,6,0,0
5810,[X7_X5_GET_resp_2xx],5810,3,10,0,0,0,0,14,3,0,0,0,0,6,0,0
5811,[X6_X7_GET_resp_2xx],5811,3,10,0,0,0,0,3,0,0,0,0,0,6,0,0
5812,[X12_X6_GET_resp_2xx],5812,3,10,0,0,0,0,0,0,0,0,0,0,3,0,0
5813,[X1_X12_GET_resp_2xx],5813,3,3,0,0,0,0,0,0,0,0,0,0,0,0,0
5814,[X0_X1_GET_resp_2xx],5814,0,0,0,0,0,0,0,0,0,0,0,0,0,0,0
5815,REST_X0,5815,2,0,0,0,0,0,0,0,0,0,0,0,0,0,0
5816,[X0_X1_GET_req],5816,3,1,0,0,0,0,0,0,0,0,0,0,0,0,0
5817,REST_X1,5817,3,2,0,0,0,0,0,0,0,0,0,0,0,0,0
5818,REST_X1,5818,3,5,0,0,0,0,0,0,0,0,0,0,0,0,0
5819,[X1_X2_GET_req],5819,3,6,1,0,0,0,0,0,0,0,0,0,0,0,0
5820,REST_X2,5820,3,6,2,0,0,0,0,0,0,0,0,0,0,0,0
5821,REST_X2,5821,3,6,3,0,0,0,0,0,0,0,0,0,0,0,0
5822,[X1_X2_GET_resp_2xx],5822,3,3,0,0,0,0,0,0,0,0,0,0,0,0,0
5823,[X0_X1_GET_resp_2xx],5823,0,0,0,0,0,0,0,0,0,0,0,0,0,0,0
5824,REST_X0,5824,2,0,0,0,0,0,0,0,0,0,0,0,0,0,0
5825,[X0_X1_GET_req],5825,3,1,0,0,0,0,0,0,0,0,0,0,0,0,0
5826,REST_X1,5826,3,2,0,0,0,0,0,0,0,0,0,0,0,0,0
5827,REST_X1,5827,3,9,0,0,0,0,0,0,0,0,0,0,0,0,0
5828,[X1_X12_GET_req],5828,3,10,0,0,0,0,0,0,0,0,0,0,1,0,0
5829,REST_X12,5829,3,10,0,0,0,0,0,0,0,0,0,0,2,0,0
5830,REST_X12,5830,3,10,0,0,0,0,0,0,0,0,0,0,5,0,0
5831,[X12_X6_GET_req],5831,3,10,0,0,0,0,1,0,0,0,0,0,6,0,0
5832,REST_X6,5832,3,10,0,0,0,0,2,0,0,0,0,0,6,0,0
5833,REST_X6,5833,3,10,0,0,0,0,5,0,0,0,0,0,6,0,0
5834,[X6_X3_GET_req],5834,3,10,0,1,0,0,6,0,0,0,0,0,6,0,0
5835,REST_X3,5835,3,10,0,2,0,0,6,0,0,0,0,0,6,0,0
5836,REST_X3,5836,3,10,0,3,0,0,6,0,0,0,0,0,6,0,0
5837,[X6_X3_GET_resp_2xx],5837,3,10,0,0,0,0,3,0,0,0,0,0,6,0,0
5838,[X12_X6_GET_resp_2xx],5838,3,10,0,0,0,0,0,0,0,0,0,0,3,0,0
5839,[X1_X12_GET_resp_2xx],5839,3,3,0,0,0,0,0,0,0,0,0,0,0,0,0
5840,[X0_X1_GET_resp_2xx],5840,0,0,0,0,0,0,0,0,0,0,0,0,0,0,0
5841,REST_X0,5841,2,0,0,0,0,0,0,0,0,0,0,0,0,0,0
5842,[X0_X1_GET_req],5842,3,1,0,0,0,0,0,0,0,0,0,0,0,0,0
5843,REST_X1,5843,3,2,0,0,0,0,0,0,0,0,0,0,0,0,0
5844,REST_X1,5844,3,9,0,0,0,0,0,0,0,0,0,0,0,0,0
5845,[X1_X12_GET_req],5845,3,10,0,0,0,0,0,0,0,0,0,0,1,0,0
5846,REST_X12,5846,3,10,0,0,0,0,0,0,0,0,0,0,2,0,0
5847,REST_X12,5847,3,10,0,0,0,0,0,0,0,0,0,0,5,0,0
5848,[X12_X6_GET_req],5848,3,10,0,0,0,0,1,0,0,0,0,0,6,0,0
5849,REST_X6,5849,3,10,0,0,0,0,2,0,0,0,0,0,6,0,0
5850,REST_X6,5850,3,10,0,0,0,0,13,0,0,0,0,0,6,0,0
5851,[X6_X7_GET_req],5851,3,10,0,0,0,0,14,1,0,0,0,0,6,0,0
5852,REST_X7,5852,3,10,0,0,0,0,14,2,0,0,0,0,6,0,0
5853,REST_X7,5853,3,10,0,0,0,0,14,5,0,0,0,0,6,0,0
5854,[X7_X5_GET_req],5854,3,10,0,0,0,1,14,6,0,0,0,0,6,0,0
5855,REST_X5,5855,3,10,0,0,0,2,14,6,0,0,0,0,6,0,0
5856,REST_X5,5856,3,10,0,0,0,3,14,6,0,0,0,0,6,0,0
5857,[X7_X5_GET_resp_2xx],5857,3,10,0,0,0,0,14,3,0,0,0,0,6,0,0
5858,[X6_X7_GET_resp_2xx],5858,3,10,0,0,0,0,3,0,0,0,0,0,6,0,0
5859,[X12_X6_GET_resp_2xx],5859,3,10,0,0,0,0,0,0,0,0,0,0,3,0,0
5860,[X1_X12_GET_resp_2xx],5860,3,3,0,0,0,0,0,0,0,0,0,0,0,0,0
5861,[X0_X1_GET_resp_2xx],5861,0,0,0,0,0,0,0,0,0,0,0,0,0,0,0
5862,REST_X0,5862,2,0,0,0,0,0,0,0,0,0,0,0,0,0,0
5863,[X0_X1_GET_req],5863,3,1,0,0,0,0,0,0,0,0,0,0,0,0,0
5864,REST_X1,5864,3,2,0,0,0,0,0,0,0,0,0,0,0,0,0
5865,REST_X1,5865,3,9,0,0,0,0,0,0,0,0,0,0,0,0,0
5866,[X1_X12_GET_req],5866,3,10,0,0,0,0,0,0,0,0,0,0,1,0,0
5867,REST_X12,5867,3,10,0,0,0,0,0,0,0,0,0,0,2,0,0
5868,REST_X12,5868,3,10,0,0,0,0,0,0,0,0,0,0,5,0,0
5869,[X12_X6_GET_req],5869,3,10,0,0,0,0,1,0,0,0,0,0,6,0,0
5870,REST_X6,5870,3,10,0,0,0,0,2,0,0,0,0,0,6,0,0
5871,REST_X6,5871,3,10,0,0,0,0,9,0,0,0,0,0,6,0,0
5872,[X6_X8_GET_req],5872,3,10,0,0,0,0,10,0,1,0,0,0,6,0,0
5873,REST_X8,5873,3,10,0,0,0,0,10,0,2,0,0,0,6,0,0
5874,REST_X8,5874,3,10,0,0,0,0,10,0,3,0,0,0,6,0,0
5875,[X6_X8_GET_resp_2xx],5875,3,10,0,0,0,0,3,0,0,0,0,0,6,0,0
5876,[X12_X6_GET_resp_2xx],5876,3,10,0,0,0,0,0,0,0,0,0,0,3,0,0
5877,[X1_X12_GET_resp_2xx],5877,3,3,0,0,0,0,0,0,0,0,0,0,0,0,0
5878,[X0_X1_GET_resp_2xx],5878,0,0,0,0,0,0,0,0,0,0,0,0,0,0,0
5879,REST_X0,5879,2,0,0,0,0,0,0,0,0,0,0,0,0,0,0
5880,[X0_X1_GET_req],5880,3,1,0,0,0,0,0,0,0,0,0,0,0,0,0
5881,REST_X1,5881,3,2,0,0,0,0,0,0,0,0,0,0,0,0,0
5882,REST_X1,5882,3,5,0,0,0,0,0,0,0,0,0,0,0,0,0
5883,[X1_X2_GET_req],5883,3,6,1,0,0,0,0,0,0,0,0,0,0,0,0
5884,REST_X2,5884,3,6,2,0,0,0,0,0,0,0,0,0,0,0,0
5885,REST_X2,5885,3,6,3,0,0,0,0,0,0,0,0,0,0,0,0
5886,[X1_X2_GET_resp_2xx],5886,3,3,0,0,0,0,0,0,0,0,0,0,0,0,0
5887,[X0_X1_GET_resp_2xx],5887,0,0,0,0,0,0,0,0,0,0,0,0,0,0,0
5888,REST_X0,5888,2,0,0,0,0,0,0,0,0,0,0,0,0,0,0
5889,[X0_X1_GET_req],5889,3,1,0,0,0,0,0,0,0,0,0,0,0,0,0
5890,REST_X1,5890,3,2,0,0,0,0,0,0,0,0,0,0,0,0,0
5891,REST_X1,5891,3,9,0,0,0,0,0,0,0,0,0,0,0,0,0
5892,[X1_X12_GET_req],5892,3,10,0,0,0,0,0,0,0,0,0,0,1,0,0
5893,REST_X12,5893,3,10,0,0,0,0,0,0,0,0,0,0,2,0,0
5894,REST_X12,5894,3,10,0,0,0,0,0,0,0,0,0,0,5,0,0
5895,[X12_X6_GET_req],5895,3,10,0,0,0,0,1,0,0,0,0,0,6,0,0
5896,REST_X6,5896,3,10,0,0,0,0,2,0,0,0,0,0,6,0,0
5897,REST_X6,5897,3,10,0,0,0,0,9,0,0,0,0,0,6,0,0
5898,[X6_X8_GET_req],5898,3,10,0,0,0,0,10,0,1,0,0,0,6,0,0
5899,REST_X8,5899,3,10,0,0,0,0,10,0,2,0,0,0,6,0,0
5900,REST_X8,5900,3,10,0,0,0,0,10,0,3,0,0,0,6,0,0
5901,[X6_X8_GET_resp_2xx],5901,3,10,0,0,0,0,3,0,0,0,0,0,6,0,0
5902,[X12_X6_GET_resp_2xx],5902,3,10,0,0,0,0,0,0,0,0,0,0,3,0,0
5903,[X1_X12_GET_resp_2xx],5903,3,3,0,0,0,0,0,0,0,0,0,0,0,0,0
5904,[X0_X1_GET_resp_2xx],5904,0,0,0,0,0,0,0,0,0,0,0,0,0,0,0
5905,REST_X0,5905,2,0,0,0,0,0,0,0,0,0,0,0,0,0,0
5906,[X0_X1_GET_req],5906,3,1,0,0,0,0,0,0,0,0,0,0,0,0,0
5907,REST_X1,5907,3,2,0,0,0,0,0,0,0,0,0,0,0,0,0
5908,REST_X1,5908,3,9,0,0,0,0,0,0,0,0,0,0,0,0,0
5909,[X1_X12_GET_req],5909,3,10,0,0,0,0,0,0,0,0,0,0,1,0,0
5910,REST_X12,5910,3,10,0,0,0,0,0,0,0,0,0,0,2,0,0
5911,REST_X12,5911,3,10,0,0,0,0,0,0,0,0,0,0,5,0,0
5912,[X12_X6_GET_req],5912,3,10,0,0,0,0,1,0,0,0,0,0,6,0,0
5913,REST_X6,5913,3,10,0,0,0,0,2,0,0,0,0,0,6,0,0
5914,REST_X6,5914,3,10,0,0,0,0,9,0,0,0,0,0,6,0,0
5915,[X6_X8_GET_req],5915,3,10,0,0,0,0,10,0,1,0,0,0,6,0,0
5916,REST_X8,5916,3,10,0,0,0,0,10,0,2,0,0,0,6,0,0
5917,REST_X8,5917,3,10,0,0,0,0,10,0,4,0,0,0,6,0,0
5918,[X6_X8_GET_resp_5xx],5918,3,10,0,0,0,0,11,0,0,0,0,0,6,0,0
5919,[X6_X8_GET_req],5919,3,10,0,0,0,0,12,0,1,0,0,0,6,0,0
5920,REST_X8,5920,3,10,0,0,0,0,12,0,2,0,0,0,6,0,0
5921,REST_X8,5921,3,10,0,0,0,0,12,0,3,0,0,0,6,0,0
5922,[X6_X8_GET_resp_2xx],5922,3,10,0,0,0,0,3,0,0,0,0,0,6,0,0
5923,[X12_X6_GET_resp_2xx],5923,3,10,0,0,0,0,0,0,0,0,0,0,3,0,0
5924,[X1_X12_GET_resp_2xx],5924,3,3,0,0,0,0,0,0,0,0,0,0,0,0,0
5925,[X0_X1_GET_resp_2xx],5925,0,0,0,0,0,0,0,0,0,0,0,0,0,0,0
5926,REST_X0,5926,2,0,0,0,0,0,0,0,0,0,0,0,0,0,0
5927,[X0_X1_GET_req],5927,3,1,0,0,0,0,0,0,0,0,0,0,0,0,0
5928,REST_X1,5928,3,2,0,0,0,0,0,0,0,0,0,0,0,0,0
5929,REST_X1,5929,3,9,0,0,0,0,0,0,0,0,0,0,0,0,0
5930,[X1_X12_GET_req],5930,3,10,0,0,0,0,0,0,0,0,0,0,1,0,0
5931,REST_X12,5931,3,10,0,0,0,0,0,0,0,0,0,0,2,0,0
5932,REST_X12,5932,3,10,0,0,0,0,0,0,0,0,0,0,5,0,0
5933,[X12_X6_GET_req],5933,3,10,0,0,0,0,1,0,0,0,0,0,6,0,0
5934,REST_X6,5934,3,10,0,0,0,0,2,0,0,0,0,0,6,0,0
5935,REST_X6,5935,3,10,0,0,0,0,13,0,0,0,0,0,6,0,0
5936,[X6_X7_GET_req],5936,3,10,0,0,0,0,14,1,0,0,0,0,6,0,0
5937,REST_X7,5937,3,10,0,0,0,0,14,2,0,0,0,0,6,0,0
5938,REST_X7,5938,3,10,0,0,0,0,14,9,0,0,0,0,6,0,0
5939,[X7_X9_GET_req],5939,3,10,0,0,0,0,14,10,0,1,0,0,6,0,0
5940,REST_X9,5940,3,10,0,0,0,0,14,10,0,2,0,0,6,0,0
5941,REST_X9,5941,3,10,0,0,0,0,14,10,0,9,0,0,6,0,0
5942,[X9_X4_GET_req],5942,3,10,0,0,1,0,14,10,0,10,0,0,6,0,0
5943,REST_X4,5943,3,10,0,0,2,0,14,10,0,10,0,0,6,0,0
5944,REST_X4,5944,3,10,0,0,9,0,14,10,0,10,0,0,6,0,0
5945,[X4_X14_GET_req],5945,3,10,0,0,10,0,14,10,0,10,0,0,6,0,1
5946,REST_X14,5946,3,10,0,0,10,0,14,10,0,10,0,0,6,0,2
5947,REST_X14,5947,3,10,0,0,10,0,14,10,0,10,0,0,6,0,5
5948,[X14_X13_GET_req],5948,3,10,0,0,10,0,14,10,0,10,0,0,6,1,6
5949,REST_X13,5949,3,10,0,0,10,0,14,10,0,10,0,0,6,2,6
5950,REST_X13,5950,3,10,0,0,10,0,14,10,0,10,0,0,6,3,6
5951,[X14_X13_GET_resp_2xx],5951,3,10,0,0,10,0,14,10,0,10,0,0,6,0,3
5952,[X4_X14_GET_resp_2xx],5952,3,10,0,0,3,0,14,10,0,10,0,0,6,0,0
5953,[X9_X4_GET_resp_2xx],5953,3,10,0,0,0,0,14,10,0,3,0,0,6,0,0
5954,[X7_X9_GET_resp_2xx],5954,3,10,0,0,0,0,14,3,0,0,0,0,6,0,0
5955,[X6_X7_GET_resp_2xx],5955,3,10,0,0,0,0,3,0,0,0,0,0,6,0,0
5956,[X12_X6_GET_resp_2xx],5956,3,10,0,0,0,0,0,0,0,0,0,0,3,0,0
5957,[X1_X12_GET_resp_2xx],5957,3,3,0,0,0,0,0,0,0,0,0,0,0,0,0
5958,[X0_X1_GET_resp_2xx],5958,0,0,0,0,0,0,0,0,0,0,0,0,0,0,0
5959,REST_X0,5959,2,0,0,0,0,0,0,0,0,0,0,0,0,0,0
5960,[X0_X1_GET_req],5960,3,1,0,0,0,0,0,0,0,0,0,0,0,0,0
5961,REST_X1,5961,3,2,0,0,0,0,0,0,0,0,0,0,0,0,0
5962,REST_X1,5962,3,5,0,0,0,0,0,0,0,0,0,0,0,0,0
5963,[X1_X2_GET_req],5963,3,6,1,0,0,0,0,0,0,0,0,0,0,0,0
5964,REST_X2,5964,3,6,2,0,0,0,0,0,0,0,0,0,0,0,0
5965,REST_X2,5965,3,6,3,0,0,0,0,0,0,0,0,0,0,0,0
5966,[X1_X2_GET_resp_2xx],5966,3,3,0,0,0,0,0,0,0,0,0,0,0,0,0
5967,[X0_X1_GET_resp_2xx],5967,0,0,0,0,0,0,0,0,0,0,0,0,0,0,0
5968,REST_X0,5968,2,0,0,0,0,0,0,0,0,0,0,0,0,0,0
5969,[X0_X1_GET_req],5969,3,1,0,0,0,0,0,0,0,0,0,0,0,0,0
5970,REST_X1,5970,3,2,0,0,0,0,0,0,0,0,0,0,0,0,0
5971,REST_X1,5971,3,5,0,0,0,0,0,0,0,0,0,0,0,0,0
5972,[X1_X2_GET_req],5972,3,6,1,0,0,0,0,0,0,0,0,0,0,0,0
5973,REST_X2,5973,3,6,2,0,0,0,0,0,0,0,0,0,0,0,0
5974,REST_X2,5974,3,6,3,0,0,0,0,0,0,0,0,0,0,0,0
5975,[X1_X2_GET_resp_2xx],5975,3,3,0,0,0,0,0,0,0,0,0,0,0,0,0
5976,[X0_X1_GET_resp_2xx],5976,0,0,0,0,0,0,0,0,0,0,0,0,0,0,0
5977,REST_X0,5977,2,0,0,0,0,0,0,0,0,0,0,0,0,0,0
5978,[X0_X1_GET_req],5978,3,1,0,0,0,0,0,0,0,0,0,0,0,0,0
5979,REST_X1,5979,3,2,0,0,0,0,0,0,0,0,0,0,0,0,0
5980,REST_X1,5980,3,5,0,0,0,0,0,0,0,0,0,0,0,0,0
5981,[X1_X2_GET_req],5981,3,6,1,0,0,0,0,0,0,0,0,0,0,0,0
5982,REST_X2,5982,3,6,2,0,0,0,0,0,0,0,0,0,0,0,0
5983,REST_X2,5983,3,6,3,0,0,0,0,0,0,0,0,0,0,0,0
5984,[X1_X2_GET_resp_2xx],5984,3,3,0,0,0,0,0,0,0,0,0,0,0,0,0
5985,[X0_X1_GET_resp_2xx],5985,0,0,0,0,0,0,0,0,0,0,0,0,0,0,0
5986,REST_X0,5986,2,0,0,0,0,0,0,0,0,0,0,0,0,0,0
5987,[X0_X1_GET_req],5987,3,1,0,0,0,0,0,0,0,0,0,0,0,0,0
5988,REST_X1,5988,3,2,0,0,0,0,0,0,0,0,0,0,0,0,0
5989,REST_X1,5989,3,5,0,0,0,0,0,0,0,0,0,0,0,0,0
5990,[X1_X2_GET_req],5990,3,6,1,0,0,0,0,0,0,0,0,0,0,0,0
5991,REST_X2,5991,3,6,2,0,0,0,0,0,0,0,0,0,0,0,0
5992,REST_X2,5992,3,6,4,0,0,0,0,0,0,0,0,0,0,0,0
5993,[X1_X2_GET_resp_5xx],5993,3,7,0,0,0,0,0,0,0,0,0,0,0,0,0
5994,[X1_X2_GET_req],5994,3,8,1,0,0,0,0,0,0,0,0,0,0,0,0
5995,REST_X2,5995,3,8,2,0,0,0,0,0,0,0,0,0,0,0,0
5996,REST_X2,5996,3,8,3,0,0,0,0,0,0,0,0,0,0,0,0
5997,[X1_X2_GET_resp_2xx],5997,3,3,0,0,0,0,0,0,0,0,0,0,0,0,0
5998,[X0_X1_GET_resp_2xx],5998,0,0,0,0,0,0,0,0,0,0,0,0,0,0,0
5999,REST_X0,5999,2,0,0,0,0,0,0,0,0,0,0,0,0,0,0
6000,[X0_X1_GET_req],6000,3,1,0,0,0,0,0,0,0,0,0,0,0,0,0
6001,REST_X1,6001,3,2,0,0,0,0,0,0,0,0,0,0,0,0,0
6002,REST_X1,6002,3,5,0,0,0,0,0,0,0,0,0,0,0,0,0
6003,[X1_X2_GET_req],6003,3,6,1,0,0,0,0,0,0,0,0,0,0,0,0
6004,REST_X2,6004,3,6,2,0,0,0,0,0,0,0,0,0,0,0,0
6005,REST_X2,6005,3,6,3,0,0,0,0,0,0,0,0,0,0,0,0
6006,[X1_X2_GET_resp_2xx],6006,3,3,0,0,0,0,0,0,0,0,0,0,0,0,0
6007,[X0_X1_GET_resp_2xx],6007,0,0,0,0,0,0,0,0,0,0,0,0,0,0,0
6008,REST_X0,6008,2,0,0,0,0,0,0,0,0,0,0,0,0,0,0
6009,[X0_X1_GET_req],6009,3,1,0,0,0,0,0,0,0,0,0,0,0,0,0
6010,REST_X1,6010,3,2,0,0,0,0,0,0,0,0,0,0,0,0,0
6011,REST_X1,6011,3,9,0,0,0,0,0,0,0,0,0,0,0,0,0
6012,[X1_X12_GET_req],6012,3,10,0,0,0,0,0,0,0,0,0,0,1,0,0
6013,REST_X12,6013,3,10,0,0,0,0,0,0,0,0,0,0,2,0,0
6014,REST_X12,6014,3,10,0,0,0,0,0,0,0,0,0,0,5,0,0
6015,[X12_X6_GET_req],6015,3,10,0,0,0,0,1,0,0,0,0,0,6,0,0
6016,REST_X6,6016,3,10,0,0,0,0,2,0,0,0,0,0,6,0,0
6017,REST_X6,6017,3,10,0,0,0,0,9,0,0,0,0,0,6,0,0
6018,[X6_X8_GET_req],6018,3,10,0,0,0,0,10,0,1,0,0,0,6,0,0
6019,REST_X8,6019,3,10,0,0,0,0,10,0,2,0,0,0,6,0,0
6020,REST_X8,6020,3,10,0,0,0,0,10,0,3,0,0,0,6,0,0
6021,[X6_X8_GET_resp_2xx],6021,3,10,0,0,0,0,3,0,0,0,0,0,6,0,0
6022,[X12_X6_GET_resp_2xx],6022,3,10,0,0,0,0,0,0,0,0,0,0,3,0,0
6023,[X1_X12_GET_resp_2xx],6023,3,3,0,0,0,0,0,0,0,0,0,0,0,0,0
6024,[X0_X1_GET_resp_2xx],6024,0,0,0,0,0,0,0,0,0,0,0,0,0,0,0
6025,REST_X0,6025,2,0,0,0,0,0,0,0,0,0,0,0,0,0,0
6026,[X0_X1_GET_req],6026,3,1,0,0,0,0,0,0,0,0,0,0,0,0,0
6027,REST_X1,6027,3,2,0,0,0,0,0,0,0,0,0,0,0,0,0
6028,REST_X1,6028,3,5,0,0,0,0,0,0,0,0,0,0,0,0,0
6029,[X1_X2_GET_req],6029,3,6,1,0,0,0,0,0,0,0,0,0,0,0,0
6030,REST_X2,6030,3,6,2,0,0,0,0,0,0,0,0,0,0,0,0
6031,REST_X2,6031,3,6,3,0,0,0,0,0,0,0,0,0,0,0,0
6032,[X1_X2_GET_resp_2xx],6032,3,3,0,0,0,0,0,0,0,0,0,0,0,0,0
6033,[X0_X1_GET_resp_2xx],6033,0,0,0,0,0,0,0,0,0,0,0,0,0,0,0
6034,REST_X0,6034,2,0,0,0,0,0,0,0,0,0,0,0,0,0,0
6035,[X0_X1_GET_req],6035,3,1,0,0,0,0,0,0,0,0,0,0,0,0,0
6036,REST_X1,6036,3,2,0,0,0,0,0,0,0,0,0,0,0,0,0
6037,REST_X1,6037,3,5,0,0,0,0,0,0,0,0,0,0,0,0,0
6038,[X1_X2_GET_req],6038,3,6,1,0,0,0,0,0,0,0,0,0,0,0,0
6039,REST_X2,6039,3,6,2,0,0,0,0,0,0,0,0,0,0,0,0
6040,REST_X2,6040,3,6,3,0,0,0,0,0,0,0,0,0,0,0,0
6041,[X1_X2_GET_resp_2xx],6041,3,3,0,0,0,0,0,0,0,0,0,0,0,0,0
6042,[X0_X1_GET_resp_2xx],6042,0,0,0,0,0,0,0,0,0,0,0,0,0,0,0
6043,REST_X0,6043,2,0,0,0,0,0,0,0,0,0,0,0,0,0,0
6044,[X0_X1_GET_req],6044,3,1,0,0,0,0,0,0,0,0,0,0,0,0,0
6045,REST_X1,6045,3,2,0,0,0,0,0,0,0,0,0,0,0,0,0
6046,REST_X1,6046,3,9,0,0,0,0,0,0,0,0,0,0,0,0,0
6047,[X1_X12_GET_req],6047,3,10,0,0,0,0,0,0,0,0,0,0,1,0,0
6048,REST_X12,6048,3,10,0,0,0,0,0,0,0,0,0,0,2,0,0
6049,REST_X12,6049,3,10,0,0,0,0,0,0,0,0,0,0,5,0,0
6050,[X12_X6_GET_req],6050,3,10,0,0,0,0,1,0,0,0,0,0,6,0,0
6051,REST_X6,6051,3,10,0,0,0,0,2,0,0,0,0,0,6,0,0
6052,REST_X6,6052,3,10,0,0,0,0,13,0,0,0,0,0,6,0,0
6053,[X6_X7_GET_req],6053,3,10,0,0,0,0,14,1,0,0,0,0,6,0,0
6054,REST_X7,6054,3,10,0,0,0,0,14,2,0,0,0,0,6,0,0
6055,REST_X7,6055,3,10,0,0,0,0,14,5,0,0,0,0,6,0,0
6056,[X7_X5_GET_req],6056,3,10,0,0,0,1,14,6,0,0,0,0,6,0,0
6057,REST_X5,6057,3,10,0,0,0,2,14,6,0,0,0,0,6,0,0
6058,REST_X5,6058,3,10,0,0,0,4,14,6,0,0,0,0,6,0,0
6059,[X7_X5_GET_resp_5xx],6059,3,10,0,0,0,0,14,7,0,0,0,0,6,0,0
6060,[X7_X5_GET_req],6060,3,10,0,0,0,1,14,8,0,0,0,0,6,0,0
6061,REST_X5,6061,3,10,0,0,0,2,14,8,0,0,0,0,6,0,0
6062,REST_X5,6062,3,10,0,0,0,3,14,8,0,0,0,0,6,0,0
6063,[X7_X5_GET_resp_2xx],6063,3,10,0,0,0,0,14,3,0,0,0,0,6,0,0
6064,[X6_X7_GET_resp_2xx],6064,3,10,0,0,0,0,3,0,0,0,0,0,6,0,0
6065,[X12_X6_GET_resp_2xx],6065,3,10,0,0,0,0,0,0,0,0,0,0,3,0,0
6066,[X1_X12_GET_resp_2xx],6066,3,3,0,0,0,0,0,0,0,0,0,0,0,0,0
6067,[X0_X1_GET_resp_2xx],6067,0,0,0,0,0,0,0,0,0,0,0,0,0,0,0
6068,REST_X0,6068,2,0,0,0,0,0,0,0,0,0,0,0,0,0,0
6069,[X0_X1_GET_req],6069,3,1,0,0,0,0,0,0,0,0,0,0,0,0,0
6070,REST_X1,6070,3,2,0,0,0,0,0,0,0,0,0,0,0,0,0
6071,REST_X1,6071,3,9,0,0,0,0,0,0,0,0,0,0,0,0,0
6072,[X1_X12_GET_req],6072,3,10,0,0,0,0,0,0,0,0,0,0,1,0,0
6073,REST_X12,6073,3,10,0,0,0,0,0,0,0,0,0,0,2,0,0
6074,REST_X12,6074,3,10,0,0,0,0,0,0,0,0,0,0,5,0,0
6075,[X12_X6_GET_req],6075,3,10,0,0,0,0,1,0,0,0,0,0,6,0,0
6076,REST_X6,6076,3,10,0,0,0,0,2,0,0,0,0,0,6,0,0
6077,REST_X6,6077,3,10,0,0,0,0,5,0,0,0,0,0,6,0,0
6078,[X6_X3_GET_req],6078,3,10,0,1,0,0,6,0,0,0,0,0,6,0,0
6079,REST_X3,6079,3,10,0,2,0,0,6,0,0,0,0,0,6,0,0
6080,REST_X3,6080,3,10,0,3,0,0,6,0,0,0,0,0,6,0,0
6081,[X6_X3_GET_resp_2xx],6081,3,10,0,0,0,0,3,0,0,0,0,0,6,0,0
6082,[X12_X6_GET_resp_2xx],6082,3,10,0,0,0,0,0,0,0,0,0,0,3,0,0
6083,[X1_X12_GET_resp_2xx],6083,3,3,0,0,0,0,0,0,0,0,0,0,0,0,0
6084,[X0_X1_GET_resp_2xx],6084,0,0,0,0,0,0,0,0,0,0,0,0,0,0,0
6085,REST_X0,6085,2,0,0,0,0,0,0,0,0,0,0,0,0,0,0
6086,[X0_X1_GET_req],6086,3,1,0,0,0,0,0,0,0,0,0,0,0,0,0
6087,REST_X1,6087,3,2,0,0,0,0,0,0,0,0,0,0,0,0,0
6088,REST_X1,6088,3,5,0,0,0,0,0,0,0,0,0,0,0,0,0
6089,[X1_X2_GET_req],6089,3,6,1,0,0,0,0,0,0,0,0,0,0,0,0
6090,REST_X2,6090,3,6,2,0,0,0,0,0,0,0,0,0,0,0,0
6091,REST_X2,6091,3,6,3,0,0,0,0,0,0,0,0,0,0,0,0
6092,[X1_X2_GET_resp_2xx],6092,3,3,0,0,0,0,0,0,0,0,0,0,0,0,0
6093,[X0_X1_GET_resp_2xx],6093,0,0,0,0,0,0,0,0,0,0,0,0,0,0,0
6094,REST_X0,6094,2,0,0,0,0,0,0,0,0,0,0,0,0,0,0
6095,[X0_X1_GET_req],6095,3,1,0,0,0,0,0,0,0,0,0,0,0,0,0
6096,REST_X1,6096,3,2,0,0,0,0,0,0,0,0,0,0,0,0,0
6097,REST_X1,6097,3,5,0,0,0,0,0,0,0,0,0,0,0,0,0
6098,[X1_X2_GET_req],6098,3,6,1,0,0,0,0,0,0,0,0,0,0,0,0
6099,REST_X2,6099,3,6,2,0,0,0,0,0,0,0,0,0,0,0,0
6100,REST_X2,6100,3,6,3,0,0,0,0,0,0,0,0,0,0,0,0
6101,[X1_X2_GET_resp_2xx],6101,3,3,0,0,0,0,0,0,0,0,0,0,0,0,0
6102,[X0_X1_GET_resp_2xx],6102,0,0,0,0,0,0,0,0,0,0,0,0,0,0,0
6103,REST_X0,6103,2,0,0,0,0,0,0,0,0,0,0,0,0,0,0
6104,[X0_X1_GET_req],6104,3,1,0,0,0,0,0,0,0,0,0,0,0,0,0
6105,REST_X1,6105,3,2,0,0,0,0,0,0,0,0,0,0,0,0,0
6106,REST_X1,6106,3,9,0,0,0,0,0,0,0,0,0,0,0,0,0
6107,[X1_X12_GET_req],6107,3,10,0,0,0,0,0,0,0,0,0,0,1,0,0
6108,REST_X12,6108,3,10,0,0,0,0,0,0,0,0,0,0,2,0,0
6109,REST_X12,6109,3,10,0,0,0,0,0,0,0,0,0,0,5,0,0
6110,[X12_X6_GET_req],6110,3,10,0,0,0,0,1,0,0,0,0,0,6,0,0
6111,REST_X6,6111,3,10,0,0,0,0,2,0,0,0,0,0,6,0,0
6112,REST_X6,6112,3,10,0,0,0,0,5,0,0,0,0,0,6,0,0
6113,[X6_X3_GET_req],6113,3,10,0,1,0,0,6,0,0,0,0,0,6,0,0
6114,REST_X3,6114,3,10,0,2,0,0,6,0,0,0,0,0,6,0,0
6115,REST_X3,6115,3,10,0,3,0,0,6,0,0,0,0,0,6,0,0
6116,[X6_X3_GET_resp_2xx],6116,3,10,0,0,0,0,3,0,0,0,0,0,6,0,0
6117,[X12_X6_GET_resp_2xx],6117,3,10,0,0,0,0,0,0,0,0,0,0,3,0,0
6118,[X1_X12_GET_resp_2xx],6118,3,3,0,0,0,0,0,0,0,0,0,0,0,0,0
6119,[X0_X1_GET_resp_2xx],6119,0,0,0,0,0,0,0,0,0,0,0,0,0,0,0
6120,REST_X0,6120,2,0,0,0,0,0,0,0,0,0,0,0,0,0,0
6121,[X0_X1_GET_req],6121,3,1,0,0,0,0,0,0,0,0,0,0,0,0,0
6122,REST_X1,6122,3,2,0,0,0,0,0,0,0,0,0,0,0,0,0
6123,REST_X1,6123,3,9,0,0,0,0,0,0,0,0,0,0,0,0,0
6124,[X1_X12_GET_req],6124,3,10,0,0,0,0,0,0,0,0,0,0,1,0,0
6125,REST_X12,6125,3,10,0,0,0,0,0,0,0,0,0,0,2,0,0
6126,REST_X12,6126,3,10,0,0,0,0,0,0,0,0,0,0,5,0,0
6127,[X12_X6_GET_req],6127,3,10,0,0,0,0,1,0,0,0,0,0,6,0,0
6128,REST_X6,6128,3,10,0,0,0,0,2,0,0,0,0,0,6,0,0
6129,REST_X6,6129,3,10,0,0,0,0,5,0,0,0,0,0,6,0,0
6130,[X6_X3_GET_req],6130,3,10,0,1,0,0,6,0,0,0,0,0,6,0,0
6131,REST_X3,6131,3,10,0,2,0,0,6,0,0,0,0,0,6,0,0
6132,REST_X3,6132,3,10,0,3,0,0,6,0,0,0,0,0,6,0,0
6133,[X6_X3_GET_resp_2xx],6133,3,10,0,0,0,0,3,0,0,0,0,0,6,0,0
6134,[X12_X6_GET_resp_2xx],6134,3,10,0,0,0,0,0,0,0,0,0,0,3,0,0
6135,[X1_X12_GET_resp_2xx],6135,3,3,0,0,0,0,0,0,0,0,0,0,0,0,0
6136,[X0_X1_GET_resp_2xx],6136,0,0,0,0,0,0,0,0,0,0,0,0,0,0,0
6137,REST_X0,6137,2,0,0,0,0,0,0,0,0,0,0,0,0,0,0
6138,[X0_X1_GET_req],6138,3,1,0,0,0,0,0,0,0,0,0,0,0,0,0
6139,REST_X1,6139,3,2,0,0,0,0,0,0,0,0,0,0,0,0,0
6140,REST_X1,6140,3,9,0,0,0,0,0,0,0,0,0,0,0,0,0
6141,[X1_X12_GET_req],6141,3,10,0,0,0,0,0,0,0,0,0,0,1,0,0
6142,REST_X12,6142,3,10,0,0,0,0,0,0,0,0,0,0,2,0,0
6143,REST_X12,6143,3,10,0,0,0,0,0,0,0,0,0,0,5,0,0
6144,[X12_X6_GET_req],6144,3,10,0,0,0,0,1,0,0,0,0,0,6,0,0
6145,REST_X6,6145,3,10,0,0,0,0,2,0,0,0,0,0,6,0,0
6146,REST_X6,6146,3,10,0,0,0,0,5,0,0,0,0,0,6,0,0
6147,[X6_X3_GET_req],6147,3,10,0,1,0,0,6,0,0,0,0,0,6,0,0
6148,REST_X3,6148,3,10,0,2,0,0,6,0,0,0,0,0,6,0,0
6149,REST_X3,6149,3,10,0,3,0,0,6,0,0,0,0,0,6,0,0
6150,[X6_X3_GET_resp_2xx],6150,3,10,0,0,0,0,3,0,0,0,0,0,6,0,0
6151,[X12_X6_GET_resp_2xx],6151,3,10,0,0,0,0,0,0,0,0,0,0,3,0,0
6152,[X1_X12_GET_resp_2xx],6152,3,3,0,0,0,0,0,0,0,0,0,0,0,0,0
6153,[X0_X1_GET_resp_2xx],6153,0,0,0,0,0,0,0,0,0,0,0,0,0,0,0
6154,REST_X0,6154,2,0,0,0,0,0,0,0,0,0,0,0,0,0,0
6155,[X0_X1_GET_req],6155,3,1,0,0,0,0,0,0,0,0,0,0,0,0,0
6156,REST_X1,6156,3,2,0,0,0,0,0,0,0,0,0,0,0,0,0
6157,REST_X1,6157,3,5,0,0,0,0,0,0,0,0,0,0,0,0,0
6158,[X1_X2_GET_req],6158,3,6,1,0,0,0,0,0,0,0,0,0,0,0,0
6159,REST_X2,6159,3,6,2,0,0,0,0,0,0,0,0,0,0,0,0
6160,REST_X2,6160,3,6,3,0,0,0,0,0,0,0,0,0,0,0,0
6161,[X1_X2_GET_resp_2xx],6161,3,3,0,0,0,0,0,0,0,0,0,0,0,0,0
6162,[X0_X1_GET_resp_2xx],6162,0,0,0,0,0,0,0,0,0,0,0,0,0,0,0
6163,REST_X0,6163,2,0,0,0,0,0,0,0,0,0,0,0,0,0,0
6164,[X0_X1_GET_req],6164,3,1,0,0,0,0,0,0,0,0,0,0,0,0,0
6165,REST_X1,6165,3,2,0,0,0,0,0,0,0,0,0,0,0,0,0
6166,REST_X1,6166,3,9,0,0,0,0,0,0,0,0,0,0,0,0,0
6167,[X1_X12_GET_req],6167,3,10,0,0,0,0,0,0,0,0,0,0,1,0,0
6168,REST_X12,6168,3,10,0,0,0,0,0,0,0,0,0,0,2,0,0
6169,REST_X12,6169,3,10,0,0,0,0,0,0,0,0,0,0,5,0,0
6170,[X12_X6_GET_req],6170,3,10,0,0,0,0,1,0,0,0,0,0,6,0,0
6171,REST_X6,6171,3,10,0,0,0,0,2,0,0,0,0,0,6,0,0
6172,REST_X6,6172,3,10,0,0,0,0,9,0,0,0,0,0,6,0,0
6173,[X6_X8_GET_req],6173,3,10,0,0,0,0,10,0,1,0,0,0,6,0,0
6174,REST_X8,6174,3,10,0,0,0,0,10,0,2,0,0,0,6,0,0
6175,REST_X8,6175,3,10,0,0,0,0,10,0,4,0,0,0,6,0,0
6176,[X6_X8_GET_resp_5xx],6176,3,10,0,0,0,0,11,0,0,0,0,0,6,0,0
6177,[X6_X8_GET_req],6177,3,10,0,0,0,0,12,0,1,0,0,0,6,0,0
6178,REST_X8,6178,3,10,0,0,0,0,12,0,2,0,0,0,6,0,0
6179,REST_X8,6179,3,10,0,0,0,0,12,0,4,0,0,0,6,0,0
6180,[X6_X8_GET_resp_5xx],6180,3,10,0,0,0,0,4,0,0,0,0,0,6,0,0
6181,[X12_X6_GET_resp_5xx],6181,3,10,0,0,0,0,0,0,0,0,0,0,7,0,0
6182,[X12_X6_GET_req],6182,3,10,0,0,0,0,1,0,0,0,0,0,8,0,0
6183,REST_X6,6183,3,10,0,0,0,0,2,0,0,0,0,0,8,0,0
6184,REST_X6,6184,3,10,0,0,0,0,13,0,0,0,0,0,8,0,0
6185,[X6_X7_GET_req],6185,3,10,0,0,0,0,14,1,0,0,0,0,8,0,0
6186,REST_X7,6186,3,10,0,0,0,0,14,2,0,0,0,0,8,0,0
6187,REST_X7,6187,3,10,0,0,0,0,14,5,0,0,0,0,8,0,0
6188,[X7_X5_GET_req],6188,3,10,0,0,0,1,14,6,0,0,0,0,8,0,0
6189,REST_X5,6189,3,10,0,0,0,2,14,6,0,0,0,0,8,0,0
6190,REST_X5,6190,3,10,0,0,0,3,14,6,0,0,0,0,8,0,0
6191,[X7_X5_GET_resp_2xx],6191,3,10,0,0,0,0,14,3,0,0,0,0,8,0,0
6192,[X6_X7_GET_resp_2xx],6192,3,10,0,0,0,0,3,0,0,0,0,0,8,0,0
6193,[X12_X6_GET_resp_2xx],6193,3,10,0,0,0,0,0,0,0,0,0,0,3,0,0
6194,[X1_X12_GET_resp_2xx],6194,3,3,0,0,0,0,0,0,0,0,0,0,0,0,0
6195,[X0_X1_GET_resp_2xx],6195,0,0,0,0,0,0,0,0,0,0,0,0,0,0,0
6196,REST_X0,6196,2,0,0,0,0,0,0,0,0,0,0,0,0,0,0
6197,[X0_X1_GET_req],6197,3,1,0,0,0,0,0,0,0,0,0,0,0,0,0
6198,REST_X1,6198,3,2,0,0,0,0,0,0,0,0,0,0,0,0,0
6199,REST_X1,6199,3,9,0,0,0,0,0,0,0,0,0,0,0,0,0
6200,[X1_X12_GET_req],6200,3,10,0,0,0,0,0,0,0,0,0,0,1,0,0
6201,REST_X12,6201,3,10,0,0,0,0,0,0,0,0,0,0,2,0,0
6202,REST_X12,6202,3,10,0,0,0,0,0,0,0,0,0,0,5,0,0
6203,[X12_X6_GET_req],6203,3,10,0,0,0,0,1,0,0,0,0,0,6,0,0
6204,REST_X6,6204,3,10,0,0,0,0,2,0,0,0,0,0,6,0,0
6205,REST_X6,6205,3,10,0,0,0,0,5,0,0,0,0,0,6,0,0
6206,[X6_X3_GET_req],6206,3,10,0,1,0,0,6,0,0,0,0,0,6,0,0
6207,REST_X3,6207,3,10,0,2,0,0,6,0,0,0,0,0,6,0,0
6208,REST_X3,6208,3,10,0,4,0,0,6,0,0,0,0,0,6,0,0
6209,[X6_X3_GET_resp_5xx],6209,3,10,0,0,0,0,7,0,0,0,0,0,6,0,0
6210,[X6_X3_GET_req],6210,3,10,0,1,0,0,8,0,0,0,0,0,6,0,0
6211,REST_X3,6211,3,10,0,2,0,0,8,0,0,0,0,0,6,0,0
6212,REST_X3,6212,3,10,0,3,0,0,8,0,0,0,0,0,6,0,0
6213,[X6_X3_GET_resp_2xx],6213,3,10,0,0,0,0,3,0,0,0,0,0,6,0,0
6214,[X12_X6_GET_resp_2xx],6214,3,10,0,0,0,0,0,0,0,0,0,0,3,0,0
6215,[X1_X12_GET_resp_2xx],6215,3,3,0,0,0,0,0,0,0,0,0,0,0,0,0
6216,[X0_X1_GET_resp_2xx],6216,0,0,0,0,0,0,0,0,0,0,0,0,0,0,0
6217,REST_X0,6217,2,0,0,0,0,0,0,0,0,0,0,0,0,0,0
6218,[X0_X1_GET_req],6218,3,1,0,0,0,0,0,0,0,0,0,0,0,0,0
6219,REST_X1,6219,3,2,0,0,0,0,0,0,0,0,0,0,0,0,0
6220,REST_X1,6220,3,5,0,0,0,0,0,0,0,0,0,0,0,0,0
6221,[X1_X2_GET_req],6221,3,6,1,0,0,0,0,0,0,0,0,0,0,0,0
6222,REST_X2,6222,3,6,2,0,0,0,0,0,0,0,0,0,0,0,0
6223,REST_X2,6223,3,6,3,0,0,0,0,0,0,0,0,0,0,0,0
6224,[X1_X2_GET_resp_2xx],6224,3,3,0,0,0,0,0,0,0,0,0,0,0,0,0
6225,[X0_X1_GET_resp_2xx],6225,0,0,0,0,0,0,0,0,0,0,0,0,0,0,0
6226,REST_X0,6226,2,0,0,0,0,0,0,0,0,0,0,0,0,0,0
6227,[X0_X1_GET_req],6227,3,1,0,0,0,0,0,0,0,0,0,0,0,0,0
6228,REST_X1,6228,3,2,0,0,0,0,0,0,0,0,0,0,0,0,0
6229,REST_X1,6229,3,5,0,0,0,0,0,0,0,0,0,0,0,0,0
6230,[X1_X2_GET_req],6230,3,6,1,0,0,0,0,0,0,0,0,0,0,0,0
6231,REST_X2,6231,3,6,2,0,0,0,0,0,0,0,0,0,0,0,0
6232,REST_X2,6232,3,6,3,0,0,0,0,0,0,0,0,0,0,0,0
6233,[X1_X2_GET_resp_2xx],6233,3,3,0,0,0,0,0,0,0,0,0,0,0,0,0
6234,[X0_X1_GET_resp_2xx],6234,0,0,0,0,0,0,0,0,0,0,0,0,0,0,0
6235,REST_X0,6235,2,0,0,0,0,0,0,0,0,0,0,0,0,0,0
6236,[X0_X1_GET_req],6236,3,1,0,0,0,0,0,0,0,0,0,0,0,0,0
6237,REST_X1,6237,3,2,0,0,0,0,0,0,0,0,0,0,0,0,0
6238,REST_X1,6238,3,5,0,0,0,0,0,0,0,0,0,0,0,0,0
6239,[X1_X2_GET_req],6239,3,6,1,0,0,0,0,0,0,0,0,0,0,0,0
6240,REST_X2,6240,3,6,2,0,0,0,0,0,0,0,0,0,0,0,0
6241,REST_X2,6241,3,6,3,0,0,0,0,0,0,0,0,0,0,0,0
6242,[X1_X2_GET_resp_2xx],6242,3,3,0,0,0,0,0,0,0,0,0,0,0,0,0
6243,[X0_X1_GET_resp_2xx],6243,0,0,0,0,0,0,0,0,0,0,0,0,0,0,0
6244,REST_X0,6244,2,0,0,0,0,0,0,0,0,0,0,0,0,0,0
6245,[X0_X1_GET_req],6245,3,1,0,0,0,0,0,0,0,0,0,0,0,0,0
6246,REST_X1,6246,3,2,0,0,0,0,0,0,0,0,0,0,0,0,0
6247,REST_X1,6247,3,9,0,0,0,0,0,0,0,0,0,0,0,0,0
6248,[X1_X12_GET_req],6248,3,10,0,0,0,0,0,0,0,0,0,0,1,0,0
6249,REST_X12,6249,3,10,0,0,0,0,0,0,0,0,0,0,2,0,0
6250,REST_X12,6250,3,10,0,0,0,0,0,0,0,0,0,0,5,0,0
6251,[X12_X6_GET_req],6251,3,10,0,0,0,0,1,0,0,0,0,0,6,0,0
6252,REST_X6,6252,3,10,0,0,0,0,2,0,0,0,0,0,6,0,0
6253,REST_X6,6253,3,10,0,0,0,0,13,0,0,0,0,0,6,0,0
6254,[X6_X7_GET_req],6254,3,10,0,0,0,0,14,1,0,0,0,0,6,0,0
6255,REST_X7,6255,3,10,0,0,0,0,14,2,0,0,0,0,6,0,0
6256,REST_X7,6256,3,10,0,0,0,0,14,5,0,0,0,0,6,0,0
6257,[X7_X5_GET_req],6257,3,10,0,0,0,1,14,6,0,0,0,0,6,0,0
6258,REST_X5,6258,3,10,0,0,0,2,14,6,0,0,0,0,6,0,0
6259,REST_X5,6259,3,10,0,0,0,3,14,6,0,0,0,0,6,0,0
6260,[X7_X5_GET_resp_2xx],6260,3,10,0,0,0,0,14,3,0,0,0,0,6,0,0
6261,[X6_X7_GET_resp_2xx],6261,3,10,0,0,0,0,3,0,0,0,0,0,6,0,0
6262,[X12_X6_GET_resp_2xx],6262,3,10,0,0,0,0,0,0,0,0,0,0,3,0,0
6263,[X1_X12_GET_resp_2xx],6263,3,3,0,0,0,0,0,0,0,0,0,0,0,0,0
6264,[X0_X1_GET_resp_2xx],6264,0,0,0,0,0,0,0,0,0,0,0,0,0,0,0
6265,REST_X0,6265,2,0,0,0,0,0,0,0,0,0,0,0,0,0,0
6266,[X0_X1_GET_req],6266,3,1,0,0,0,0,0,0,0,0,0,0,0,0,0
6267,REST_X1,6267,3,2,0,0,0,0,0,0,0,0,0,0,0,0,0
6268,REST_X1,6268,3,9,0,0,0,0,0,0,0,0,0,0,0,0,0
6269,[X1_X12_GET_req],6269,3,10,0,0,0,0,0,0,0,0,0,0,1,0,0
6270,REST_X12,6270,3,10,0,0,0,0,0,0,0,0,0,0,2,0,0
6271,REST_X12,6271,3,10,0,0,0,0,0,0,0,0,0,0,5,0,0
6272,[X12_X6_GET_req],6272,3,10,0,0,0,0,1,0,0,0,0,0,6,0,0
6273,REST_X6,6273,3,10,0,0,0,0,2,0,0,0,0,0,6,0,0
6274,REST_X6,6274,3,10,0,0,0,0,13,0,0,0,0,0,6,0,0
6275,[X6_X7_GET_req],6275,3,10,0,0,0,0,14,1,0,0,0,0,6,0,0
6276,REST_X7,6276,3,10,0,0,0,0,14,2,0,0,0,0,6,0,0
6277,REST_X7,6277,3,10,0,0,0,0,14,5,0,0,0,0,6,0,0
6278,[X7_X5_GET_req],6278,3,10,0,0,0,1,14,6,0,0,0,0,6,0,0
6279,REST_X5,6279,3,10,0,0,0,2,14,6,0,0,0,0,6,0,0
6280,REST_X5,6280,3,10,0,0,0,3,14,6,0,0,0,0,6,0,0
6281,[X7_X5_GET_resp_2xx],6281,3,10,0,0,0,0,14,3,0,0,0,0,6,0,0
6282,[X6_X7_GET_resp_2xx],6282,3,10,0,0,0,0,3,0,0,0,0,0,6,0,0
6283,[X12_X6_GET_resp_2xx],6283,3,10,0,0,0,0,0,0,0,0,0,0,3,0,0
6284,[X1_X12_GET_resp_2xx],6284,3,3,0,0,0,0,0,0,0,0,0,0,0,0,0
6285,[X0_X1_GET_resp_2xx],6285,0,0,0,0,0,0,0,0,0,0,0,0,0,0,0
6286,REST_X0,6286,2,0,0,0,0,0,0,0,0,0,0,0,0,0,0
6287,[X0_X1_GET_req],6287,3,1,0,0,0,0,0,0,0,0,0,0,0,0,0
6288,REST_X1,6288,3,2,0,0,0,0,0,0,0,0,0,0,0,0,0
6289,REST_X1,6289,3,9,0,0,0,0,0,0,0,0,0,0,0,0,0
6290,[X1_X12_GET_req],6290,3,10,0,0,0,0,0,0,0,0,0,0,1,0,0
6291,REST_X12,6291,3,10,0,0,0,0,0,0,0,0,0,0,2,0,0
6292,REST_X12,6292,3,10,0,0,0,0,0,0,0,0,0,0,5,0,0
6293,[X12_X6_GET_req],6293,3,10,0,0,0,0,1,0,0,0,0,0,6,0,0
6294,REST_X6,6294,3,10,0,0,0,0,2,0,0,0,0,0,6,0,0
6295,REST_X6,6295,3,10,0,0,0,0,13,0,0,0,0,0,6,0,0
6296,[X6_X7_GET_req],6296,3,10,0,0,0,0,14,1,0,0,0,0,6,0,0
6297,REST_X7,6297,3,10,0,0,0,0,14,2,0,0,0,0,6,0,0
6298,REST_X7,6298,3,10,0,0,0,0,14,9,0,0,0,0,6,0,0
6299,[X7_X9_GET_req],6299,3,10,0,0,0,0,14,10,0,1,0,0,6,0,0
6300,REST_X9,6300,3,10,0,0,0,0,14,10,0,2,0,0,6,0,0
6301,REST_X9,6301,3,10,0,0,0,0,14,10,0,5,0,0,6,0,0
6302,[X9_X11_GET_req],6302,3,10,0,0,0,0,14,10,0,6,0,1,6,0,0
6303,REST_X11,6303,3,10,0,0,0,0,14,10,0,6,0,2,6,0,0
6304,REST_X11,6304,3,10,0,0,0,0,14,10,0,6,0,3,6,0,0
6305,[X9_X11_GET_resp_2xx],6305,3,10,0,0,0,0,14,10,0,3,0,0,6,0,0
6306,[X7_X9_GET_resp_2xx],6306,3,10,0,0,0,0,14,3,0,0,0,0,6,0,0
6307,[X6_X7_GET_resp_2xx],6307,3,10,0,0,0,0,3,0,0,0,0,0,6,0,0
6308,[X12_X6_GET_resp_2xx],6308,3,10,0,0,0,0,0,0,0,0,0,0,3,0,0
6309,[X1_X12_GET_resp_2xx],6309,3,3,0,0,0,0,0,0,0,0,0,0,0,0,0
6310,[X0_X1_GET_resp_2xx],6310,0,0,0,0,0,0,0,0,0,0,0,0,0,0,0
6311,REST_X0,6311,2,0,0,0,0,0,0,0,0,0,0,0,0,0,0
6312,[X0_X1_GET_req],6312,3,1,0,0,0,0,0,0,0,0,0,0,0,0,0
6313,REST_X1,6313,3,2,0,0,0,0,0,0,0,0,0,0,0,0,0
6314,REST_X1,6314,3,9,0,0,0,0,0,0,0,0,0,0,0,0,0
6315,[X1_X12_GET_req],6315,3,10,0,0,0,0,0,0,0,0,0,0,1,0,0
6316,REST_X12,6316,3,10,0,0,0,0,0,0,0,0,0,0,2,0,0
6317,REST_X12,6317,3,10,0,0,0,0,0,0,0,0,0,0,5,0,0
6318,[X12_X6_GET_req],6318,3,10,0,0,0,0,1,0,0,0,0,0,6,0,0
6319,REST_X6,6319,3,10,0,0,0,0,2,0,0,0,0,0,6,0,0
6320,REST_X6,6320,3,10,0,0,0,0,9,0,0,0,0,0,6,0,0
6321,[X6_X8_GET_req],6321,3,10,0,0,0,0,10,0,1,0,0,0,6,0,0
6322,REST_X8,6322,3,10,0,0,0,0,10,0,2,0,0,0,6,0,0
6323,REST_X8,6323,3,10,0,0,0,0,10,0,3,0,0,0,6,0,0
6324,[X6_X8_GET_resp_2xx],6324,3,10,0,0,0,0,3,0,0,0,0,0,6,0,0
6325,[X12_X6_GET_resp_2xx],6325,3,10,0,0,0,0,0,0,0,0,0,0,3,0,0
6326,[X1_X12_GET_resp_2xx],6326,3,3,0,0,0,0,0,0,0,0,0,0,0,0,0
6327,[X0_X1_GET_resp_2xx],6327,0,0,0,0,0,0,0,0,0,0,0,0,0,0,0
6328,REST_X0,6328,2,0,0,0,0,0,0,0,0,0,0,0,0,0,0
6329,[X0_X1_GET_req],6329,3,1,0,0,0,0,0,0,0,0,0,0,0,0,0
6330,REST_X1,6330,3,2,0,0,0,0,0,0,0,0,0,0,0,0,0
6331,REST_X1,6331,3,9,0,0,0,0,0,0,0,0,0,0,0,0,0
6332,[X1_X12_GET_req],6332,3,10,0,0,0,0,0,0,0,0,0,0,1,0,0
6333,REST_X12,6333,3,10,0,0,0,0,0,0,0,0,0,0,2,0,0
6334,REST_X12,6334,3,10,0,0,0,0,0,0,0,0,0,0,5,0,0
6335,[X12_X6_GET_req],6335,3,10,0,0,0,0,1,0,0,0,0,0,6,0,0
6336,REST_X6,6336,3,10,0,0,0,0,2,0,0,0,0,0,6,0,0
6337,REST_X6,6337,3,10,0,0,0,0,13,0,0,0,0,0,6,0,0
6338,[X6_X7_GET_req],6338,3,10,0,0,0,0,14,1,0,0,0,0,6,0,0
6339,REST_X7,6339,3,10,0,0,0,0,14,2,0,0,0,0,6,0,0
6340,REST_X7,6340,3,10,0,0,0,0,14,5,0,0,0,0,6,0,0
6341,[X7_X5_GET_req],6341,3,10,0,0,0,1,14,6,0,0,0,0,6,0,0
6342,REST_X5,6342,3,10,0,0,0,2,14,6,0,0,0,0,6,0,0
6343,REST_X5,6343,3,10,0,0,0,3,14,6,0,0,0,0,6,0,0
6344,[X7_X5_GET_resp_2xx],6344,3,10,0,0,0,0,14,3,0,0,0,0,6,0,0
6345,[X6_X7_GET_resp_2xx],6345,3,10,0,0,0,0,3,0,0,0,0,0,6,0,0
6346,[X12_X6_GET_resp_2xx],6346,3,10,0,0,0,0,0,0,0,0,0,0,3,0,0
6347,[X1_X12_GET_resp_2xx],6347,3,3,0,0,0,0,0,0,0,0,0,0,0,0,0
6348,[X0_X1_GET_resp_2xx],6348,0,0,0,0,0,0,0,0,0,0,0,0,0,0,0
6349,REST_X0,6349,2,0,0,0,0,0,0,0,0,0,0,0,0,0,0
6350,[X0_X1_GET_req],6350,3,1,0,0,0,0,0,0,0,0,0,0,0,0,0
6351,REST_X1,6351,3,2,0,0,0,0,0,0,0,0,0,0,0,0,0
6352,REST_X1,6352,3,5,0,0,0,0,0,0,0,0,0,0,0,0,0
6353,[X1_X2_GET_req],6353,3,6,1,0,0,0,0,0,0,0,0,0,0,0,0
6354,REST_X2,6354,3,6,2,0,0,0,0,0,0,0,0,0,0,0,0
6355,REST_X2,6355,3,6,3,0,0,0,0,0,0,0,0,0,0,0,0
6356,[X1_X2_GET_resp_2xx],6356,3,3,0,0,0,0,0,0,0,0,0,0,0,0,0
6357,[X0_X1_GET_resp_2xx],6357,0,0,0,0,0,0,0,0,0,0,0,0,0,0,0
6358,REST_X0,6358,2,0,0,0,0,0,0,0,0,0,0,0,0,0,0
6359,[X0_X1_GET_req],6359,3,1,0,0,0,0,0,0,0,0,0,0,0,0,0
6360,REST_X1,6360,3,2,0,0,0,0,0,0,0,0,0,0,0,0,0
6361,REST_X1,6361,3,5,0,0,0,0,0,0,0,0,0,0,0,0,0
6362,[X1_X2_GET_req],6362,3,6,1,0,0,0,0,0,0,0,0,0,0,0,0
6363,REST_X2,6363,3,6,2,0,0,0,0,0,0,0,0,0,0,0,0
6364,REST_X2,6364,3,6,3,0,0,0,0,0,0,0,0,0,0,0,0
6365,[X1_X2_GET_resp_2xx],6365,3,3,0,0,0,0,0,0,0,0,0,0,0,0,0
6366,[X0_X1_GET_resp_2xx],6366,0,0,0,0,0,0,0,0,0,0,0,0,0,0,0
6367,REST_X0,6367,2,0,0,0,0,0,0,0,0,0,0,0,0,0,0
6368,[X0_X1_GET_req],6368,3,1,0,0,0,0,0,0,0,0,0,0,0,0,0
6369,REST_X1,6369,3,2,0,0,0,0,0,0,0,0,0,0,0,0,0
6370,REST_X1,6370,3,9,0,0,0,0,0,0,0,0,0,0,0,0,0
6371,[X1_X12_GET_req],6371,3,10,0,0,0,0,0,0,0,0,0,0,1,0,0
6372,REST_X12,6372,3,10,0,0,0,0,0,0,0,0,0,0,2,0,0
6373,REST_X12,6373,3,10,0,0,0,0,0,0,0,0,0,0,5,0,0
6374,[X12_X6_GET_req],6374,3,10,0,0,0,0,1,0,0,0,0,0,6,0,0
6375,REST_X6,6375,3,10,0,0,0,0,2,0,0,0,0,0,6,0,0
6376,REST_X6,6376,3,10,0,0,0,0,9,0,0,0,0,0,6,0,0
6377,[X6_X8_GET_req],6377,3,10,0,0,0,0,10,0,1,0,0,0,6,0,0
6378,REST_X8,6378,3,10,0,0,0,0,10,0,2,0,0,0,6,0,0
6379,REST_X8,6379,3,10,0,0,0,0,10,0,3,0,0,0,6,0,0
6380,[X6_X8_GET_resp_2xx],6380,3,10,0,0,0,0,3,0,0,0,0,0,6,0,0
6381,[X12_X6_GET_resp_2xx],6381,3,10,0,0,0,0,0,0,0,0,0,0,3,0,0
6382,[X1_X12_GET_resp_2xx],6382,3,3,0,0,0,0,0,0,0,0,0,0,0,0,0
6383,[X0_X1_GET_resp_2xx],6383,0,0,0,0,0,0,0,0,0,0,0,0,0,0,0
6384,REST_X0,6384,2,0,0,0,0,0,0,0,0,0,0,0,0,0,0
6385,[X0_X1_GET_req],6385,3,1,0,0,0,0,0,0,0,0,0,0,0,0,0
6386,REST_X1,6386,3,2,0,0,0,0,0,0,0,0,0,0,0,0,0
6387,REST_X1,6387,3,5,0,0,0,0,0,0,0,0,0,0,0,0,0
6388,[X1_X2_GET_req],6388,3,6,1,0,0,0,0,0,0,0,0,0,0,0,0
6389,REST_X2,6389,3,6,2,0,0,0,0,0,0,0,0,0,0,0,0
6390,REST_X2,6390,3,6,4,0,0,0,0,0,0,0,0,0,0,0,0
6391,[X1_X2_GET_resp_5xx],6391,3,7,0,0,0,0,0,0,0,0,0,0,0,0,0
6392,[X1_X2_GET_req],6392,3,8,1,0,0,0,0,0,0,0,0,0,0,0,0
6393,REST_X2,6393,3,8,2,0,0,0,0,0,0,0,0,0,0,0,0
6394,REST_X2,6394,3,8,3,0,0,0,0,0,0,0,0,0,0,0,0
6395,[X1_X2_GET_resp_2xx],6395,3,3,0,0,0,0,0,0,0,0,0,0,0,0,0
6396,[X0_X1_GET_resp_2xx],6396,0,0,0,0,0,0,0,0,0,0,0,0,0,0,0
6397,REST_X0,6397,2,0,0,0,0,0,0,0,0,0,0,0,0,0,0
6398,[X0_X1_GET_req],6398,3,1,0,0,0,0,0,0,0,0,0,0,0,0,0
6399,REST_X1,6399,3,2,0,0,0,0,0,0,0,0,0,0,0,0,0
6400,REST_X1,6400,3,9,0,0,0,0,0,0,0,0,0,0,0,0,0
6401,[X1_X12_GET_req],6401,3,10,0,0,0,0,0,0,0,0,0,0,1,0,0
6402,REST_X12,6402,3,10,0,0,0,0,0,0,0,0,0,0,2,0,0
6403,REST_X12,6403,3,10,0,0,0,0,0,0,0,0,0,0,5,0,0
6404,[X12_X6_GET_req],6404,3,10,0,0,0,0,1,0,0,0,0,0,6,0,0
6405,REST_X6,6405,3,10,0,0,0,0,2,0,0,0,0,0,6,0,0
6406,REST_X6,6406,3,10,0,0,0,0,9,0,0,0,0,0,6,0,0
6407,[X6_X8_GET_req],6407,3,10,0,0,0,0,10,0,1,0,0,0,6,0,0
6408,REST_X8,6408,3,10,0,0,0,0,10,0,2,0,0,0,6,0,0
6409,REST_X8,6409,3,10,0,0,0,0,10,0,3,0,0,0,6,0,0
6410,[X6_X8_GET_resp_2xx],6410,3,10,0,0,0,0,3,0,0,0,0,0,6,0,0
6411,[X12_X6_GET_resp_2xx],6411,3,10,0,0,0,0,0,0,0,0,0,0,3,0,0
6412,[X1_X12_GET_resp_2xx],6412,3,3,0,0,0,0,0,0,0,0,0,0,0,0,0
6413,[X0_X1_GET_resp_2xx],6413,0,0,0,0,0,0,0,0,0,0,0,0,0,0,0
6414,REST_X0,6414,2,0,0,0,0,0,0,0,0,0,0,0,0,0,0
6415,[X0_X1_GET_req],6415,3,1,0,0,0,0,0,0,0,0,0,0,0,0,0
6416,REST_X1,6416,3,2,0,0,0,0,0,0,0,0,0,0,0,0,0
6417,REST_X1,6417,3,5,0,0,0,0,0,0,0,0,0,0,0,0,0
6418,[X1_X2_GET_req],6418,3,6,1,0,0,0,0,0,0,0,0,0,0,0,0
6419,REST_X2,6419,3,6,2,0,0,0,0,0,0,0,0,0,0,0,0
6420,REST_X2,6420,3,6,3,0,0,0,0,0,0,0,0,0,0,0,0
6421,[X1_X2_GET_resp_2xx],6421,3,3,0,0,0,0,0,0,0,0,0,0,0,0,0
6422,[X0_X1_GET_resp_2xx],6422,0,0,0,0,0,0,0,0,0,0,0,0,0,0,0
6423,REST_X0,6423,2,0,0,0,0,0,0,0,0,0,0,0,0,0,0
6424,[X0_X1_GET_req],6424,3,1,0,0,0,0,0,0,0,0,0,0,0,0,0
6425,REST_X1,6425,3,2,0,0,0,0,0,0,0,0,0,0,0,0,0
6426,REST_X1,6426,3,5,0,0,0,0,0,0,0,0,0,0,0,0,0
6427,[X1_X2_GET_req],6427,3,6,1,0,0,0,0,0,0,0,0,0,0,0,0
6428,REST_X2,6428,3,6,2,0,0,0,0,0,0,0,0,0,0,0,0
6429,REST_X2,6429,3,6,3,0,0,0,0,0,0,0,0,0,0,0,0
6430,[X1_X2_GET_resp_2xx],6430,3,3,0,0,0,0,0,0,0,0,0,0,0,0,0
6431,[X0_X1_GET_resp_2xx],6431,0,0,0,0,0,0,0,0,0,0,0,0,0,0,0
6432,REST_X0,6432,2,0,0,0,0,0,0,0,0,0,0,0,0,0,0
6433,[X0_X1_GET_req],6433,3,1,0,0,0,0,0,0,0,0,0,0,0,0,0
6434,REST_X1,6434,3,2,0,0,0,0,0,0,0,0,0,0,0,0,0
6435,REST_X1,6435,3,5,0,0,0,0,0,0,0,0,0,0,0,0,0
6436,[X1_X2_GET_req],6436,3,6,1,0,0,0,0,0,0,0,0,0,0,0,0
6437,REST_X2,6437,3,6,2,0,0,0,0,0,0,0,0,0,0,0,0
6438,REST_X2,6438,3,6,3,0,0,0,0,0,0,0,0,0,0,0,0
6439,[X1_X2_GET_resp_2xx],6439,3,3,0,0,0,0,0,0,0,0,0,0,0,0,0
6440,[X0_X1_GET_resp_2xx],6440,0,0,0,0,0,0,0,0,0,0,0,0,0,0,0
6441,REST_X0,6441,2,0,0,0,0,0,0,0,0,0,0,0,0,0,0
6442,[X0_X1_GET_req],6442,3,1,0,0,0,0,0,0,0,0,0,0,0,0,0
6443,REST_X1,6443,3,2,0,0,0,0,0,0,0,0,0,0,0,0,0
6444,REST_X1,6444,3,5,0,0,0,0,0,0,0,0,0,0,0,0,0
6445,[X1_X2_GET_req],6445,3,6,1,0,0,0,0,0,0,0,0,0,0,0,0
6446,REST_X2,6446,3,6,2,0,0,0,0,0,0,0,0,0,0,0,0
6447,REST_X2,6447,3,6,3,0,0,0,0,0,0,0,0,0,0,0,0
6448,[X1_X2_GET_resp_2xx],6448,3,3,0,0,0,0,0,0,0,0,0,0,0,0,0
6449,[X0_X1_GET_resp_2xx],6449,0,0,0,0,0,0,0,0,0,0,0,0,0,0,0
6450,REST_X0,6450,2,0,0,0,0,0,0,0,0,0,0,0,0,0,0
6451,[X0_X1_GET_req],6451,3,1,0,0,0,0,0,0,0,0,0,0,0,0,0
6452,REST_X1,6452,3,2,0,0,0,0,0,0,0,0,0,0,0,0,0
6453,REST_X1,6453,3,5,0,0,0,0,0,0,0,0,0,0,0,0,0
6454,[X1_X2_GET_req],6454,3,6,1,0,0,0,0,0,0,0,0,0,0,0,0
6455,REST_X2,6455,3,6,2,0,0,0,0,0,0,0,0,0,0,0,0
6456,REST_X2,6456,3,6,3,0,0,0,0,0,0,0,0,0,0,0,0
6457,[X1_X2_GET_resp_2xx],6457,3,3,0,0,0,0,0,0,0,0,0,0,0,0,0
6458,[X0_X1_GET_resp_2xx],6458,0,0,0,0,0,0,0,0,0,0,0,0,0,0,0
6459,REST_X0,6459,2,0,0,0,0,0,0,0,0,0,0,0,0,0,0
6460,[X0_X1_GET_req],6460,3,1,0,0,0,0,0,0,0,0,0,0,0,0,0
6461,REST_X1,6461,3,2,0,0,0,0,0,0,0,0,0,0,0,0,0
6462,REST_X1,6462,3,5,0,0,0,0,0,0,0,0,0,0,0,0,0
6463,[X1_X2_GET_req],6463,3,6,1,0,0,0,0,0,0,0,0,0,0,0,0
6464,REST_X2,6464,3,6,2,0,0,0,0,0,0,0,0,0,0,0,0
6465,REST_X2,6465,3,6,3,0,0,0,0,0,0,0,0,0,0,0,0
6466,[X1_X2_GET_resp_2xx],6466,3,3,0,0,0,0,0,0,0,0,0,0,0,0,0
6467,[X0_X1_GET_resp_2xx],6467,0,0,0,0,0,0,0,0,0,0,0,0,0,0,0
6468,REST_X0,6468,2,0,0,0,0,0,0,0,0,0,0,0,0,0,0
6469,[X0_X1_GET_req],6469,3,1,0,0,0,0,0,0,0,0,0,0,0,0,0
6470,REST_X1,6470,3,2,0,0,0,0,0,0,0,0,0,0,0,0,0
6471,REST_X1,6471,3,9,0,0,0,0,0,0,0,0,0,0,0,0,0
6472,[X1_X12_GET_req],6472,3,10,0,0,0,0,0,0,0,0,0,0,1,0,0
6473,REST_X12,6473,3,10,0,0,0,0,0,0,0,0,0,0,2,0,0
6474,REST_X12,6474,3,10,0,0,0,0,0,0,0,0,0,0,5,0,0
6475,[X12_X6_GET_req],6475,3,10,0,0,0,0,1,0,0,0,0,0,6,0,0
6476,REST_X6,6476,3,10,0,0,0,0,2,0,0,0,0,0,6,0,0
6477,REST_X6,6477,3,10,0,0,0,0,13,0,0,0,0,0,6,0,0
6478,[X6_X7_GET_req],6478,3,10,0,0,0,0,14,1,0,0,0,0,6,0,0
6479,REST_X7,6479,3,10,0,0,0,0,14,2,0,0,0,0,6,0,0
6480,REST_X7,6480,3,10,0,0,0,0,14,5,0,0,0,0,6,0,0
6481,[X7_X5_GET_req],6481,3,10,0,0,0,1,14,6,0,0,0,0,6,0,0
6482,REST_X5,6482,3,10,0,0,0,2,14,6,0,0,0,0,6,0,0
6483,REST_X5,6483,3,10,0,0,0,4,14,6,0,0,0,0,6,0,0
6484,[X7_X5_GET_resp_5xx],6484,3,10,0,0,0,0,14,7,0,0,0,0,6,0,0
6485,[X7_X5_GET_req],6485,3,10,0,0,0,1,14,8,0,0,0,0,6,0,0
6486,REST_X5,6486,3,10,0,0,0,2,14,8,0,0,0,0,6,0,0
6487,REST_X5,6487,3,10,0,0,0,3,14,8,0,0,0,0,6,0,0
6488,[X7_X5_GET_resp_2xx],6488,3,10,0,0,0,0,14,3,0,0,0,0,6,0,0
6489,[X6_X7_GET_resp_2xx],6489,3,10,0,0,0,0,3,0,0,0,0,0,6,0,0
6490,[X12_X6_GET_resp_2xx],6490,3,10,0,0,0,0,0,0,0,0,0,0,3,0,0
6491,[X1_X12_GET_resp_2xx],6491,3,3,0,0,0,0,0,0,0,0,0,0,0,0,0
6492,[X0_X1_GET_resp_2xx],6492,0,0,0,0,0,0,0,0,0,0,0,0,0,0,0
6493,REST_X0,6493,2,0,0,0,0,0,0,0,0,0,0,0,0,0,0
6494,[X0_X1_GET_req],6494,3,1,0,0,0,0,0,0,0,0,0,0,0,0,0
6495,REST_X1,6495,3,2,0,0,0,0,0,0,0,0,0,0,0,0,0
6496,REST_X1,6496,3,9,0,0,0,0,0,0,0,0,0,0,0,0,0
6497,[X1_X12_GET_req],6497,3,10,0,0,0,0,0,0,0,0,0,0,1,0,0
6498,REST_X12,6498,3,10,0,0,0,0,0,0,0,0,0,0,2,0,0
6499,REST_X12,6499,3,10,0,0,0,0,0,0,0,0,0,0,5,0,0
6500,[X12_X6_GET_req],6500,3,10,0,0,0,0,1,0,0,0,0,0,6,0,0
6501,REST_X6,6501,3,10,0,0,0,0,2,0,0,0,0,0,6,0,0
6502,REST_X6,6502,3,10,0,0,0,0,9,0,0,0,0,0,6,0,0
6503,[X6_X8_GET_req],6503,3,10,0,0,0,0,10,0,1,0,0,0,6,0,0
6504,REST_X8,6504,3,10,0,0,0,0,10,0,2,0,0,0,6,0,0
6505,REST_X8,6505,3,10,0,0,0,0,10,0,3,0,0,0,6,0,0
6506,[X6_X8_GET_resp_2xx],6506,3,10,0,0,0,0,3,0,0,0,0,0,6,0,0
6507,[X12_X6_GET_resp_2xx],6507,3,10,0,0,0,0,0,0,0,0,0,0,3,0,0
6508,[X1_X12_GET_resp_2xx],6508,3,3,0,0,0,0,0,0,0,0,0,0,0,0,0
6509,[X0_X1_GET_resp_2xx],6509,0,0,0,0,0,0,0,0,0,0,0,0,0,0,0
6510,REST_X0,6510,2,0,0,0,0,0,0,0,0,0,0,0,0,0,0
6511,[X0_X1_GET_req],6511,3,1,0,0,0,0,0,0,0,0,0,0,0,0,0
6512,REST_X1,6512,3,2,0,0,0,0,0,0,0,0,0,0,0,0,0
6513,REST_X1,6513,3,9,0,0,0,0,0,0,0,0,0,0,0,0,0
6514,[X1_X12_GET_req],6514,3,10,0,0,0,0,0,0,0,0,0,0,1,0,0
6515,REST_X12,6515,3,10,0,0,0,0,0,0,0,0,0,0,2,0,0
6516,REST_X12,6516,3,10,0,0,0,0,0,0,0,0,0,0,5,0,0
6517,[X12_X6_GET_req],6517,3,10,0,0,0,0,1,0,0,0,0,0,6,0,0
6518,REST_X6,6518,3,10,0,0,0,0,2,0,0,0,0,0,6,0,0
6519,REST_X6,6519,3,10,0,0,0,0,5,0,0,0,0,0,6,0,0
6520,[X6_X3_GET_req],6520,3,10,0,1,0,0,6,0,0,0,0,0,6,0,0
6521,REST_X3,6521,3,10,0,2,0,0,6,0,0,0,0,0,6,0,0
6522,REST_X3,6522,3,10,0,3,0,0,6,0,0,0,0,0,6,0,0
6523,[X6_X3_GET_resp_2xx],6523,3,10,0,0,0,0,3,0,0,0,0,0,6,0,0
6524,[X12_X6_GET_resp_2xx],6524,3,10,0,0,0,0,0,0,0,0,0,0,3,0,0
6525,[X1_X12_GET_resp_2xx],6525,3,3,0,0,0,0,0,0,0,0,0,0,0,0,0
6526,[X0_X1_GET_resp_2xx],6526,0,0,0,0,0,0,0,0,0,0,0,0,0,0,0
6527,REST_X0,6527,2,0,0,0,0,0,0,0,0,0,0,0,0,0,0
6528,[X0_X1_GET_req],6528,3,1,0,0,0,0,0,0,0,0,0,0,0,0,0
6529,REST_X1,6529,3,2,0,0,0,0,0,0,0,0,0,0,0,0,0
6530,REST_X1,6530,3,5,0,0,0,0,0,0,0,0,0,0,0,0,0
6531,[X1_X2_GET_req],6531,3,6,1,0,0,0,0,0,0,0,0,0,0,0,0
6532,REST_X2,6532,3,6,2,0,0,0,0,0,0,0,0,0,0,0,0
6533,REST_X2,6533,3,6,3,0,0,0,0,0,0,0,0,0,0,0,0
6534,[X1_X2_GET_resp_2xx],6534,3,3,0,0,0,0,0,0,0,0,0,0,0,0,0
6535,[X0_X1_GET_resp_2xx],6535,0,0,0,0,0,0,0,0,0,0,0,0,0,0,0
6536,REST_X0,6536,2,0,0,0,0,0,0,0,0,0,0,0,0,0,0
6537,[X0_X1_GET_req],6537,3,1,0,0,0,0,0,0,0,0,0,0,0,0,0
6538,REST_X1,6538,3,2,0,0,0,0,0,0,0,0,0,0,0,0,0
6539,REST_X1,6539,3,9,0,0,0,0,0,0,0,0,0,0,0,0,0
6540,[X1_X12_GET_req],6540,3,10,0,0,0,0,0,0,0,0,0,0,1,0,0
6541,REST_X12,6541,3,10,0,0,0,0,0,0,0,0,0,0,2,0,0
6542,REST_X12,6542,3,10,0,0,0,0,0,0,0,0,0,0,5,0,0
6543,[X12_X6_GET_req],6543,3,10,0,0,0,0,1,0,0,0,0,0,6,0,0
6544,REST_X6,6544,3,10,0,0,0,0,2,0,0,0,0,0,6,0,0
6545,REST_X6,6545,3,10,0,0,0,0,5,0,0,0,0,0,6,0,0
6546,[X6_X3_GET_req],6546,3,10,0,1,0,0,6,0,0,0,0,0,6,0,0
6547,REST_X3,6547,3,10,0,2,0,0,6,0,0,0,0,0,6,0,0
6548,REST_X3,6548,3,10,0,3,0,0,6,0,0,0,0,0,6,0,0
6549,[X6_X3_GET_resp_2xx],6549,3,10,0,0,0,0,3,0,0,0,0,0,6,0,0
6550,[X12_X6_GET_resp_2xx],6550,3,10,0,0,0,0,0,0,0,0,0,0,3,0,0
6551,[X1_X12_GET_resp_2xx],6551,3,3,0,0,0,0,0,0,0,0,0,0,0,0,0
6552,[X0_X1_GET_resp_2xx],6552,0,0,0,0,0,0,0,0,0,0,0,0,0,0,0
6553,REST_X0,6553,2,0,0,0,0,0,0,0,0,0,0,0,0,0,0
6554,[X0_X1_GET_req],6554,3,1,0,0,0,0,0,0,0,0,0,0,0,0,0
6555,REST_X1,6555,3,2,0,0,0,0,0,0,0,0,0,0,0,0,0
6556,REST_X1,6556,3,9,0,0,0,0,0,0,0,0,0,0,0,0,0
6557,[X1_X12_GET_req],6557,3,10,0,0,0,0,0,0,0,0,0,0,1,0,0
6558,REST_X12,6558,3,10,0,0,0,0,0,0,0,0,0,0,2,0,0
6559,REST_X12,6559,3,10,0,0,0,0,0,0,0,0,0,0,5,0,0
6560,[X12_X6_GET_req],6560,3,10,0,0,0,0,1,0,0,0,0,0,6,0,0
6561,REST_X6,6561,3,10,0,0,0,0,2,0,0,0,0,0,6,0,0
6562,REST_X6,6562,3,10,0,0,0,0,5,0,0,0,0,0,6,0,0
6563,[X6_X3_GET_req],6563,3,10,0,1,0,0,6,0,0,0,0,0,6,0,0
6564,REST_X3,6564,3,10,0,2,0,0,6,0,0,0,0,0,6,0,0
6565,REST_X3,6565,3,10,0,3,0,0,6,0,0,0,0,0,6,0,0
6566,[X6_X3_GET_resp_2xx],6566,3,10,0,0,0,0,3,0,0,0,0,0,6,0,0
6567,[X12_X6_GET_resp_2xx],6567,3,10,0,0,0,0,0,0,0,0,0,0,3,0,0
6568,[X1_X12_GET_resp_2xx],6568,3,3,0,0,0,0,0,0,0,0,0,0,0,0,0
6569,[X0_X1_GET_resp_2xx],6569,0,0,0,0,0,0,0,0,0,0,0,0,0,0,0
6570,REST_X0,6570,2,0,0,0,0,0,0,0,0,0,0,0,0,0,0
6571,[X0_X1_GET_req],6571,3,1,0,0,0,0,0,0,0,0,0,0,0,0,0
6572,REST_X1,6572,3,2,0,0,0,0,0,0,0,0,0,0,0,0,0
6573,REST_X1,6573,3,9,0,0,0,0,0,0,0,0,0,0,0,0,0
6574,[X1_X12_GET_req],6574,3,10,0,0,0,0,0,0,0,0,0,0,1,0,0
6575,REST_X12,6575,3,10,0,0,0,0,0,0,0,0,0,0,2,0,0
6576,REST_X12,6576,3,10,0,0,0,0,0,0,0,0,0,0,5,0,0
6577,[X12_X6_GET_req],6577,3,10,0,0,0,0,1,0,0,0,0,0,6,0,0
6578,REST_X6,6578,3,10,0,0,0,0,2,0,0,0,0,0,6,0,0
6579,REST_X6,6579,3,10,0,0,0,0,9,0,0,0,0,0,6,0,0
6580,[X6_X8_GET_req],6580,3,10,0,0,0,0,10,0,1,0,0,0,6,0,0
6581,REST_X8,6581,3,10,0,0,0,0,10,0,2,0,0,0,6,0,0
6582,REST_X8,6582,3,10,0,0,0,0,10,0,3,0,0,0,6,0,0
6583,[X6_X8_GET_resp_2xx],6583,3,10,0,0,0,0,3,0,0,0,0,0,6,0,0
6584,[X12_X6_GET_resp_2xx],6584,3,10,0,0,0,0,0,0,0,0,0,0,3,0,0
6585,[X1_X12_GET_resp_2xx],6585,3,3,0,0,0,0,0,0,0,0,0,0,0,0,0
6586,[X0_X1_GET_resp_2xx],6586,0,0,0,0,0,0,0,0,0,0,0,0,0,0,0
6587,REST_X0,6587,2,0,0,0,0,0,0,0,0,0,0,0,0,0,0
6588,[X0_X1_GET_req],6588,3,1,0,0,0,0,0,0,0,0,0,0,0,0,0
6589,REST_X1,6589,3,2,0,0,0,0,0,0,0,0,0,0,0,0,0
6590,REST_X1,6590,3,9,0,0,0,0,0,0,0,0,0,0,0,0,0
6591,[X1_X12_GET_req],6591,3,10,0,0,0,0,0,0,0,0,0,0,1,0,0
6592,REST_X12,6592,3,10,0,0,0,0,0,0,0,0,0,0,2,0,0
6593,REST_X12,6593,3,10,0,0,0,0,0,0,0,0,0,0,5,0,0
6594,[X12_X6_GET_req],6594,3,10,0,0,0,0,1,0,0,0,0,0,6,0,0
6595,REST_X6,6595,3,10,0,0,0,0,2,0,0,0,0,0,6,0,0
6596,REST_X6,6596,3,10,0,0,0,0,13,0,0,0,0,0,6,0,0
6597,[X6_X7_GET_req],6597,3,10,0,0,0,0,14,1,0,0,0,0,6,0,0
6598,REST_X7,6598,3,10,0,0,0,0,14,2,0,0,0,0,6,0,0
6599,REST_X7,6599,3,10,0,0,0,0,14,9,0,0,0,0,6,0,0
6600,[X7_X9_GET_req],6600,3,10,0,0,0,0,14,10,0,1,0,0,6,0,0
6601,REST_X9,6601,3,10,0,0,0,0,14,10,0,2,0,0,6,0,0
6602,REST_X9,6602,3,10,0,0,0,0,14,10,0,9,0,0,6,0,0
6603,[X9_X4_GET_req],6603,3,10,0,0,1,0,14,10,0,10,0,0,6,0,0
6604,REST_X4,6604,3,10,0,0,2,0,14,10,0,10,0,0,6,0,0
6605,REST_X4,6605,3,10,0,0,9,0,14,10,0,10,0,0,6,0,0
6606,[X4_X14_GET_req],6606,3,10,0,0,10,0,14,10,0,10,0,0,6,0,1
6607,REST_X14,6607,3,10,0,0,10,0,14,10,0,10,0,0,6,0,2
6608,REST_X14,6608,3,10,0,0,10,0,14,10,0,10,0,0,6,0,5
6609,[X14_X13_GET_req],6609,3,10,0,0,10,0,14,10,0,10,0,0,6,1,6
6610,REST_X13,6610,3,10,0,0,10,0,14,10,0,10,0,0,6,2,6
6611,REST_X13,6611,3,10,0,0,10,0,14,10,0,10,0,0,6,4,6
6612,[X14_X13_GET_resp_5xx],6612,3,10,0,0,10,0,14,10,0,10,0,0,6,0,7
6613,[X14_X13_GET_req],6613,3,10,0,0,10,0,14,10,0,10,0,0,6,1,8
6614,REST_X13,6614,3,10,0,0,10,0,14,10,0,10,0,0,6,2,8
6615,REST_X13,6615,3,10,0,0,10,0,14,10,0,10,0,0,6,3,8
6616,[X14_X13_GET_resp_2xx],6616,3,10,0,0,10,0,14,10,0,10,0,0,6,0,3
6617,[X4_X14_GET_resp_2xx],6617,3,10,0,0,3,0,14,10,0,10,0,0,6,0,0
6618,[X9_X4_GET_resp_2xx],6618,3,10,0,0,0,0,14,10,0,3,0,0,6,0,0
6619,[X7_X9_GET_resp_2xx],6619,3,10,0,0,0,0,14,3,0,0,0,0,6,0,0
6620,[X6_X7_GET_resp_2xx],6620,3,10,0,0,0,0,3,0,0,0,0,0,6,0,0
6621,[X12_X6_GET_resp_2xx],6621,3,10,0,0,0,0,0,0,0,0,0,0,3,0,0
6622,[X1_X12_GET_resp_2xx],6622,3,3,0,0,0,0,0,0,0,0,0,0,0,0,0
6623,[X0_X1_GET_resp_2xx],6623,0,0,0,0,0,0,0,0,0,0,0,0,0,0,0
6624,REST_X0,6624,2,0,0,0,0,0,0,0,0,0,0,0,0,0,0
6625,[X0_X1_GET_req],6625,3,1,0,0,0,0,0,0,0,0,0,0,0,0,0
6626,REST_X1,6626,3,2,0,0,0,0,0,0,0,0,0,0,0,0,0
6627,REST_X1,6627,3,5,0,0,0,0,0,0,0,0,0,0,0,0,0
6628,[X1_X2_GET_req],6628,3,6,1,0,0,0,0,0,0,0,0,0,0,0,0
6629,REST_X2,6629,3,6,2,0,0,0,0,0,0,0,0,0,0,0,0
6630,REST_X2,6630,3,6,3,0,0,0,0,0,0,0,0,0,0,0,0
6631,[X1_X2_GET_resp_2xx],6631,3,3,0,0,0,0,0,0,0,0,0,0,0,0,0
6632,[X0_X1_GET_resp_2xx],6632,0,0,0,0,0,0,0,0,0,0,0,0,0,0,0
6633,REST_X0,6633,2,0,0,0,0,0,0,0,0,0,0,0,0,0,0
6634,[X0_X1_GET_req],6634,3,1,0,0,0,0,0,0,0,0,0,0,0,0,0
6635,REST_X1,6635,3,2,0,0,0,0,0,0,0,0,0,0,0,0,0
6636,REST_X1,6636,3,5,0,0,0,0,0,0,0,0,0,0,0,0,0
6637,[X1_X2_GET_req],6637,3,6,1,0,0,0,0,0,0,0,0,0,0,0,0
6638,REST_X2,6638,3,6,2,0,0,0,0,0,0,0,0,0,0,0,0
6639,REST_X2,6639,3,6,3,0,0,0,0,0,0,0,0,0,0,0,0
6640,[X1_X2_GET_resp_2xx],6640,3,3,0,0,0,0,0,0,0,0,0,0,0,0,0
6641,[X0_X1_GET_resp_2xx],6641,0,0,0,0,0,0,0,0,0,0,0,0,0,0,0
6642,REST_X0,6642,2,0,0,0,0,0,0,0,0,0,0,0,0,0,0
6643,[X0_X1_GET_req],6643,3,1,0,0,0,0,0,0,0,0,0,0,0,0,0
6644,REST_X1,6644,3,2,0,0,0,0,0,0,0,0,0,0,0,0,0
6645,REST_X1,6645,3,9,0,0,0,0,0,0,0,0,0,0,0,0,0
6646,[X1_X12_GET_req],6646,3,10,0,0,0,0,0,0,0,0,0,0,1,0,0
6647,REST_X12,6647,3,10,0,0,0,0,0,0,0,0,0,0,2,0,0
6648,REST_X12,6648,3,10,0,0,0,0,0,0,0,0,0,0,5,0,0
6649,[X12_X6_GET_req],6649,3,10,0,0,0,0,1,0,0,0,0,0,6,0,0
6650,REST_X6,6650,3,10,0,0,0,0,2,0,0,0,0,0,6,0,0
6651,REST_X6,6651,3,10,0,0,0,0,9,0,0,0,0,0,6,0,0
6652,[X6_X8_GET_req],6652,3,10,0,0,0,0,10,0,1,0,0,0,6,0,0
6653,REST_X8,6653,3,10,0,0,0,0,10,0,2,0,0,0,6,0,0
6654,REST_X8,6654,3,10,0,0,0,0,10,0,3,0,0,0,6,0,0
6655,[X6_X8_GET_resp_2xx],6655,3,10,0,0,0,0,3,0,0,0,0,0,6,0,0
6656,[X12_X6_GET_resp_2xx],6656,3,10,0,0,0,0,0,0,0,0,0,0,3,0,0
6657,[X1_X12_GET_resp_2xx],6657,3,3,0,0,0,0,0,0,0,0,0,0,0,0,0
6658,[X0_X1_GET_resp_2xx],6658,0,0,0,0,0,0,0,0,0,0,0,0,0,0,0
6659,REST_X0,6659,2,0,0,0,0,0,0,0,0,0,0,0,0,0,0
6660,[X0_X1_GET_req],6660,3,1,0,0,0,0,0,0,0,0,0,0,0,0,0
6661,REST_X1,6661,3,2,0,0,0,0,0,0,0,0,0,0,0,0,0
6662,REST_X1,6662,3,9,0,0,0,0,0,0,0,0,0,0,0,0,0
6663,[X1_X12_GET_req],6663,3,10,0,0,0,0,0,0,0,0,0,0,1,0,0
6664,REST_X12,6664,3,10,0,0,0,0,0,0,0,0,0,0,2,0,0
6665,REST_X12,6665,3,10,0,0,0,0,0,0,0,0,0,0,5,0,0
6666,[X12_X6_GET_req],6666,3,10,0,0,0,0,1,0,0,0,0,0,6,0,0
6667,REST_X6,6667,3,10,0,0,0,0,2,0,0,0,0,0,6,0,0
6668,REST_X6,6668,3,10,0,0,0,0,13,0,0,0,0,0,6,0,0
6669,[X6_X7_GET_req],6669,3,10,0,0,0,0,14,1,0,0,0,0,6,0,0
6670,REST_X7,6670,3,10,0,0,0,0,14,2,0,0,0,0,6,0,0
6671,REST_X7,6671,3,10,0,0,0,0,14,9,0,0,0,0,6,0,0
6672,[X7_X9_GET_req],6672,3,10,0,0,0,0,14,10,0,1,0,0,6,0,0
6673,REST_X9,6673,3,10,0,0,0,0,14,10,0,2,0,0,6,0,0
6674,REST_X9,6674,3,10,0,0,0,0,14,10,0,5,0,0,6,0,0
6675,[X9_X11_GET_req],6675,3,10,0,0,0,0,14,10,0,6,0,1,6,0,0
6676,REST_X11,6676,3,10,0,0,0,0,14,10,0,6,0,2,6,0,0
6677,REST_X11,6677,3,10,0,0,0,0,14,10,0,6,0,4,6,0,0
6678,[X9_X11_GET_resp_5xx],6678,3,10,0,0,0,0,14,10,0,7,0,0,6,0,0
6679,[X9_X11_GET_req],6679,3,10,0,0,0,0,14,10,0,8,0,1,6,0,0
6680,REST_X11,6680,3,10,0,0,0,0,14,10,0,8,0,2,6,0,0
6681,REST_X11,6681,3,10,0,0,0,0,14,10,0,8,0,3,6,0,0
6682,[X9_X11_GET_resp_2xx],6682,3,10,0,0,0,0,14,10,0,3,0,0,6,0,0
6683,[X7_X9_GET_resp_2xx],6683,3,10,0,0,0,0,14,3,0,0,0,0,6,0,0
6684,[X6_X7_GET_resp_2xx],6684,3,10,0,0,0,0,3,0,0,0,0,0,6,0,0
6685,[X12_X6_GET_resp_2xx],6685,3,10,0,0,0,0,0,0,0,0,0,0,3,0,0
6686,[X1_X12_GET_resp_2xx],6686,3,3,0,0,0,0,0,0,0,0,0,0,0,0,0
6687,[X0_X1_GET_resp_2xx],6687,0,0,0,0,0,0,0,0,0,0,0,0,0,0,0
6688,REST_X0,6688,2,0,0,0,0,0,0,0,0,0,0,0,0,0,0
6689,[X0_X1_GET_req],6689,3,1,0,0,0,0,0,0,0,0,0,0,0,0,0
6690,REST_X1,6690,3,2,0,0,0,0,0,0,0,0,0,0,0,0,0
6691,REST_X1,6691,3,5,0,0,0,0,0,0,0,0,0,0,0,0,0
6692,[X1_X2_GET_req],6692,3,6,1,0,0,0,0,0,0,0,0,0,0,0,0
6693,REST_X2,6693,3,6,2,0,0,0,0,0,0,0,0,0,0,0,0
6694,REST_X2,6694,3,6,3,0,0,0,0,0,0,0,0,0,0,0,0
6695,[X1_X2_GET_resp_2xx],6695,3,3,0,0,0,0,0,0,0,0,0,0,0,0,0
6696,[X0_X1_GET_resp_2xx],6696,0,0,0,0,0,0,0,0,0,0,0,0,0,0,0
6697,REST_X0,6697,2,0,0,0,0,0,0,0,0,0,0,0,0,0,0
6698,[X0_X1_GET_req],6698,3,1,0,0,0,0,0,0,0,0,0,0,0,0,0
6699,REST_X1,6699,3,2,0,0,0,0,0,0,0,0,0,0,0,0,0
6700,REST_X1,6700,3,5,0,0,0,0,0,0,0,0,0,0,0,0,0
6701,[X1_X2_GET_req],6701,3,6,1,0,0,0,0,0,0,0,0,0,0,0,0
6702,REST_X2,6702,3,6,2,0,0,0,0,0,0,0,0,0,0,0,0
6703,REST_X2,6703,3,6,3,0,0,0,0,0,0,0,0,0,0,0,0
6704,[X1_X2_GET_resp_2xx],6704,3,3,0,0,0,0,0,0,0,0,0,0,0,0,0
6705,[X0_X1_GET_resp_2xx],6705,0,0,0,0,0,0,0,0,0,0,0,0,0,0,0
6706,REST_X0,6706,2,0,0,0,0,0,0,0,0,0,0,0,0,0,0
6707,[X0_X1_GET_req],6707,3,1,0,0,0,0,0,0,0,0,0,0,0,0,0
6708,REST_X1,6708,3,2,0,0,0,0,0,0,0,0,0,0,0,0,0
6709,REST_X1,6709,3,5,0,0,0,0,0,0,0,0,0,0,0,0,0
6710,[X1_X2_GET_req],6710,3,6,1,0,0,0,0,0,0,0,0,0,0,0,0
6711,REST_X2,6711,3,6,2,0,0,0,0,0,0,0,0,0,0,0,0
6712,REST_X2,6712,3,6,3,0,0,0,0,0,0,0,0,0,0,0,0
6713,[X1_X2_GET_resp_2xx],6713,3,3,0,0,0,0,0,0,0,0,0,0,0,0,0
6714,[X0_X1_GET_resp_2xx],6714,0,0,0,0,0,0,0,0,0,0,0,0,0,0,0
6715,REST_X0,6715,2,0,0,0,0,0,0,0,0,0,0,0,0,0,0
6716,[X0_X1_GET_req],6716,3,1,0,0,0,0,0,0,0,0,0,0,0,0,0
6717,REST_X1,6717,3,2,0,0,0,0,0,0,0,0,0,0,0,0,0
6718,REST_X1,6718,3,9,0,0,0,0,0,0,0,0,0,0,0,0,0
6719,[X1_X12_GET_req],6719,3,10,0,0,0,0,0,0,0,0,0,0,1,0,0
6720,REST_X12,6720,3,10,0,0,0,0,0,0,0,0,0,0,2,0,0
6721,REST_X12,6721,3,10,0,0,0,0,0,0,0,0,0,0,5,0,0
6722,[X12_X6_GET_req],6722,3,10,0,0,0,0,1,0,0,0,0,0,6,0,0
6723,REST_X6,6723,3,10,0,0,0,0,2,0,0,0,0,0,6,0,0
6724,REST_X6,6724,3,10,0,0,0,0,9,0,0,0,0,0,6,0,0
6725,[X6_X8_GET_req],6725,3,10,0,0,0,0,10,0,1,0,0,0,6,0,0
6726,REST_X8,6726,3,10,0,0,0,0,10,0,2,0,0,0,6,0,0
6727,REST_X8,6727,3,10,0,0,0,0,10,0,3,0,0,0,6,0,0
6728,[X6_X8_GET_resp_2xx],6728,3,10,0,0,0,0,3,0,0,0,0,0,6,0,0
6729,[X12_X6_GET_resp_2xx],6729,3,10,0,0,0,0,0,0,0,0,0,0,3,0,0
6730,[X1_X12_GET_resp_2xx],6730,3,3,0,0,0,0,0,0,0,0,0,0,0,0,0
6731,[X0_X1_GET_resp_2xx],6731,0,0,0,0,0,0,0,0,0,0,0,0,0,0,0
6732,REST_X0,6732,2,0,0,0,0,0,0,0,0,0,0,0,0,0,0
6733,[X0_X1_GET_req],6733,3,1,0,0,0,0,0,0,0,0,0,0,0,0,0
6734,REST_X1,6734,3,2,0,0,0,0,0,0,0,0,0,0,0,0,0
6735,REST_X1,6735,3,5,0,0,0,0,0,0,0,0,0,0,0,0,0
6736,[X1_X2_GET_req],6736,3,6,1,0,0,0,0,0,0,0,0,0,0,0,0
6737,REST_X2,6737,3,6,2,0,0,0,0,0,0,0,0,0,0,0,0
6738,REST_X2,6738,3,6,3,0,0,0,0,0,0,0,0,0,0,0,0
6739,[X1_X2_GET_resp_2xx],6739,3,3,0,0,0,0,0,0,0,0,0,0,0,0,0
6740,[X0_X1_GET_resp_2xx],6740,0,0,0,0,0,0,0,0,0,0,0,0,0,0,0
6741,REST_X0,6741,2,0,0,0,0,0,0,0,0,0,0,0,0,0,0
6742,[X0_X1_GET_req],6742,3,1,0,0,0,0,0,0,0,0,0,0,0,0,0
6743,REST_X1,6743,3,2,0,0,0,0,0,0,0,0,0,0,0,0,0
6744,REST_X1,6744,3,5,0,0,0,0,0,0,0,0,0,0,0,0,0
6745,[X1_X2_GET_req],6745,3,6,1,0,0,0,0,0,0,0,0,0,0,0,0
6746,REST_X2,6746,3,6,2,0,0,0,0,0,0,0,0,0,0,0,0
6747,REST_X2,6747,3,6,3,0,0,0,0,0,0,0,0,0,0,0,0
6748,[X1_X2_GET_resp_2xx],6748,3,3,0,0,0,0,0,0,0,0,0,0,0,0,0
6749,[X0_X1_GET_resp_2xx],6749,0,0,0,0,0,0,0,0,0,0,0,0,0,0,0
6750,REST_X0,6750,2,0,0,0,0,0,0,0,0,0,0,0,0,0,0
6751,[X0_X1_GET_req],6751,3,1,0,0,0,0,0,0,0,0,0,0,0,0,0
6752,REST_X1,6752,3,2,0,0,0,0,0,0,0,0,0,0,0,0,0
6753,REST_X1,6753,3,9,0,0,0,0,0,0,0,0,0,0,0,0,0
6754,[X1_X12_GET_req],6754,3,10,0,0,0,0,0,0,0,0,0,0,1,0,0
6755,REST_X12,6755,3,10,0,0,0,0,0,0,0,0,0,0,2,0,0
6756,REST_X12,6756,3,10,0,0,0,0,0,0,0,0,0,0,5,0,0
6757,[X12_X6_GET_req],6757,3,10,0,0,0,0,1,0,0,0,0,0,6,0,0
6758,REST_X6,6758,3,10,0,0,0,0,2,0,0,0,0,0,6,0,0
6759,REST_X6,6759,3,10,0,0,0,0,5,0,0,0,0,0,6,0,0
6760,[X6_X3_GET_req],6760,3,10,0,1,0,0,6,0,0,0,0,0,6,0,0
6761,REST_X3,6761,3,10,0,2,0,0,6,0,0,0,0,0,6,0,0
6762,REST_X3,6762,3,10,0,4,0,0,6,0,0,0,0,0,6,0,0
6763,[X6_X3_GET_resp_5xx],6763,3,10,0,0,0,0,7,0,0,0,0,0,6,0,0
6764,[X6_X3_GET_req],6764,3,10,0,1,0,0,8,0,0,0,0,0,6,0,0
6765,REST_X3,6765,3,10,0,2,0,0,8,0,0,0,0,0,6,0,0
6766,REST_X3,6766,3,10,0,3,0,0,8,0,0,0,0,0,6,0,0
6767,[X6_X3_GET_resp_2xx],6767,3,10,0,0,0,0,3,0,0,0,0,0,6,0,0
6768,[X12_X6_GET_resp_2xx],6768,3,10,0,0,0,0,0,0,0,0,0,0,3,0,0
6769,[X1_X12_GET_resp_2xx],6769,3,3,0,0,0,0,0,0,0,0,0,0,0,0,0
6770,[X0_X1_GET_resp_2xx],6770,0,0,0,0,0,0,0,0,0,0,0,0,0,0,0
6771,REST_X0,6771,2,0,0,0,0,0,0,0,0,0,0,0,0,0,0
6772,[X0_X1_GET_req],6772,3,1,0,0,0,0,0,0,0,0,0,0,0,0,0
6773,REST_X1,6773,3,2,0,0,0,0,0,0,0,0,0,0,0,0,0
6774,REST_X1,6774,3,5,0,0,0,0,0,0,0,0,0,0,0,0,0
6775,[X1_X2_GET_req],6775,3,6,1,0,0,0,0,0,0,0,0,0,0,0,0
6776,REST_X2,6776,3,6,2,0,0,0,0,0,0,0,0,0,0,0,0
6777,REST_X2,6777,3,6,3,0,0,0,0,0,0,0,0,0,0,0,0
6778,[X1_X2_GET_resp_2xx],6778,3,3,0,0,0,0,0,0,0,0,0,0,0,0,0
6779,[X0_X1_GET_resp_2xx],6779,0,0,0,0,0,0,0,0,0,0,0,0,0,0,0
6780,REST_X0,6780,2,0,0,0,0,0,0,0,0,0,0,0,0,0,0
6781,[X0_X1_GET_req],6781,3,1,0,0,0,0,0,0,0,0,0,0,0,0,0
6782,REST_X1,6782,3,2,0,0,0,0,0,0,0,0,0,0,0,0,0
6783,REST_X1,6783,3,9,0,0,0,0,0,0,0,0,0,0,0,0,0
6784,[X1_X12_GET_req],6784,3,10,0,0,0,0,0,0,0,0,0,0,1,0,0
6785,REST_X12,6785,3,10,0,0,0,0,0,0,0,0,0,0,2,0,0
6786,REST_X12,6786,3,10,0,0,0,0,0,0,0,0,0,0,5,0,0
6787,[X12_X6_GET_req],6787,3,10,0,0,0,0,1,0,0,0,0,0,6,0,0
6788,REST_X6,6788,3,10,0,0,0,0,2,0,0,0,0,0,6,0,0
6789,REST_X6,6789,3,10,0,0,0,0,5,0,0,0,0,0,6,0,0
6790,[X6_X3_GET_req],6790,3,10,0,1,0,0,6,0,0,0,0,0,6,0,0
6791,REST_X3,6791,3,10,0,2,0,0,6,0,0,0,0,0,6,0,0
6792,REST_X3,6792,3,10,0,3,0,0,6,0,0,0,0,0,6,0,0
6793,[X6_X3_GET_resp_2xx],6793,3,10,0,0,0,0,3,0,0,0,0,0,6,0,0
6794,[X12_X6_GET_resp_2xx],6794,3,10,0,0,0,0,0,0,0,0,0,0,3,0,0
6795,[X1_X12_GET_resp_2xx],6795,3,3,0,0,0,0,0,0,0,0,0,0,0,0,0
6796,[X0_X1_GET_resp_2xx],6796,0,0,0,0,0,0,0,0,0,0,0,0,0,0,0
6797,REST_X0,6797,2,0,0,0,0,0,0,0,0,0,0,0,0,0,0
6798,[X0_X1_GET_req],6798,3,1,0,0,0,0,0,0,0,0,0,0,0,0,0
6799,REST_X1,6799,3,2,0,0,0,0,0,0,0,0,0,0,0,0,0
6800,REST_X1,6800,3,5,0,0,0,0,0,0,0,0,0,0,0,0,0
6801,[X1_X2_GET_req],6801,3,6,1,0,0,0,0,0,0,0,0,0,0,0,0
6802,REST_X2,6802,3,6,2,0,0,0,0,0,0,0,0,0,0,0,0
6803,REST_X2,6803,3,6,3,0,0,0,0,0,0,0,0,0,0,0,0
6804,[X1_X2_GET_resp_2xx],6804,3,3,0,0,0,0,0,0,0,0,0,0,0,0,0
6805,[X0_X1_GET_resp_2xx],6805,0,0,0,0,0,0,0,0,0,0,0,0,0,0,0
6806,REST_X0,6806,2,0,0,0,0,0,0,0,0,0,0,0,0,0,0
6807,[X0_X1_GET_req],6807,3,1,0,0,0,0,0,0,0,0,0,0,0,0,0
6808,REST_X1,6808,3,2,0,0,0,0,0,0,0,0,0,0,0,0,0
6809,REST_X1,6809,3,5,0,0,0,0,0,0,0,0,0,0,0,0,0
6810,[X1_X2_GET_req],6810,3,6,1,0,0,0,0,0,0,0,0,0,0,0,0
6811,REST_X2,6811,3,6,2,0,0,0,0,0,0,0,0,0,0,0,0
6812,REST_X2,6812,3,6,3,0,0,0,0,0,0,0,0,0,0,0,0
6813,[X1_X2_GET_resp_2xx],6813,3,3,0,0,0,0,0,0,0,0,0,0,0,0,0
6814,[X0_X1_GET_resp_2xx],6814,0,0,0,0,0,0,0,0,0,0,0,0,0,0,0
6815,REST_X0,6815,2,0,0,0,0,0,0,0,0,0,0,0,0,0,0
6816,[X0_X1_GET_req],6816,3,1,0,0,0,0,0,0,0,0,0,0,0,0,0
6817,REST_X1,6817,3,2,0,0,0,0,0,0,0,0,0,0,0,0,0
6818,REST_X1,6818,3,9,0,0,0,0,0,0,0,0,0,0,0,0,0
6819,[X1_X12_GET_req],6819,3,10,0,0,0,0,0,0,0,0,0,0,1,0,0
6820,REST_X12,6820,3,10,0,0,0,0,0,0,0,0,0,0,2,0,0
6821,REST_X12,6821,3,10,0,0,0,0,0,0,0,0,0,0,5,0,0
6822,[X12_X6_GET_req],6822,3,10,0,0,0,0,1,0,0,0,0,0,6,0,0
6823,REST_X6,6823,3,10,0,0,0,0,2,0,0,0,0,0,6,0,0
6824,REST_X6,6824,3,10,0,0,0,0,5,0,0,0,0,0,6,0,0
6825,[X6_X3_GET_req],6825,3,10,0,1,0,0,6,0,0,0,0,0,6,0,0
6826,REST_X3,6826,3,10,0,2,0,0,6,0,0,0,0,0,6,0,0
6827,REST_X3,6827,3,10,0,3,0,0,6,0,0,0,0,0,6,0,0
6828,[X6_X3_GET_resp_2xx],6828,3,10,0,0,0,0,3,0,0,0,0,0,6,0,0
6829,[X12_X6_GET_resp_2xx],6829,3,10,0,0,0,0,0,0,0,0,0,0,3,0,0
6830,[X1_X12_GET_resp_2xx],6830,3,3,0,0,0,0,0,0,0,0,0,0,0,0,0
6831,[X0_X1_GET_resp_2xx],6831,0,0,0,0,0,0,0,0,0,0,0,0,0,0,0
6832,REST_X0,6832,2,0,0,0,0,0,0,0,0,0,0,0,0,0,0
6833,[X0_X1_GET_req],6833,3,1,0,0,0,0,0,0,0,0,0,0,0,0,0
6834,REST_X1,6834,3,2,0,0,0,0,0,0,0,0,0,0,0,0,0
6835,REST_X1,6835,3,9,0,0,0,0,0,0,0,0,0,0,0,0,0
6836,[X1_X12_GET_req],6836,3,10,0,0,0,0,0,0,0,0,0,0,1,0,0
6837,REST_X12,6837,3,10,0,0,0,0,0,0,0,0,0,0,2,0,0
6838,REST_X12,6838,3,10,0,0,0,0,0,0,0,0,0,0,5,0,0
6839,[X12_X6_GET_req],6839,3,10,0,0,0,0,1,0,0,0,0,0,6,0,0
6840,REST_X6,6840,3,10,0,0,0,0,2,0,0,0,0,0,6,0,0
6841,REST_X6,6841,3,10,0,0,0,0,9,0,0,0,0,0,6,0,0
6842,[X6_X8_GET_req],6842,3,10,0,0,0,0,10,0,1,0,0,0,6,0,0
6843,REST_X8,6843,3,10,0,0,0,0,10,0,2,0,0,0,6,0,0
6844,REST_X8,6844,3,10,0,0,0,0,10,0,3,0,0,0,6,0,0
6845,[X6_X8_GET_resp_2xx],6845,3,10,0,0,0,0,3,0,0,0,0,0,6,0,0
6846,[X12_X6_GET_resp_2xx],6846,3,10,0,0,0,0,0,0,0,0,0,0,3,0,0
6847,[X1_X12_GET_resp_2xx],6847,3,3,0,0,0,0,0,0,0,0,0,0,0,0,0
6848,[X0_X1_GET_resp_2xx],6848,0,0,0,0,0,0,0,0,0,0,0,0,0,0,0
6849,REST_X0,6849,2,0,0,0,0,0,0,0,0,0,0,0,0,0,0
6850,[X0_X1_GET_req],6850,3,1,0,0,0,0,0,0,0,0,0,0,0,0,0
6851,REST_X1,6851,3,2,0,0,0,0,0,0,0,0,0,0,0,0,0
6852,REST_X1,6852,3,5,0,0,0,0,0,0,0,0,0,0,0,0,0
6853,[X1_X2_GET_req],6853,3,6,1,0,0,0,0,0,0,0,0,0,0,0,0
6854,REST_X2,6854,3,6,2,0,0,0,0,0,0,0,0,0,0,0,0
6855,REST_X2,6855,3,6,3,0,0,0,0,0,0,0,0,0,0,0,0
6856,[X1_X2_GET_resp_2xx],6856,3,3,0,0,0,0,0,0,0,0,0,0,0,0,0
6857,[X0_X1_GET_resp_2xx],6857,0,0,0,0,0,0,0,0,0,0,0,0,0,0,0
6858,REST_X0,6858,2,0,0,0,0,0,0,0,0,0,0,0,0,0,0
6859,[X0_X1_GET_req],6859,3,1,0,0,0,0,0,0,0,0,0,0,0,0,0
6860,REST_X1,6860,3,2,0,0,0,0,0,0,0,0,0,0,0,0,0
6861,REST_X1,6861,3,5,0,0,0,0,0,0,0,0,0,0,0,0,0
6862,[X1_X2_GET_req],6862,3,6,1,0,0,0,0,0,0,0,0,0,0,0,0
6863,REST_X2,6863,3,6,2,0,0,0,0,0,0,0,0,0,0,0,0
6864,REST_X2,6864,3,6,3,0,0,0,0,0,0,0,0,0,0,0,0
6865,[X1_X2_GET_resp_2xx],6865,3,3,0,0,0,0,0,0,0,0,0,0,0,0,0
6866,[X0_X1_GET_resp_2xx],6866,0,0,0,0,0,0,0,0,0,0,0,0,0,0,0
6867,REST_X0,6867,2,0,0,0,0,0,0,0,0,0,0,0,0,0,0
6868,[X0_X1_GET_req],6868,3,1,0,0,0,0,0,0,0,0,0,0,0,0,0
6869,REST_X1,6869,3,2,0,0,0,0,0,0,0,0,0,0,0,0,0
6870,REST_X1,6870,3,5,0,0,0,0,0,0,0,0,0,0,0,0,0
6871,[X1_X2_GET_req],6871,3,6,1,0,0,0,0,0,0,0,0,0,0,0,0
6872,REST_X2,6872,3,6,2,0,0,0,0,0,0,0,0,0,0,0,0
6873,REST_X2,6873,3,6,3,0,0,0,0,0,0,0,0,0,0,0,0
6874,[X1_X2_GET_resp_2xx],6874,3,3,0,0,0,0,0,0,0,0,0,0,0,0,0
6875,[X0_X1_GET_resp_2xx],6875,0,0,0,0,0,0,0,0,0,0,0,0,0,0,0
6876,REST_X0,6876,2,0,0,0,0,0,0,0,0,0,0,0,0,0,0
6877,[X0_X1_GET_req],6877,3,1,0,0,0,0,0,0,0,0,0,0,0,0,0
6878,REST_X1,6878,3,2,0,0,0,0,0,0,0,0,0,0,0,0,0
6879,REST_X1,6879,3,9,0,0,0,0,0,0,0,0,0,0,0,0,0
6880,[X1_X12_GET_req],6880,3,10,0,0,0,0,0,0,0,0,0,0,1,0,0
6881,REST_X12,6881,3,10,0,0,0,0,0,0,0,0,0,0,2,0,0
6882,REST_X12,6882,3,10,0,0,0,0,0,0,0,0,0,0,5,0,0
6883,[X12_X6_GET_req],6883,3,10,0,0,0,0,1,0,0,0,0,0,6,0,0
6884,REST_X6,6884,3,10,0,0,0,0,2,0,0,0,0,0,6,0,0
6885,REST_X6,6885,3,10,0,0,0,0,9,0,0,0,0,0,6,0,0
6886,[X6_X8_GET_req],6886,3,10,0,0,0,0,10,0,1,0,0,0,6,0,0
6887,REST_X8,6887,3,10,0,0,0,0,10,0,2,0,0,0,6,0,0
6888,REST_X8,6888,3,10,0,0,0,0,10,0,3,0,0,0,6,0,0
6889,[X6_X8_GET_resp_2xx],6889,3,10,0,0,0,0,3,0,0,0,0,0,6,0,0
6890,[X12_X6_GET_resp_2xx],6890,3,10,0,0,0,0,0,0,0,0,0,0,3,0,0
6891,[X1_X12_GET_resp_2xx],6891,3,3,0,0,0,0,0,0,0,0,0,0,0,0,0
6892,[X0_X1_GET_resp_2xx],6892,0,0,0,0,0,0,0,0,0,0,0,0,0,0,0
6893,REST_X0,6893,2,0,0,0,0,0,0,0,0,0,0,0,0,0,0
6894,[X0_X1_GET_req],6894,3,1,0,0,0,0,0,0,0,0,0,0,0,0,0
6895,REST_X1,6895,3,2,0,0,0,0,0,0,0,0,0,0,0,0,0
6896,REST_X1,6896,3,9,0,0,0,0,0,0,0,0,0,0,0,0,0
6897,[X1_X12_GET_req],6897,3,10,0,0,0,0,0,0,0,0,0,0,1,0,0
6898,REST_X12,6898,3,10,0,0,0,0,0,0,0,0,0,0,2,0,0
6899,REST_X12,6899,3,10,0,0,0,0,0,0,0,0,0,0,5,0,0
6900,[X12_X6_GET_req],6900,3,10,0,0,0,0,1,0,0,0,0,0,6,0,0
6901,REST_X6,6901,3,10,0,0,0,0,2,0,0,0,0,0,6,0,0
6902,REST_X6,6902,3,10,0,0,0,0,5,0,0,0,0,0,6,0,0
6903,[X6_X3_GET_req],6903,3,10,0,1,0,0,6,0,0,0,0,0,6,0,0
6904,REST_X3,6904,3,10,0,2,0,0,6,0,0,0,0,0,6,0,0
6905,REST_X3,6905,3,10,0,3,0,0,6,0,0,0,0,0,6,0,0
6906,[X6_X3_GET_resp_2xx],6906,3,10,0,0,0,0,3,0,0,0,0,0,6,0,0
6907,[X12_X6_GET_resp_2xx],6907,3,10,0,0,0,0,0,0,0,0,0,0,3,0,0
6908,[X1_X12_GET_resp_2xx],6908,3,3,0,0,0,0,0,0,0,0,0,0,0,0,0
6909,[X0_X1_GET_resp_2xx],6909,0,0,0,0,0,0,0,0,0,0,0,0,0,0,0
6910,REST_X0,6910,2,0,0,0,0,0,0,0,0,0,0,0,0,0,0
6911,[X0_X1_GET_req],6911,3,1,0,0,0,0,0,0,0,0,0,0,0,0,0
6912,REST_X1,6912,3,2,0,0,0,0,0,0,0,0,0,0,0,0,0
6913,REST_X1,6913,3,9,0,0,0,0,0,0,0,0,0,0,0,0,0
6914,[X1_X12_GET_req],6914,3,10,0,0,0,0,0,0,0,0,0,0,1,0,0
6915,REST_X12,6915,3,10,0,0,0,0,0,0,0,0,0,0,2,0,0
6916,REST_X12,6916,3,10,0,0,0,0,0,0,0,0,0,0,5,0,0
6917,[X12_X6_GET_req],6917,3,10,0,0,0,0,1,0,0,0,0,0,6,0,0
6918,REST_X6,6918,3,10,0,0,0,0,2,0,0,0,0,0,6,0,0
6919,REST_X6,6919,3,10,0,0,0,0,5,0,0,0,0,0,6,0,0
6920,[X6_X3_GET_req],6920,3,10,0,1,0,0,6,0,0,0,0,0,6,0,0
6921,REST_X3,6921,3,10,0,2,0,0,6,0,0,0,0,0,6,0,0
6922,REST_X3,6922,3,10,0,3,0,0,6,0,0,0,0,0,6,0,0
6923,[X6_X3_GET_resp_2xx],6923,3,10,0,0,0,0,3,0,0,0,0,0,6,0,0
6924,[X12_X6_GET_resp_2xx],6924,3,10,0,0,0,0,0,0,0,0,0,0,3,0,0
6925,[X1_X12_GET_resp_2xx],6925,3,3,0,0,0,0,0,0,0,0,0,0,0,0,0
6926,[X0_X1_GET_resp_2xx],6926,0,0,0,0,0,0,0,0,0,0,0,0,0,0,0
6927,REST_X0,6927,2,0,0,0,0,0,0,0,0,0,0,0,0,0,0
6928,[X0_X1_GET_req],6928,3,1,0,0,0,0,0,0,0,0,0,0,0,0,0
6929,REST_X1,6929,3,2,0,0,0,0,0,0,0,0,0,0,0,0,0
6930,REST_X1,6930,3,5,0,0,0,0,0,0,0,0,0,0,0,0,0
6931,[X1_X2_GET_req],6931,3,6,1,0,0,0,0,0,0,0,0,0,0,0,0
6932,REST_X2,6932,3,6,2,0,0,0,0,0,0,0,0,0,0,0,0
6933,REST_X2,6933,3,6,3,0,0,0,0,0,0,0,0,0,0,0,0
6934,[X1_X2_GET_resp_2xx],6934,3,3,0,0,0,0,0,0,0,0,0,0,0,0,0
6935,[X0_X1_GET_resp_2xx],6935,0,0,0,0,0,0,0,0,0,0,0,0,0,0,0
6936,REST_X0,6936,2,0,0,0,0,0,0,0,0,0,0,0,0,0,0
6937,[X0_X1_GET_req],6937,3,1,0,0,0,0,0,0,0,0,0,0,0,0,0
6938,REST_X1,6938,3,2,0,0,0,0,0,0,0,0,0,0,0,0,0
6939,REST_X1,6939,3,9,0,0,0,0,0,0,0,0,0,0,0,0,0
6940,[X1_X12_GET_req],6940,3,10,0,0,0,0,0,0,0,0,0,0,1,0,0
6941,REST_X12,6941,3,10,0,0,0,0,0,0,0,0,0,0,2,0,0
6942,REST_X12,6942,3,10,0,0,0,0,0,0,0,0,0,0,5,0,0
6943,[X12_X6_GET_req],6943,3,10,0,0,0,0,1,0,0,0,0,0,6,0,0
6944,REST_X6,6944,3,10,0,0,0,0,2,0,0,0,0,0,6,0,0
6945,REST_X6,6945,3,10,0,0,0,0,9,0,0,0,0,0,6,0,0
6946,[X6_X8_GET_req],6946,3,10,0,0,0,0,10,0,1,0,0,0,6,0,0
6947,REST_X8,6947,3,10,0,0,0,0,10,0,2,0,0,0,6,0,0
6948,REST_X8,6948,3,10,0,0,0,0,10,0,3,0,0,0,6,0,0
6949,[X6_X8_GET_resp_2xx],6949,3,10,0,0,0,0,3,0,0,0,0,0,6,0,0
6950,[X12_X6_GET_resp_2xx],6950,3,10,0,0,0,0,0,0,0,0,0,0,3,0,0
6951,[X1_X12_GET_resp_2xx],6951,3,3,0,0,0,0,0,0,0,0,0,0,0,0,0
6952,[X0_X1_GET_resp_2xx],6952,0,0,0,0,0,0,0,0,0,0,0,0,0,0,0
6953,REST_X0,6953,2,0,0,0,0,0,0,0,0,0,0,0,0,0,0
6954,[X0_X1_GET_req],6954,3,1,0,0,0,0,0,0,0,0,0,0,0,0,0
6955,REST_X1,6955,3,2,0,0,0,0,0,0,0,0,0,0,0,0,0
6956,REST_X1,6956,3,5,0,0,0,0,0,0,0,0,0,0,0,0,0
6957,[X1_X2_GET_req],6957,3,6,1,0,0,0,0,0,0,0,0,0,0,0,0
6958,REST_X2,6958,3,6,2,0,0,0,0,0,0,0,0,0,0,0,0
6959,REST_X2,6959,3,6,3,0,0,0,0,0,0,0,0,0,0,0,0
6960,[X1_X2_GET_resp_2xx],6960,3,3,0,0,0,0,0,0,0,0,0,0,0,0,0
6961,[X0_X1_GET_resp_2xx],6961,0,0,0,0,0,0,0,0,0,0,0,0,0,0,0
6962,REST_X0,6962,2,0,0,0,0,0,0,0,0,0,0,0,0,0,0
6963,[X0_X1_GET_req],6963,3,1,0,0,0,0,0,0,0,0,0,0,0,0,0
6964,REST_X1,6964,3,2,0,0,0,0,0,0,0,0,0,0,0,0,0
6965,REST_X1,6965,3,9,0,0,0,0,0,0,0,0,0,0,0,0,0
6966,[X1_X12_GET_req],6966,3,10,0,0,0,0,0,0,0,0,0,0,1,0,0
6967,REST_X12,6967,3,10,0,0,0,0,0,0,0,0,0,0,2,0,0
6968,REST_X12,6968,3,10,0,0,0,0,0,0,0,0,0,0,5,0,0
6969,[X12_X6_GET_req],6969,3,10,0,0,0,0,1,0,0,0,0,0,6,0,0
6970,REST_X6,6970,3,10,0,0,0,0,2,0,0,0,0,0,6,0,0
6971,REST_X6,6971,3,10,0,0,0,0,5,0,0,0,0,0,6,0,0
6972,[X6_X3_GET_req],6972,3,10,0,1,0,0,6,0,0,0,0,0,6,0,0
6973,REST_X3,6973,3,10,0,2,0,0,6,0,0,0,0,0,6,0,0
6974,REST_X3,6974,3,10,0,3,0,0,6,0,0,0,0,0,6,0,0
6975,[X6_X3_GET_resp_2xx],6975,3,10,0,0,0,0,3,0,0,0,0,0,6,0,0
6976,[X12_X6_GET_resp_2xx],6976,3,10,0,0,0,0,0,0,0,0,0,0,3,0,0
6977,[X1_X12_GET_resp_2xx],6977,3,3,0,0,0,0,0,0,0,0,0,0,0,0,0
6978,[X0_X1_GET_resp_2xx],6978,0,0,0,0,0,0,0,0,0,0,0,0,0,0,0
6979,REST_X0,6979,2,0,0,0,0,0,0,0,0,0,0,0,0,0,0
6980,[X0_X1_GET_req],6980,3,1,0,0,0,0,0,0,0,0,0,0,0,0,0
6981,REST_X1,6981,3,2,0,0,0,0,0,0,0,0,0,0,0,0,0
6982,REST_X1,6982,3,5,0,0,0,0,0,0,0,0,0,0,0,0,0
6983,[X1_X2_GET_req],6983,3,6,1,0,0,0,0,0,0,0,0,0,0,0,0
6984,REST_X2,6984,3,6,2,0,0,0,0,0,0,0,0,0,0,0,0
6985,REST_X2,6985,3,6,3,0,0,0,0,0,0,0,0,0,0,0,0
6986,[X1_X2_GET_resp_2xx],6986,3,3,0,0,0,0,0,0,0,0,0,0,0,0,0
6987,[X0_X1_GET_resp_2xx],6987,0,0,0,0,0,0,0,0,0,0,0,0,0,0,0
6988,REST_X0,6988,2,0,0,0,0,0,0,0,0,0,0,0,0,0,0
6989,[X0_X1_GET_req],6989,3,1,0,0,0,0,0,0,0,0,0,0,0,0,0
6990,REST_X1,6990,3,2,0,0,0,0,0,0,0,0,0,0,0,0,0
6991,REST_X1,6991,3,5,0,0,0,0,0,0,0,0,0,0,0,0,0
6992,[X1_X2_GET_req],6992,3,6,1,0,0,0,0,0,0,0,0,0,0,0,0
6993,REST_X2,6993,3,6,2,0,0,0,0,0,0,0,0,0,0,0,0
6994,REST_X2,6994,3,6,3,0,0,0,0,0,0,0,0,0,0,0,0
6995,[X1_X2_GET_resp_2xx],6995,3,3,0,0,0,0,0,0,0,0,0,0,0,0,0
6996,[X0_X1_GET_resp_2xx],6996,0,0,0,0,0,0,0,0,0,0,0,0,0,0,0
6997,REST_X0,6997,2,0,0,0,0,0,0,0,0,0,0,0,0,0,0
6998,[X0_X1_GET_req],6998,3,1,0,0,0,0,0,0,0,0,0,0,0,0,0
6999,REST_X1,6999,3,2,0,0,0,0,0,0,0,0,0,0,0,0,0
7000,REST_X1,7000,3,9,0,0,0,0,0,0,0,0,0,0,0,0,0
7001,[X1_X12_GET_req],7001,3,10,0,0,0,0,0,0,0,0,0,0,1,0,0
7002,REST_X12,7002,3,10,0,0,0,0,0,0,0,0,0,0,2,0,0
7003,REST_X12,7003,3,10,0,0,0,0,0,0,0,0,0,0,5,0,0
7004,[X12_X6_GET_req],7004,3,10,0,0,0,0,1,0,0,0,0,0,6,0,0
7005,REST_X6,7005,3,10,0,0,0,0,2,0,0,0,0,0,6,0,0
7006,REST_X6,7006,3,10,0,0,0,0,5,0,0,0,0,0,6,0,0
7007,[X6_X3_GET_req],7007,3,10,0,1,0,0,6,0,0,0,0,0,6,0,0
7008,REST_X3,7008,3,10,0,2,0,0,6,0,0,0,0,0,6,0,0
7009,REST_X3,7009,3,10,0,3,0,0,6,0,0,0,0,0,6,0,0
7010,[X6_X3_GET_resp_2xx],7010,3,10,0,0,0,0,3,0,0,0,0,0,6,0,0
7011,[X12_X6_GET_resp_2xx],7011,3,10,0,0,0,0,0,0,0,0,0,0,3,0,0
7012,[X1_X12_GET_resp_2xx],7012,3,3,0,0,0,0,0,0,0,0,0,0,0,0,0
7013,[X0_X1_GET_resp_2xx],7013,0,0,0,0,0,0,0,0,0,0,0,0,0,0,0
7014,REST_X0,7014,2,0,0,0,0,0,0,0,0,0,0,0,0,0,0
7015,[X0_X1_GET_req],7015,3,1,0,0,0,0,0,0,0,0,0,0,0,0,0
7016,REST_X1,7016,3,2,0,0,0,0,0,0,0,0,0,0,0,0,0
7017,REST_X1,7017,3,9,0,0,0,0,0,0,0,0,0,0,0,0,0
7018,[X1_X12_GET_req],7018,3,10,0,0,0,0,0,0,0,0,0,0,1,0,0
7019,REST_X12,7019,3,10,0,0,0,0,0,0,0,0,0,0,2,0,0
7020,REST_X12,7020,3,10,0,0,0,0,0,0,0,0,0,0,5,0,0
7021,[X12_X6_GET_req],7021,3,10,0,0,0,0,1,0,0,0,0,0,6,0,0
7022,REST_X6,7022,3,10,0,0,0,0,2,0,0,0,0,0,6,0,0
7023,REST_X6,7023,3,10,0,0,0,0,9,0,0,0,0,0,6,0,0
7024,[X6_X8_GET_req],7024,3,10,0,0,0,0,10,0,1,0,0,0,6,0,0
7025,REST_X8,7025,3,10,0,0,0,0,10,0,2,0,0,0,6,0,0
7026,REST_X8,7026,3,10,0,0,0,0,10,0,3,0,0,0,6,0,0
7027,[X6_X8_GET_resp_2xx],7027,3,10,0,0,0,0,3,0,0,0,0,0,6,0,0
7028,[X12_X6_GET_resp_2xx],7028,3,10,0,0,0,0,0,0,0,0,0,0,3,0,0
7029,[X1_X12_GET_resp_2xx],7029,3,3,0,0,0,0,0,0,0,0,0,0,0,0,0
7030,[X0_X1_GET_resp_2xx],7030,0,0,0,0,0,0,0,0,0,0,0,0,0,0,0
7031,REST_X0,7031,2,0,0,0,0,0,0,0,0,0,0,0,0,0,0
7032,[X0_X1_GET_req],7032,3,1,0,0,0,0,0,0,0,0,0,0,0,0,0
7033,REST_X1,7033,3,2,0,0,0,0,0,0,0,0,0,0,0,0,0
7034,REST_X1,7034,3,5,0,0,0,0,0,0,0,0,0,0,0,0,0
7035,[X1_X2_GET_req],7035,3,6,1,0,0,0,0,0,0,0,0,0,0,0,0
7036,REST_X2,7036,3,6,2,0,0,0,0,0,0,0,0,0,0,0,0
7037,REST_X2,7037,3,6,3,0,0,0,0,0,0,0,0,0,0,0,0
7038,[X1_X2_GET_resp_2xx],7038,3,3,0,0,0,0,0,0,0,0,0,0,0,0,0
7039,[X0_X1_GET_resp_2xx],7039,0,0,0,0,0,0,0,0,0,0,0,0,0,0,0
7040,REST_X0,7040,2,0,0,0,0,0,0,0,0,0,0,0,0,0,0
7041,[X0_X1_GET_req],7041,3,1,0,0,0,0,0,0,0,0,0,0,0,0,0
7042,REST_X1,7042,3,2,0,0,0,0,0,0,0,0,0,0,0,0,0
7043,REST_X1,7043,3,5,0,0,0,0,0,0,0,0,0,0,0,0,0
7044,[X1_X2_GET_req],7044,3,6,1,0,0,0,0,0,0,0,0,0,0,0,0
7045,REST_X2,7045,3,6,2,0,0,0,0,0,0,0,0,0,0,0,0
7046,REST_X2,7046,3,6,3,0,0,0,0,0,0,0,0,0,0,0,0
7047,[X1_X2_GET_resp_2xx],7047,3,3,0,0,0,0,0,0,0,0,0,0,0,0,0
7048,[X0_X1_GET_resp_2xx],7048,0,0,0,0,0,0,0,0,0,0,0,0,0,0,0
7049,REST_X0,7049,2,0,0,0,0,0,0,0,0,0,0,0,0,0,0
7050,[X0_X1_GET_req],7050,3,1,0,0,0,0,0,0,0,0,0,0,0,0,0
7051,REST_X1,7051,3,2,0,0,0,0,0,0,0,0,0,0,0,0,0
7052,REST_X1,7052,3,9,0,0,0,0,0,0,0,0,0,0,0,0,0
7053,[X1_X12_GET_req],7053,3,10,0,0,0,0,0,0,0,0,0,0,1,0,0
7054,REST_X12,7054,3,10,0,0,0,0,0,0,0,0,0,0,2,0,0
7055,REST_X12,7055,3,10,0,0,0,0,0,0,0,0,0,0,5,0,0
7056,[X12_X6_GET_req],7056,3,10,0,0,0,0,1,0,0,0,0,0,6,0,0
7057,REST_X6,7057,3,10,0,0,0,0,2,0,0,0,0,0,6,0,0
7058,REST_X6,7058,3,10,0,0,0,0,5,0,0,0,0,0,6,0,0
7059,[X6_X3_GET_req],7059,3,10,0,1,0,0,6,0,0,0,0,0,6,0,0
7060,REST_X3,7060,3,10,0,2,0,0,6,0,0,0,0,0,6,0,0
7061,REST_X3,7061,3,10,0,3,0,0,6,0,0,0,0,0,6,0,0
7062,[X6_X3_GET_resp_2xx],7062,3,10,0,0,0,0,3,0,0,0,0,0,6,0,0
7063,[X12_X6_GET_resp_2xx],7063,3,10,0,0,0,0,0,0,0,0,0,0,3,0,0
7064,[X1_X12_GET_resp_2xx],7064,3,3,0,0,0,0,0,0,0,0,0,0,0,0,0
7065,[X0_X1_GET_resp_2xx],7065,0,0,0,0,0,0,0,0,0,0,0,0,0,0,0
7066,REST_X0,7066,2,0,0,0,0,0,0,0,0,0,0,0,0,0,0
7067,[X0_X1_GET_req],7067,3,1,0,0,0,0,0,0,0,0,0,0,0,0,0
7068,REST_X1,7068,3,2,0,0,0,0,0,0,0,0,0,0,0,0,0
7069,REST_X1,7069,3,5,0,0,0,0,0,0,0,0,0,0,0,0,0
7070,[X1_X2_GET_req],7070,3,6,1,0,0,0,0,0,0,0,0,0,0,0,0
7071,REST_X2,7071,3,6,2,0,0,0,0,0,0,0,0,0,0,0,0
7072,REST_X2,7072,3,6,3,0,0,0,0,0,0,0,0,0,0,0,0
7073,[X1_X2_GET_resp_2xx],7073,3,3,0,0,0,0,0,0,0,0,0,0,0,0,0
7074,[X0_X1_GET_resp_2xx],7074,0,0,0,0,0,0,0,0,0,0,0,0,0,0,0
7075,REST_X0,7075,2,0,0,0,0,0,0,0,0,0,0,0,0,0,0
7076,[X0_X1_GET_req],7076,3,1,0,0,0,0,0,0,0,0,0,0,0,0,0
7077,REST_X1,7077,3,2,0,0,0,0,0,0,0,0,0,0,0,0,0
7078,REST_X1,7078,3,5,0,0,0,0,0,0,0,0,0,0,0,0,0
7079,[X1_X2_GET_req],7079,3,6,1,0,0,0,0,0,0,0,0,0,0,0,0
7080,REST_X2,7080,3,6,2,0,0,0,0,0,0,0,0,0,0,0,0
7081,REST_X2,7081,3,6,4,0,0,0,0,0,0,0,0,0,0,0,0
7082,[X1_X2_GET_resp_5xx],7082,3,7,0,0,0,0,0,0,0,0,0,0,0,0,0
7083,[X1_X2_GET_req],7083,3,8,1,0,0,0,0,0,0,0,0,0,0,0,0
7084,REST_X2,7084,3,8,2,0,0,0,0,0,0,0,0,0,0,0,0
7085,REST_X2,7085,3,8,3,0,0,0,0,0,0,0,0,0,0,0,0
7086,[X1_X2_GET_resp_2xx],7086,3,3,0,0,0,0,0,0,0,0,0,0,0,0,0
7087,[X0_X1_GET_resp_2xx],7087,0,0,0,0,0,0,0,0,0,0,0,0,0,0,0
7088,REST_X0,7088,2,0,0,0,0,0,0,0,0,0,0,0,0,0,0
7089,[X0_X1_GET_req],7089,3,1,0,0,0,0,0,0,0,0,0,0,0,0,0
7090,REST_X1,7090,3,2,0,0,0,0,0,0,0,0,0,0,0,0,0
7091,REST_X1,7091,3,9,0,0,0,0,0,0,0,0,0,0,0,0,0
7092,[X1_X12_GET_req],7092,3,10,0,0,0,0,0,0,0,0,0,0,1,0,0
7093,REST_X12,7093,3,10,0,0,0,0,0,0,0,0,0,0,2,0,0
7094,REST_X12,7094,3,10,0,0,0,0,0,0,0,0,0,0,5,0,0
7095,[X12_X6_GET_req],7095,3,10,0,0,0,0,1,0,0,0,0,0,6,0,0
7096,REST_X6,7096,3,10,0,0,0,0,2,0,0,0,0,0,6,0,0
7097,REST_X6,7097,3,10,0,0,0,0,5,0,0,0,0,0,6,0,0
7098,[X6_X3_GET_req],7098,3,10,0,1,0,0,6,0,0,0,0,0,6,0,0
7099,REST_X3,7099,3,10,0,2,0,0,6,0,0,0,0,0,6,0,0
7100,REST_X3,7100,3,10,0,3,0,0,6,0,0,0,0,0,6,0,0
7101,[X6_X3_GET_resp_2xx],7101,3,10,0,0,0,0,3,0,0,0,0,0,6,0,0
7102,[X12_X6_GET_resp_2xx],7102,3,10,0,0,0,0,0,0,0,0,0,0,3,0,0
7103,[X1_X12_GET_resp_2xx],7103,3,3,0,0,0,0,0,0,0,0,0,0,0,0,0
7104,[X0_X1_GET_resp_2xx],7104,0,0,0,0,0,0,0,0,0,0,0,0,0,0,0
7105,REST_X0,7105,2,0,0,0,0,0,0,0,0,0,0,0,0,0,0
7106,[X0_X1_GET_req],7106,3,1,0,0,0,0,0,0,0,0,0,0,0,0,0
7107,REST_X1,7107,3,2,0,0,0,0,0,0,0,0,0,0,0,0,0
7108,REST_X1,7108,3,9,0,0,0,0,0,0,0,0,0,0,0,0,0
7109,[X1_X12_GET_req],7109,3,10,0,0,0,0,0,0,0,0,0,0,1,0,0
7110,REST_X12,7110,3,10,0,0,0,0,0,0,0,0,0,0,2,0,0
7111,REST_X12,7111,3,10,0,0,0,0,0,0,0,0,0,0,5,0,0
7112,[X12_X6_GET_req],7112,3,10,0,0,0,0,1,0,0,0,0,0,6,0,0
7113,REST_X6,7113,3,10,0,0,0,0,2,0,0,0,0,0,6,0,0
7114,REST_X6,7114,3,10,0,0,0,0,13,0,0,0,0,0,6,0,0
7115,[X6_X7_GET_req],7115,3,10,0,0,0,0,14,1,0,0,0,0,6,0,0
7116,REST_X7,7116,3,10,0,0,0,0,14,2,0,0,0,0,6,0,0
7117,REST_X7,7117,3,10,0,0,0,0,14,5,0,0,0,0,6,0,0
7118,[X7_X5_GET_req],7118,3,10,0,0,0,1,14,6,0,0,0,0,6,0,0
7119,REST_X5,7119,3,10,0,0,0,2,14,6,0,0,0,0,6,0,0
7120,REST_X5,7120,3,10,0,0,0,3,14,6,0,0,0,0,6,0,0
7121,[X7_X5_GET_resp_2xx],7121,3,10,0,0,0,0,14,3,0,0,0,0,6,0,0
7122,[X6_X7_GET_resp_2xx],7122,3,10,0,0,0,0,3,0,0,0,0,0,6,0,0
7123,[X12_X6_GET_resp_2xx],7123,3,10,0,0,0,0,0,0,0,0,0,0,3,0,0
7124,[X1_X12_GET_resp_2xx],7124,3,3,0,0,0,0,0,0,0,0,0,0,0,0,0
7125,[X0_X1_GET_resp_2xx],7125,0,0,0,0,0,0,0,0,0,0,0,0,0,0,0
7126,REST_X0,7126,2,0,0,0,0,0,0,0,0,0,0,0,0,0,0
7127,[X0_X1_GET_req],7127,3,1,0,0,0,0,0,0,0,0,0,0,0,0,0
7128,REST_X1,7128,3,2,0,0,0,0,0,0,0,0,0,0,0,0,0
7129,REST_X1,7129,3,5,0,0,0,0,0,0,0,0,0,0,0,0,0
7130,[X1_X2_GET_req],7130,3,6,1,0,0,0,0,0,0,0,0,0,0,0,0
7131,REST_X2,7131,3,6,2,0,0,0,0,0,0,0,0,0,0,0,0
7132,REST_X2,7132,3,6,3,0,0,0,0,0,0,0,0,0,0,0,0
7133,[X1_X2_GET_resp_2xx],7133,3,3,0,0,0,0,0,0,0,0,0,0,0,0,0
7134,[X0_X1_GET_resp_2xx],7134,0,0,0,0,0,0,0,0,0,0,0,0,0,0,0
7135,REST_X0,7135,2,0,0,0,0,0,0,0,0,0,0,0,0,0,0
7136,[X0_X1_GET_req],7136,3,1,0,0,0,0,0,0,0,0,0,0,0,0,0
7137,REST_X1,7137,3,2,0,0,0,0,0,0,0,0,0,0,0,0,0
7138,REST_X1,7138,3,5,0,0,0,0,0,0,0,0,0,0,0,0,0
7139,[X1_X2_GET_req],7139,3,6,1,0,0,0,0,0,0,0,0,0,0,0,0
7140,REST_X2,7140,3,6,2,0,0,0,0,0,0,0,0,0,0,0,0
7141,REST_X2,7141,3,6,3,0,0,0,0,0,0,0,0,0,0,0,0
7142,[X1_X2_GET_resp_2xx],7142,3,3,0,0,0,0,0,0,0,0,0,0,0,0,0
7143,[X0_X1_GET_resp_2xx],7143,0,0,0,0,0,0,0,0,0,0,0,0,0,0,0
7144,REST_X0,7144,2,0,0,0,0,0,0,0,0,0,0,0,0,0,0
7145,[X0_X1_GET_req],7145,3,1,0,0,0,0,0,0,0,0,0,0,0,0,0
7146,REST_X1,7146,3,2,0,0,0,0,0,0,0,0,0,0,0,0,0
7147,REST_X1,7147,3,9,0,0,0,0,0,0,0,0,0,0,0,0,0
7148,[X1_X12_GET_req],7148,3,10,0,0,0,0,0,0,0,0,0,0,1,0,0
7149,REST_X12,7149,3,10,0,0,0,0,0,0,0,0,0,0,2,0,0
7150,REST_X12,7150,3,10,0,0,0,0,0,0,0,0,0,0,5,0,0
7151,[X12_X6_GET_req],7151,3,10,0,0,0,0,1,0,0,0,0,0,6,0,0
7152,REST_X6,7152,3,10,0,0,0,0,2,0,0,0,0,0,6,0,0
7153,REST_X6,7153,3,10,0,0,0,0,9,0,0,0,0,0,6,0,0
7154,[X6_X8_GET_req],7154,3,10,0,0,0,0,10,0,1,0,0,0,6,0,0
7155,REST_X8,7155,3,10,0,0,0,0,10,0,2,0,0,0,6,0,0
7156,REST_X8,7156,3,10,0,0,0,0,10,0,3,0,0,0,6,0,0
7157,[X6_X8_GET_resp_2xx],7157,3,10,0,0,0,0,3,0,0,0,0,0,6,0,0
7158,[X12_X6_GET_resp_2xx],7158,3,10,0,0,0,0,0,0,0,0,0,0,3,0,0
7159,[X1_X12_GET_resp_2xx],7159,3,3,0,0,0,0,0,0,0,0,0,0,0,0,0
7160,[X0_X1_GET_resp_2xx],7160,0,0,0,0,0,0,0,0,0,0,0,0,0,0,0
7161,REST_X0,7161,2,0,0,0,0,0,0,0,0,0,0,0,0,0,0
7162,[X0_X1_GET_req],7162,3,1,0,0,0,0,0,0,0,0,0,0,0,0,0
7163,REST_X1,7163,3,2,0,0,0,0,0,0,0,0,0,0,0,0,0
7164,REST_X1,7164,3,9,0,0,0,0,0,0,0,0,0,0,0,0,0
7165,[X1_X12_GET_req],7165,3,10,0,0,0,0,0,0,0,0,0,0,1,0,0
7166,REST_X12,7166,3,10,0,0,0,0,0,0,0,0,0,0,2,0,0
7167,REST_X12,7167,3,10,0,0,0,0,0,0,0,0,0,0,5,0,0
7168,[X12_X6_GET_req],7168,3,10,0,0,0,0,1,0,0,0,0,0,6,0,0
7169,REST_X6,7169,3,10,0,0,0,0,2,0,0,0,0,0,6,0,0
7170,REST_X6,7170,3,10,0,0,0,0,13,0,0,0,0,0,6,0,0
7171,[X6_X7_GET_req],7171,3,10,0,0,0,0,14,1,0,0,0,0,6,0,0
7172,REST_X7,7172,3,10,0,0,0,0,14,2,0,0,0,0,6,0,0
7173,REST_X7,7173,3,10,0,0,0,0,14,5,0,0,0,0,6,0,0
7174,[X7_X5_GET_req],7174,3,10,0,0,0,1,14,6,0,0,0,0,6,0,0
7175,REST_X5,7175,3,10,0,0,0,2,14,6,0,0,0,0,6,0,0
7176,REST_X5,7176,3,10,0,0,0,3,14,6,0,0,0,0,6,0,0
7177,[X7_X5_GET_resp_2xx],7177,3,10,0,0,0,0,14,3,0,0,0,0,6,0,0
7178,[X6_X7_GET_resp_2xx],7178,3,10,0,0,0,0,3,0,0,0,0,0,6,0,0
7179,[X12_X6_GET_resp_2xx],7179,3,10,0,0,0,0,0,0,0,0,0,0,3,0,0
7180,[X1_X12_GET_resp_2xx],7180,3,3,0,0,0,0,0,0,0,0,0,0,0,0,0
7181,[X0_X1_GET_resp_2xx],7181,0,0,0,0,0,0,0,0,0,0,0,0,0,0,0
7182,REST_X0,7182,2,0,0,0,0,0,0,0,0,0,0,0,0,0,0
7183,[X0_X1_GET_req],7183,3,1,0,0,0,0,0,0,0,0,0,0,0,0,0
7184,REST_X1,7184,3,2,0,0,0,0,0,0,0,0,0,0,0,0,0
7185,REST_X1,7185,3,9,0,0,0,0,0,0,0,0,0,0,0,0,0
7186,[X1_X12_GET_req],7186,3,10,0,0,0,0,0,0,0,0,0,0,1,0,0
7187,REST_X12,7187,3,10,0,0,0,0,0,0,0,0,0,0,2,0,0
7188,REST_X12,7188,3,10,0,0,0,0,0,0,0,0,0,0,5,0,0
7189,[X12_X6_GET_req],7189,3,10,0,0,0,0,1,0,0,0,0,0,6,0,0
7190,REST_X6,7190,3,10,0,0,0,0,2,0,0,0,0,0,6,0,0
7191,REST_X6,7191,3,10,0,0,0,0,9,0,0,0,0,0,6,0,0
7192,[X6_X8_GET_req],7192,3,10,0,0,0,0,10,0,1,0,0,0,6,0,0
7193,REST_X8,7193,3,10,0,0,0,0,10,0,2,0,0,0,6,0,0
7194,REST_X8,7194,3,10,0,0,0,0,10,0,3,0,0,0,6,0,0
7195,[X6_X8_GET_resp_2xx],7195,3,10,0,0,0,0,3,0,0,0,0,0,6,0,0
7196,[X12_X6_GET_resp_2xx],7196,3,10,0,0,0,0,0,0,0,0,0,0,3,0,0
7197,[X1_X12_GET_resp_2xx],7197,3,3,0,0,0,0,0,0,0,0,0,0,0,0,0
7198,[X0_X1_GET_resp_2xx],7198,0,0,0,0,0,0,0,0,0,0,0,0,0,0,0
7199,REST_X0,7199,2,0,0,0,0,0,0,0,0,0,0,0,0,0,0
7200,[X0_X1_GET_req],7200,3,1,0,0,0,0,0,0,0,0,0,0,0,0,0
7201,REST_X1,7201,3,2,0,0,0,0,0,0,0,0,0,0,0,0,0
7202,REST_X1,7202,3,9,0,0,0,0,0,0,0,0,0,0,0,0,0
7203,[X1_X12_GET_req],7203,3,10,0,0,0,0,0,0,0,0,0,0,1,0,0
7204,REST_X12,7204,3,10,0,0,0,0,0,0,0,0,0,0,2,0,0
7205,REST_X12,7205,3,10,0,0,0,0,0,0,0,0,0,0,5,0,0
7206,[X12_X6_GET_req],7206,3,10,0,0,0,0,1,0,0,0,0,0,6,0,0
7207,REST_X6,7207,3,10,0,0,0,0,2,0,0,0,0,0,6,0,0
7208,REST_X6,7208,3,10,0,0,0,0,5,0,0,0,0,0,6,0,0
7209,[X6_X3_GET_req],7209,3,10,0,1,0,0,6,0,0,0,0,0,6,0,0
7210,REST_X3,7210,3,10,0,2,0,0,6,0,0,0,0,0,6,0,0
7211,REST_X3,7211,3,10,0,3,0,0,6,0,0,0,0,0,6,0,0
7212,[X6_X3_GET_resp_2xx],7212,3,10,0,0,0,0,3,0,0,0,0,0,6,0,0
7213,[X12_X6_GET_resp_2xx],7213,3,10,0,0,0,0,0,0,0,0,0,0,3,0,0
7214,[X1_X12_GET_resp_2xx],7214,3,3,0,0,0,0,0,0,0,0,0,0,0,0,0
7215,[X0_X1_GET_resp_2xx],7215,0,0,0,0,0,0,0,0,0,0,0,0,0,0,0
7216,REST_X0,7216,2,0,0,0,0,0,0,0,0,0,0,0,0,0,0
7217,[X0_X1_GET_req],7217,3,1,0,0,0,0,0,0,0,0,0,0,0,0,0
7218,REST_X1,7218,3,2,0,0,0,0,0,0,0,0,0,0,0,0,0
7219,REST_X1,7219,3,9,0,0,0,0,0,0,0,0,0,0,0,0,0
7220,[X1_X12_GET_req],7220,3,10,0,0,0,0,0,0,0,0,0,0,1,0,0
7221,REST_X12,7221,3,10,0,0,0,0,0,0,0,0,0,0,2,0,0
7222,REST_X12,7222,3,10,0,0,0,0,0,0,0,0,0,0,5,0,0
7223,[X12_X6_GET_req],7223,3,10,0,0,0,0,1,0,0,0,0,0,6,0,0
7224,REST_X6,7224,3,10,0,0,0,0,2,0,0,0,0,0,6,0,0
7225,REST_X6,7225,3,10,0,0,0,0,9,0,0,0,0,0,6,0,0
7226,[X6_X8_GET_req],7226,3,10,0,0,0,0,10,0,1,0,0,0,6,0,0
7227,REST_X8,7227,3,10,0,0,0,0,10,0,2,0,0,0,6,0,0
7228,REST_X8,7228,3,10,0,0,0,0,10,0,3,0,0,0,6,0,0
7229,[X6_X8_GET_resp_2xx],7229,3,10,0,0,0,0,3,0,0,0,0,0,6,0,0
7230,[X12_X6_GET_resp_2xx],7230,3,10,0,0,0,0,0,0,0,0,0,0,3,0,0
7231,[X1_X12_GET_resp_2xx],7231,3,3,0,0,0,0,0,0,0,0,0,0,0,0,0
7232,[X0_X1_GET_resp_2xx],7232,0,0,0,0,0,0,0,0,0,0,0,0,0,0,0
7233,REST_X0,7233,2,0,0,0,0,0,0,0,0,0,0,0,0,0,0
7234,[X0_X1_GET_req],7234,3,1,0,0,0,0,0,0,0,0,0,0,0,0,0
7235,REST_X1,7235,3,2,0,0,0,0,0,0,0,0,0,0,0,0,0
7236,REST_X1,7236,3,9,0,0,0,0,0,0,0,0,0,0,0,0,0
7237,[X1_X12_GET_req],7237,3,10,0,0,0,0,0,0,0,0,0,0,1,0,0
7238,REST_X12,7238,3,10,0,0,0,0,0,0,0,0,0,0,2,0,0
7239,REST_X12,7239,3,10,0,0,0,0,0,0,0,0,0,0,5,0,0
7240,[X12_X6_GET_req],7240,3,10,0,0,0,0,1,0,0,0,0,0,6,0,0
7241,REST_X6,7241,3,10,0,0,0,0,2,0,0,0,0,0,6,0,0
7242,REST_X6,7242,3,10,0,0,0,0,13,0,0,0,0,0,6,0,0
7243,[X6_X7_GET_req],7243,3,10,0,0,0,0,14,1,0,0,0,0,6,0,0
7244,REST_X7,7244,3,10,0,0,0,0,14,2,0,0,0,0,6,0,0
7245,REST_X7,7245,3,10,0,0,0,0,14,5,0,0,0,0,6,0,0
7246,[X7_X5_GET_req],7246,3,10,0,0,0,1,14,6,0,0,0,0,6,0,0
7247,REST_X5,7247,3,10,0,0,0,2,14,6,0,0,0,0,6,0,0
7248,REST_X5,7248,3,10,0,0,0,3,14,6,0,0,0,0,6,0,0
7249,[X7_X5_GET_resp_2xx],7249,3,10,0,0,0,0,14,3,0,0,0,0,6,0,0
7250,[X6_X7_GET_resp_2xx],7250,3,10,0,0,0,0,3,0,0,0,0,0,6,0,0
7251,[X12_X6_GET_resp_2xx],7251,3,10,0,0,0,0,0,0,0,0,0,0,3,0,0
7252,[X1_X12_GET_resp_2xx],7252,3,3,0,0,0,0,0,0,0,0,0,0,0,0,0
7253,[X0_X1_GET_resp_2xx],7253,0,0,0,0,0,0,0,0,0,0,0,0,0,0,0
7254,REST_X0,7254,2,0,0,0,0,0,0,0,0,0,0,0,0,0,0
7255,[X0_X1_GET_req],7255,3,1,0,0,0,0,0,0,0,0,0,0,0,0,0
7256,REST_X1,7256,3,2,0,0,0,0,0,0,0,0,0,0,0,0,0
7257,REST_X1,7257,3,5,0,0,0,0,0,0,0,0,0,0,0,0,0
7258,[X1_X2_GET_req],7258,3,6,1,0,0,0,0,0,0,0,0,0,0,0,0
7259,REST_X2,7259,3,6,2,0,0,0,0,0,0,0,0,0,0,0,0
7260,REST_X2,7260,3,6,3,0,0,0,0,0,0,0,0,0,0,0,0
7261,[X1_X2_GET_resp_2xx],7261,3,3,0,0,0,0,0,0,0,0,0,0,0,0,0
7262,[X0_X1_GET_resp_2xx],7262,0,0,0,0,0,0,0,0,0,0,0,0,0,0,0
7263,REST_X0,7263,2,0,0,0,0,0,0,0,0,0,0,0,0,0,0
7264,[X0_X1_GET_req],7264,3,1,0,0,0,0,0,0,0,0,0,0,0,0,0
7265,REST_X1,7265,3,2,0,0,0,0,0,0,0,0,0,0,0,0,0
7266,REST_X1,7266,3,9,0,0,0,0,0,0,0,0,0,0,0,0,0
7267,[X1_X12_GET_req],7267,3,10,0,0,0,0,0,0,0,0,0,0,1,0,0
7268,REST_X12,7268,3,10,0,0,0,0,0,0,0,0,0,0,2,0,0
7269,REST_X12,7269,3,10,0,0,0,0,0,0,0,0,0,0,5,0,0
7270,[X12_X6_GET_req],7270,3,10,0,0,0,0,1,0,0,0,0,0,6,0,0
7271,REST_X6,7271,3,10,0,0,0,0,2,0,0,0,0,0,6,0,0
7272,REST_X6,7272,3,10,0,0,0,0,9,0,0,0,0,0,6,0,0
7273,[X6_X8_GET_req],7273,3,10,0,0,0,0,10,0,1,0,0,0,6,0,0
7274,REST_X8,7274,3,10,0,0,0,0,10,0,2,0,0,0,6,0,0
7275,REST_X8,7275,3,10,0,0,0,0,10,0,3,0,0,0,6,0,0
7276,[X6_X8_GET_resp_2xx],7276,3,10,0,0,0,0,3,0,0,0,0,0,6,0,0
7277,[X12_X6_GET_resp_2xx],7277,3,10,0,0,0,0,0,0,0,0,0,0,3,0,0
7278,[X1_X12_GET_resp_2xx],7278,3,3,0,0,0,0,0,0,0,0,0,0,0,0,0
7279,[X0_X1_GET_resp_2xx],7279,0,0,0,0,0,0,0,0,0,0,0,0,0,0,0
7280,REST_X0,7280,2,0,0,0,0,0,0,0,0,0,0,0,0,0,0
7281,[X0_X1_GET_req],7281,3,1,0,0,0,0,0,0,0,0,0,0,0,0,0
7282,REST_X1,7282,3,2,0,0,0,0,0,0,0,0,0,0,0,0,0
7283,REST_X1,7283,3,5,0,0,0,0,0,0,0,0,0,0,0,0,0
7284,[X1_X2_GET_req],7284,3,6,1,0,0,0,0,0,0,0,0,0,0,0,0
7285,REST_X2,7285,3,6,2,0,0,0,0,0,0,0,0,0,0,0,0
7286,REST_X2,7286,3,6,3,0,0,0,0,0,0,0,0,0,0,0,0
7287,[X1_X2_GET_resp_2xx],7287,3,3,0,0,0,0,0,0,0,0,0,0,0,0,0
7288,[X0_X1_GET_resp_2xx],7288,0,0,0,0,0,0,0,0,0,0,0,0,0,0,0
7289,REST_X0,7289,2,0,0,0,0,0,0,0,0,0,0,0,0,0,0
7290,[X0_X1_GET_req],7290,3,1,0,0,0,0,0,0,0,0,0,0,0,0,0
7291,REST_X1,7291,3,2,0,0,0,0,0,0,0,0,0,0,0,0,0
7292,REST_X1,7292,3,9,0,0,0,0,0,0,0,0,0,0,0,0,0
7293,[X1_X12_GET_req],7293,3,10,0,0,0,0,0,0,0,0,0,0,1,0,0
7294,REST_X12,7294,3,10,0,0,0,0,0,0,0,0,0,0,2,0,0
7295,REST_X12,7295,3,10,0,0,0,0,0,0,0,0,0,0,5,0,0
7296,[X12_X6_GET_req],7296,3,10,0,0,0,0,1,0,0,0,0,0,6,0,0
7297,REST_X6,7297,3,10,0,0,0,0,2,0,0,0,0,0,6,0,0
7298,REST_X6,7298,3,10,0,0,0,0,9,0,0,0,0,0,6,0,0
7299,[X6_X8_GET_req],7299,3,10,0,0,0,0,10,0,1,0,0,0,6,0,0
7300,REST_X8,7300,3,10,0,0,0,0,10,0,2,0,0,0,6,0,0
7301,REST_X8,7301,3,10,0,0,0,0,10,0,3,0,0,0,6,0,0
7302,[X6_X8_GET_resp_2xx],7302,3,10,0,0,0,0,3,0,0,0,0,0,6,0,0
7303,[X12_X6_GET_resp_2xx],7303,3,10,0,0,0,0,0,0,0,0,0,0,3,0,0
7304,[X1_X12_GET_resp_2xx],7304,3,3,0,0,0,0,0,0,0,0,0,0,0,0,0
7305,[X0_X1_GET_resp_2xx],7305,0,0,0,0,0,0,0,0,0,0,0,0,0,0,0
7306,REST_X0,7306,2,0,0,0,0,0,0,0,0,0,0,0,0,0,0
7307,[X0_X1_GET_req],7307,3,1,0,0,0,0,0,0,0,0,0,0,0,0,0
7308,REST_X1,7308,3,2,0,0,0,0,0,0,0,0,0,0,0,0,0
7309,REST_X1,7309,3,5,0,0,0,0,0,0,0,0,0,0,0,0,0
7310,[X1_X2_GET_req],7310,3,6,1,0,0,0,0,0,0,0,0,0,0,0,0
7311,REST_X2,7311,3,6,2,0,0,0,0,0,0,0,0,0,0,0,0
7312,REST_X2,7312,3,6,4,0,0,0,0,0,0,0,0,0,0,0,0
7313,[X1_X2_GET_resp_5xx],7313,3,7,0,0,0,0,0,0,0,0,0,0,0,0,0
7314,[X1_X2_GET_req],7314,3,8,1,0,0,0,0,0,0,0,0,0,0,0,0
7315,REST_X2,7315,3,8,2,0,0,0,0,0,0,0,0,0,0,0,0
7316,REST_X2,7316,3,8,3,0,0,0,0,0,0,0,0,0,0,0,0
7317,[X1_X2_GET_resp_2xx],7317,3,3,0,0,0,0,0,0,0,0,0,0,0,0,0
7318,[X0_X1_GET_resp_2xx],7318,0,0,0,0,0,0,0,0,0,0,0,0,0,0,0
7319,REST_X0,7319,2,0,0,0,0,0,0,0,0,0,0,0,0,0,0
7320,[X0_X1_GET_req],7320,3,1,0,0,0,0,0,0,0,0,0,0,0,0,0
7321,REST_X1,7321,3,2,0,0,0,0,0,0,0,0,0,0,0,0,0
7322,REST_X1,7322,3,5,0,0,0,0,0,0,0,0,0,0,0,0,0
7323,[X1_X2_GET_req],7323,3,6,1,0,0,0,0,0,0,0,0,0,0,0,0
7324,REST_X2,7324,3,6,2,0,0,0,0,0,0,0,0,0,0,0,0
7325,REST_X2,7325,3,6,3,0,0,0,0,0,0,0,0,0,0,0,0
7326,[X1_X2_GET_resp_2xx],7326,3,3,0,0,0,0,0,0,0,0,0,0,0,0,0
7327,[X0_X1_GET_resp_2xx],7327,0,0,0,0,0,0,0,0,0,0,0,0,0,0,0
7328,REST_X0,7328,2,0,0,0,0,0,0,0,0,0,0,0,0,0,0
7329,[X0_X1_GET_req],7329,3,1,0,0,0,0,0,0,0,0,0,0,0,0,0
7330,REST_X1,7330,3,2,0,0,0,0,0,0,0,0,0,0,0,0,0
7331,REST_X1,7331,3,9,0,0,0,0,0,0,0,0,0,0,0,0,0
7332,[X1_X12_GET_req],7332,3,10,0,0,0,0,0,0,0,0,0,0,1,0,0
7333,REST_X12,7333,3,10,0,0,0,0,0,0,0,0,0,0,2,0,0
7334,REST_X12,7334,3,10,0,0,0,0,0,0,0,0,0,0,5,0,0
7335,[X12_X6_GET_req],7335,3,10,0,0,0,0,1,0,0,0,0,0,6,0,0
7336,REST_X6,7336,3,10,0,0,0,0,2,0,0,0,0,0,6,0,0
7337,REST_X6,7337,3,10,0,0,0,0,13,0,0,0,0,0,6,0,0
7338,[X6_X7_GET_req],7338,3,10,0,0,0,0,14,1,0,0,0,0,6,0,0
7339,REST_X7,7339,3,10,0,0,0,0,14,2,0,0,0,0,6,0,0
7340,REST_X7,7340,3,10,0,0,0,0,14,9,0,0,0,0,6,0,0
7341,[X7_X9_GET_req],7341,3,10,0,0,0,0,14,10,0,1,0,0,6,0,0
7342,REST_X9,7342,3,10,0,0,0,0,14,10,0,2,0,0,6,0,0
7343,REST_X9,7343,3,10,0,0,0,0,14,10,0,5,0,0,6,0,0
7344,[X9_X11_GET_req],7344,3,10,0,0,0,0,14,10,0,6,0,1,6,0,0
7345,REST_X11,7345,3,10,0,0,0,0,14,10,0,6,0,2,6,0,0
7346,REST_X11,7346,3,10,0,0,0,0,14,10,0,6,0,3,6,0,0
7347,[X9_X11_GET_resp_2xx],7347,3,10,0,0,0,0,14,10,0,3,0,0,6,0,0
7348,[X7_X9_GET_resp_2xx],7348,3,10,0,0,0,0,14,3,0,0,0,0,6,0,0
7349,[X6_X7_GET_resp_2xx],7349,3,10,0,0,0,0,3,0,0,0,0,0,6,0,0
7350,[X12_X6_GET_resp_2xx],7350,3,10,0,0,0,0,0,0,0,0,0,0,3,0,0
7351,[X1_X12_GET_resp_2xx],7351,3,3,0,0,0,0,0,0,0,0,0,0,0,0,0
7352,[X0_X1_GET_resp_2xx],7352,0,0,0,0,0,0,0,0,0,0,0,0,0,0,0
7353,REST_X0,7353,2,0,0,0,0,0,0,0,0,0,0,0,0,0,0
7354,[X0_X1_GET_req],7354,3,1,0,0,0,0,0,0,0,0,0,0,0,0,0
7355,REST_X1,7355,3,2,0,0,0,0,0,0,0,0,0,0,0,0,0
7356,REST_X1,7356,3,5,0,0,0,0,0,0,0,0,0,0,0,0,0
7357,[X1_X2_GET_req],7357,3,6,1,0,0,0,0,0,0,0,0,0,0,0,0
7358,REST_X2,7358,3,6,2,0,0,0,0,0,0,0,0,0,0,0,0
7359,REST_X2,7359,3,6,3,0,0,0,0,0,0,0,0,0,0,0,0
7360,[X1_X2_GET_resp_2xx],7360,3,3,0,0,0,0,0,0,0,0,0,0,0,0,0
7361,[X0_X1_GET_resp_2xx],7361,0,0,0,0,0,0,0,0,0,0,0,0,0,0,0
7362,REST_X0,7362,2,0,0,0,0,0,0,0,0,0,0,0,0,0,0
7363,[X0_X1_GET_req],7363,3,1,0,0,0,0,0,0,0,0,0,0,0,0,0
7364,REST_X1,7364,3,2,0,0,0,0,0,0,0,0,0,0,0,0,0
7365,REST_X1,7365,3,5,0,0,0,0,0,0,0,0,0,0,0,0,0
7366,[X1_X2_GET_req],7366,3,6,1,0,0,0,0,0,0,0,0,0,0,0,0
7367,REST_X2,7367,3,6,2,0,0,0,0,0,0,0,0,0,0,0,0
7368,REST_X2,7368,3,6,3,0,0,0,0,0,0,0,0,0,0,0,0
7369,[X1_X2_GET_resp_2xx],7369,3,3,0,0,0,0,0,0,0,0,0,0,0,0,0
7370,[X0_X1_GET_resp_2xx],7370,0,0,0,0,0,0,0,0,0,0,0,0,0,0,0
7371,REST_X0,7371,2,0,0,0,0,0,0,0,0,0,0,0,0,0,0
7372,[X0_X1_GET_req],7372,3,1,0,0,0,0,0,0,0,0,0,0,0,0,0
7373,REST_X1,7373,3,2,0,0,0,0,0,0,0,0,0,0,0,0,0
7374,REST_X1,7374,3,5,0,0,0,0,0,0,0,0,0,0,0,0,0
7375,[X1_X2_GET_req],7375,3,6,1,0,0,0,0,0,0,0,0,0,0,0,0
7376,REST_X2,7376,3,6,2,0,0,0,0,0,0,0,0,0,0,0,0
7377,REST_X2,7377,3,6,3,0,0,0,0,0,0,0,0,0,0,0,0
7378,[X1_X2_GET_resp_2xx],7378,3,3,0,0,0,0,0,0,0,0,0,0,0,0,0
7379,[X0_X1_GET_resp_2xx],7379,0,0,0,0,0,0,0,0,0,0,0,0,0,0,0
7380,REST_X0,7380,2,0,0,0,0,0,0,0,0,0,0,0,0,0,0
7381,[X0_X1_GET_req],7381,3,1,0,0,0,0,0,0,0,0,0,0,0,0,0
7382,REST_X1,7382,3,2,0,0,0,0,0,0,0,0,0,0,0,0,0
7383,REST_X1,7383,3,9,0,0,0,0,0,0,0,0,0,0,0,0,0
7384,[X1_X12_GET_req],7384,3,10,0,0,0,0,0,0,0,0,0,0,1,0,0
7385,REST_X12,7385,3,10,0,0,0,0,0,0,0,0,0,0,2,0,0
7386,REST_X12,7386,3,10,0,0,0,0,0,0,0,0,0,0,5,0,0
7387,[X12_X6_GET_req],7387,3,10,0,0,0,0,1,0,0,0,0,0,6,0,0
7388,REST_X6,7388,3,10,0,0,0,0,2,0,0,0,0,0,6,0,0
7389,REST_X6,7389,3,10,0,0,0,0,5,0,0,0,0,0,6,0,0
7390,[X6_X3_GET_req],7390,3,10,0,1,0,0,6,0,0,0,0,0,6,0,0
7391,REST_X3,7391,3,10,0,2,0,0,6,0,0,0,0,0,6,0,0
7392,REST_X3,7392,3,10,0,3,0,0,6,0,0,0,0,0,6,0,0
7393,[X6_X3_GET_resp_2xx],7393,3,10,0,0,0,0,3,0,0,0,0,0,6,0,0
7394,[X12_X6_GET_resp_2xx],7394,3,10,0,0,0,0,0,0,0,0,0,0,3,0,0
7395,[X1_X12_GET_resp_2xx],7395,3,3,0,0,0,0,0,0,0,0,0,0,0,0,0
7396,[X0_X1_GET_resp_2xx],7396,0,0,0,0,0,0,0,0,0,0,0,0,0,0,0
7397,REST_X0,7397,2,0,0,0,0,0,0,0,0,0,0,0,0,0,0
7398,[X0_X1_GET_req],7398,3,1,0,0,0,0,0,0,0,0,0,0,0,0,0
7399,REST_X1,7399,3,2,0,0,0,0,0,0,0,0,0,0,0,0,0
7400,REST_X1,7400,3,5,0,0,0,0,0,0,0,0,0,0,0,0,0
7401,[X1_X2_GET_req],7401,3,6,1,0,0,0,0,0,0,0,0,0,0,0,0
7402,REST_X2,7402,3,6,2,0,0,0,0,0,0,0,0,0,0,0,0
7403,REST_X2,7403,3,6,3,0,0,0,0,0,0,0,0,0,0,0,0
7404,[X1_X2_GET_resp_2xx],7404,3,3,0,0,0,0,0,0,0,0,0,0,0,0,0
7405,[X0_X1_GET_resp_2xx],7405,0,0,0,0,0,0,0,0,0,0,0,0,0,0,0
7406,REST_X0,7406,2,0,0,0,0,0,0,0,0,0,0,0,0,0,0
7407,[X0_X1_GET_req],7407,3,1,0,0,0,0,0,0,0,0,0,0,0,0,0
7408,REST_X1,7408,3,2,0,0,0,0,0,0,0,0,0,0,0,0,0
7409,REST_X1,7409,3,5,0,0,0,0,0,0,0,0,0,0,0,0,0
7410,[X1_X2_GET_req],7410,3,6,1,0,0,0,0,0,0,0,0,0,0,0,0
7411,REST_X2,7411,3,6,2,0,0,0,0,0,0,0,0,0,0,0,0
7412,REST_X2,7412,3,6,3,0,0,0,0,0,0,0,0,0,0,0,0
7413,[X1_X2_GET_resp_2xx],7413,3,3,0,0,0,0,0,0,0,0,0,0,0,0,0
7414,[X0_X1_GET_resp_2xx],7414,0,0,0,0,0,0,0,0,0,0,0,0,0,0,0
7415,REST_X0,7415,2,0,0,0,0,0,0,0,0,0,0,0,0,0,0
7416,[X0_X1_GET_req],7416,3,1,0,0,0,0,0,0,0,0,0,0,0,0,0
7417,REST_X1,7417,3,2,0,0,0,0,0,0,0,0,0,0,0,0,0
7418,REST_X1,7418,3,5,0,0,0,0,0,0,0,0,0,0,0,0,0
7419,[X1_X2_GET_req],7419,3,6,1,0,0,0,0,0,0,0,0,0,0,0,0
7420,REST_X2,7420,3,6,2,0,0,0,0,0,0,0,0,0,0,0,0
7421,REST_X2,7421,3,6,3,0,0,0,0,0,0,0,0,0,0,0,0
7422,[X1_X2_GET_resp_2xx],7422,3,3,0,0,0,0,0,0,0,0,0,0,0,0,0
7423,[X0_X1_GET_resp_2xx],7423,0,0,0,0,0,0,0,0,0,0,0,0,0,0,0
7424,REST_X0,7424,2,0,0,0,0,0,0,0,0,0,0,0,0,0,0
7425,[X0_X1_GET_req],7425,3,1,0,0,0,0,0,0,0,0,0,0,0,0,0
7426,REST_X1,7426,3,2,0,0,0,0,0,0,0,0,0,0,0,0,0
7427,REST_X1,7427,3,9,0,0,0,0,0,0,0,0,0,0,0,0,0
7428,[X1_X12_GET_req],7428,3,10,0,0,0,0,0,0,0,0,0,0,1,0,0
7429,REST_X12,7429,3,10,0,0,0,0,0,0,0,0,0,0,2,0,0
7430,REST_X12,7430,3,10,0,0,0,0,0,0,0,0,0,0,5,0,0
7431,[X12_X6_GET_req],7431,3,10,0,0,0,0,1,0,0,0,0,0,6,0,0
7432,REST_X6,7432,3,10,0,0,0,0,2,0,0,0,0,0,6,0,0
7433,REST_X6,7433,3,10,0,0,0,0,9,0,0,0,0,0,6,0,0
7434,[X6_X8_GET_req],7434,3,10,0,0,0,0,10,0,1,0,0,0,6,0,0
7435,REST_X8,7435,3,10,0,0,0,0,10,0,2,0,0,0,6,0,0
7436,REST_X8,7436,3,10,0,0,0,0,10,0,3,0,0,0,6,0,0
7437,[X6_X8_GET_resp_2xx],7437,3,10,0,0,0,0,3,0,0,0,0,0,6,0,0
7438,[X12_X6_GET_resp_2xx],7438,3,10,0,0,0,0,0,0,0,0,0,0,3,0,0
7439,[X1_X12_GET_resp_2xx],7439,3,3,0,0,0,0,0,0,0,0,0,0,0,0,0
7440,[X0_X1_GET_resp_2xx],7440,0,0,0,0,0,0,0,0,0,0,0,0,0,0,0
7441,REST_X0,7441,2,0,0,0,0,0,0,0,0,0,0,0,0,0,0
7442,[X0_X1_GET_req],7442,3,1,0,0,0,0,0,0,0,0,0,0,0,0,0
7443,REST_X1,7443,3,2,0,0,0,0,0,0,0,0,0,0,0,0,0
7444,REST_X1,7444,3,5,0,0,0,0,0,0,0,0,0,0,0,0,0
7445,[X1_X2_GET_req],7445,3,6,1,0,0,0,0,0,0,0,0,0,0,0,0
7446,REST_X2,7446,3,6,2,0,0,0,0,0,0,0,0,0,0,0,0
7447,REST_X2,7447,3,6,3,0,0,0,0,0,0,0,0,0,0,0,0
7448,[X1_X2_GET_resp_2xx],7448,3,3,0,0,0,0,0,0,0,0,0,0,0,0,0
7449,[X0_X1_GET_resp_2xx],7449,0,0,0,0,0,0,0,0,0,0,0,0,0,0,0
7450,REST_X0,7450,2,0,0,0,0,0,0,0,0,0,0,0,0,0,0
7451,[X0_X1_GET_req],7451,3,1,0,0,0,0,0,0,0,0,0,0,0,0,0
7452,REST_X1,7452,3,2,0,0,0,0,0,0,0,0,0,0,0,0,0
7453,REST_X1,7453,3,9,0,0,0,0,0,0,0,0,0,0,0,0,0
7454,[X1_X12_GET_req],7454,3,10,0,0,0,0,0,0,0,0,0,0,1,0,0
7455,REST_X12,7455,3,10,0,0,0,0,0,0,0,0,0,0,2,0,0
7456,REST_X12,7456,3,10,0,0,0,0,0,0,0,0,0,0,5,0,0
7457,[X12_X6_GET_req],7457,3,10,0,0,0,0,1,0,0,0,0,0,6,0,0
7458,REST_X6,7458,3,10,0,0,0,0,2,0,0,0,0,0,6,0,0
7459,REST_X6,7459,3,10,0,0,0,0,9,0,0,0,0,0,6,0,0
7460,[X6_X8_GET_req],7460,3,10,0,0,0,0,10,0,1,0,0,0,6,0,0
7461,REST_X8,7461,3,10,0,0,0,0,10,0,2,0,0,0,6,0,0
7462,REST_X8,7462,3,10,0,0,0,0,10,0,3,0,0,0,6,0,0
7463,[X6_X8_GET_resp_2xx],7463,3,10,0,0,0,0,3,0,0,0,0,0,6,0,0
7464,[X12_X6_GET_resp_2xx],7464,3,10,0,0,0,0,0,0,0,0,0,0,3,0,0
7465,[X1_X12_GET_resp_2xx],7465,3,3,0,0,0,0,0,0,0,0,0,0,0,0,0
7466,[X0_X1_GET_resp_2xx],7466,0,0,0,0,0,0,0,0,0,0,0,0,0,0,0
7467,REST_X0,7467,2,0,0,0,0,0,0,0,0,0,0,0,0,0,0
7468,[X0_X1_GET_req],7468,3,1,0,0,0,0,0,0,0,0,0,0,0,0,0
7469,REST_X1,7469,3,2,0,0,0,0,0,0,0,0,0,0,0,0,0
7470,REST_X1,7470,3,9,0,0,0,0,0,0,0,0,0,0,0,0,0
7471,[X1_X12_GET_req],7471,3,10,0,0,0,0,0,0,0,0,0,0,1,0,0
7472,REST_X12,7472,3,10,0,0,0,0,0,0,0,0,0,0,2,0,0
7473,REST_X12,7473,3,10,0,0,0,0,0,0,0,0,0,0,5,0,0
7474,[X12_X6_GET_req],7474,3,10,0,0,0,0,1,0,0,0,0,0,6,0,0
7475,REST_X6,7475,3,10,0,0,0,0,2,0,0,0,0,0,6,0,0
7476,REST_X6,7476,3,10,0,0,0,0,9,0,0,0,0,0,6,0,0
7477,[X6_X8_GET_req],7477,3,10,0,0,0,0,10,0,1,0,0,0,6,0,0
7478,REST_X8,7478,3,10,0,0,0,0,10,0,2,0,0,0,6,0,0
7479,REST_X8,7479,3,10,0,0,0,0,10,0,3,0,0,0,6,0,0
7480,[X6_X8_GET_resp_2xx],7480,3,10,0,0,0,0,3,0,0,0,0,0,6,0,0
7481,[X12_X6_GET_resp_2xx],7481,3,10,0,0,0,0,0,0,0,0,0,0,3,0,0
7482,[X1_X12_GET_resp_2xx],7482,3,3,0,0,0,0,0,0,0,0,0,0,0,0,0
7483,[X0_X1_GET_resp_2xx],7483,0,0,0,0,0,0,0,0,0,0,0,0,0,0,0
7484,REST_X0,7484,2,0,0,0,0,0,0,0,0,0,0,0,0,0,0
7485,[X0_X1_GET_req],7485,3,1,0,0,0,0,0,0,0,0,0,0,0,0,0
7486,REST_X1,7486,3,2,0,0,0,0,0,0,0,0,0,0,0,0,0
7487,REST_X1,7487,3,9,0,0,0,0,0,0,0,0,0,0,0,0,0
7488,[X1_X12_GET_req],7488,3,10,0,0,0,0,0,0,0,0,0,0,1,0,0
7489,REST_X12,7489,3,10,0,0,0,0,0,0,0,0,0,0,2,0,0
7490,REST_X12,7490,3,10,0,0,0,0,0,0,0,0,0,0,5,0,0
7491,[X12_X6_GET_req],7491,3,10,0,0,0,0,1,0,0,0,0,0,6,0,0
7492,REST_X6,7492,3,10,0,0,0,0,2,0,0,0,0,0,6,0,0
7493,REST_X6,7493,3,10,0,0,0,0,13,0,0,0,0,0,6,0,0
7494,[X6_X7_GET_req],7494,3,10,0,0,0,0,14,1,0,0,0,0,6,0,0
7495,REST_X7,7495,3,10,0,0,0,0,14,2,0,0,0,0,6,0,0
7496,REST_X7,7496,3,10,0,0,0,0,14,5,0,0,0,0,6,0,0
7497,[X7_X5_GET_req],7497,3,10,0,0,0,1,14,6,0,0,0,0,6,0,0
7498,REST_X5,7498,3,10,0,0,0,2,14,6,0,0,0,0,6,0,0
7499,REST_X5,7499,3,10,0,0,0,4,14,6,0,0,0,0,6,0,0
7500,[X7_X5_GET_resp_5xx],7500,3,10,0,0,0,0,14,7,0,0,0,0,6,0,0
7501,[X7_X5_GET_req],7501,3,10,0,0,0,1,14,8,0,0,0,0,6,0,0
7502,REST_X5,7502,3,10,0,0,0,2,14,8,0,0,0,0,6,0,0
7503,REST_X5,7503,3,10,0,0,0,3,14,8,0,0,0,0,6,0,0
7504,[X7_X5_GET_resp_2xx],7504,3,10,0,0,0,0,14,3,0,0,0,0,6,0,0
7505,[X6_X7_GET_resp_2xx],7505,3,10,0,0,0,0,3,0,0,0,0,0,6,0,0
7506,[X12_X6_GET_resp_2xx],7506,3,10,0,0,0,0,0,0,0,0,0,0,3,0,0
7507,[X1_X12_GET_resp_2xx],7507,3,3,0,0,0,0,0,0,0,0,0,0,0,0,0
7508,[X0_X1_GET_resp_2xx],7508,0,0,0,0,0,0,0,0,0,0,0,0,0,0,0
7509,REST_X0,7509,2,0,0,0,0,0,0,0,0,0,0,0,0,0,0
7510,[X0_X1_GET_req],7510,3,1,0,0,0,0,0,0,0,0,0,0,0,0,0
7511,REST_X1,7511,3,2,0,0,0,0,0,0,0,0,0,0,0,0,0
7512,REST_X1,7512,3,9,0,0,0,0,0,0,0,0,0,0,0,0,0
7513,[X1_X12_GET_req],7513,3,10,0,0,0,0,0,0,0,0,0,0,1,0,0
7514,REST_X12,7514,3,10,0,0,0,0,0,0,0,0,0,0,2,0,0
7515,REST_X12,7515,3,10,0,0,0,0,0,0,0,0,0,0,5,0,0
7516,[X12_X6_GET_req],7516,3,10,0,0,0,0,1,0,0,0,0,0,6,0,0
7517,REST_X6,7517,3,10,0,0,0,0,2,0,0,0,0,0,6,0,0
7518,REST_X6,7518,3,10,0,0,0,0,9,0,0,0,0,0,6,0,0
7519,[X6_X8_GET_req],7519,3,10,0,0,0,0,10,0,1,0,0,0,6,0,0
7520,REST_X8,7520,3,10,0,0,0,0,10,0,2,0,0,0,6,0,0
7521,REST_X8,7521,3,10,0,0,0,0,10,0,3,0,0,0,6,0,0
7522,[X6_X8_GET_resp_2xx],7522,3,10,0,0,0,0,3,0,0,0,0,0,6,0,0
7523,[X12_X6_GET_resp_2xx],7523,3,10,0,0,0,0,0,0,0,0,0,0,3,0,0
7524,[X1_X12_GET_resp_2xx],7524,3,3,0,0,0,0,0,0,0,0,0,0,0,0,0
7525,[X0_X1_GET_resp_2xx],7525,0,0,0,0,0,0,0,0,0,0,0,0,0,0,0
7526,REST_X0,7526,2,0,0,0,0,0,0,0,0,0,0,0,0,0,0
7527,[X0_X1_GET_req],7527,3,1,0,0,0,0,0,0,0,0,0,0,0,0,0
7528,REST_X1,7528,3,2,0,0,0,0,0,0,0,0,0,0,0,0,0
7529,REST_X1,7529,3,5,0,0,0,0,0,0,0,0,0,0,0,0,0
7530,[X1_X2_GET_req],7530,3,6,1,0,0,0,0,0,0,0,0,0,0,0,0
7531,REST_X2,7531,3,6,2,0,0,0,0,0,0,0,0,0,0,0,0
7532,REST_X2,7532,3,6,3,0,0,0,0,0,0,0,0,0,0,0,0
7533,[X1_X2_GET_resp_2xx],7533,3,3,0,0,0,0,0,0,0,0,0,0,0,0,0
7534,[X0_X1_GET_resp_2xx],7534,0,0,0,0,0,0,0,0,0,0,0,0,0,0,0
7535,REST_X0,7535,2,0,0,0,0,0,0,0,0,0,0,0,0,0,0
7536,[X0_X1_GET_req],7536,3,1,0,0,0,0,0,0,0,0,0,0,0,0,0
7537,REST_X1,7537,3,2,0,0,0,0,0,0,0,0,0,0,0,0,0
7538,REST_X1,7538,3,9,0,0,0,0,0,0,0,0,0,0,0,0,0
7539,[X1_X12_GET_req],7539,3,10,0,0,0,0,0,0,0,0,0,0,1,0,0
7540,REST_X12,7540,3,10,0,0,0,0,0,0,0,0,0,0,2,0,0
7541,REST_X12,7541,3,10,0,0,0,0,0,0,0,0,0,0,5,0,0
7542,[X12_X6_GET_req],7542,3,10,0,0,0,0,1,0,0,0,0,0,6,0,0
7543,REST_X6,7543,3,10,0,0,0,0,2,0,0,0,0,0,6,0,0
7544,REST_X6,7544,3,10,0,0,0,0,13,0,0,0,0,0,6,0,0
7545,[X6_X7_GET_req],7545,3,10,0,0,0,0,14,1,0,0,0,0,6,0,0
7546,REST_X7,7546,3,10,0,0,0,0,14,2,0,0,0,0,6,0,0
7547,REST_X7,7547,3,10,0,0,0,0,14,9,0,0,0,0,6,0,0
7548,[X7_X9_GET_req],7548,3,10,0,0,0,0,14,10,0,1,0,0,6,0,0
7549,REST_X9,7549,3,10,0,0,0,0,14,10,0,2,0,0,6,0,0
7550,REST_X9,7550,3,10,0,0,0,0,14,10,0,9,0,0,6,0,0
7551,[X9_X4_GET_req],7551,3,10,0,0,1,0,14,10,0,10,0,0,6,0,0
7552,REST_X4,7552,3,10,0,0,2,0,14,10,0,10,0,0,6,0,0
7553,REST_X4,7553,3,10,0,0,9,0,14,10,0,10,0,0,6,0,0
7554,[X4_X14_GET_req],7554,3,10,0,0,10,0,14,10,0,10,0,0,6,0,1
7555,REST_X14,7555,3,10,0,0,10,0,14,10,0,10,0,0,6,0,2
7556,REST_X14,7556,3,10,0,0,10,0,14,10,0,10,0,0,6,0,5
7557,[X14_X13_GET_req],7557,3,10,0,0,10,0,14,10,0,10,0,0,6,1,6
7558,REST_X13,7558,3,10,0,0,10,0,14,10,0,10,0,0,6,2,6
7559,REST_X13,7559,3,10,0,0,10,0,14,10,0,10,0,0,6,3,6
7560,[X14_X13_GET_resp_2xx],7560,3,10,0,0,10,0,14,10,0,10,0,0,6,0,3
7561,[X4_X14_GET_resp_2xx],7561,3,10,0,0,3,0,14,10,0,10,0,0,6,0,0
7562,[X9_X4_GET_resp_2xx],7562,3,10,0,0,0,0,14,10,0,3,0,0,6,0,0
7563,[X7_X9_GET_resp_2xx],7563,3,10,0,0,0,0,14,3,0,0,0,0,6,0,0
7564,[X6_X7_GET_resp_2xx],7564,3,10,0,0,0,0,3,0,0,0,0,0,6,0,0
7565,[X12_X6_GET_resp_2xx],7565,3,10,0,0,0,0,0,0,0,0,0,0,3,0,0
7566,[X1_X12_GET_resp_2xx],7566,3,3,0,0,0,0,0,0,0,0,0,0,0,0,0
7567,[X0_X1_GET_resp_2xx],7567,0,0,0,0,0,0,0,0,0,0,0,0,0,0,0
7568,REST_X0,7568,2,0,0,0,0,0,0,0,0,0,0,0,0,0,0
7569,[X0_X1_GET_req],7569,3,1,0,0,0,0,0,0,0,0,0,0,0,0,0
7570,REST_X1,7570,3,2,0,0,0,0,0,0,0,0,0,0,0,0,0
7571,REST_X1,7571,3,9,0,0,0,0,0,0,0,0,0,0,0,0,0
7572,[X1_X12_GET_req],7572,3,10,0,0,0,0,0,0,0,0,0,0,1,0,0
7573,REST_X12,7573,3,10,0,0,0,0,0,0,0,0,0,0,2,0,0
7574,REST_X12,7574,3,10,0,0,0,0,0,0,0,0,0,0,5,0,0
7575,[X12_X6_GET_req],7575,3,10,0,0,0,0,1,0,0,0,0,0,6,0,0
7576,REST_X6,7576,3,10,0,0,0,0,2,0,0,0,0,0,6,0,0
7577,REST_X6,7577,3,10,0,0,0,0,9,0,0,0,0,0,6,0,0
7578,[X6_X8_GET_req],7578,3,10,0,0,0,0,10,0,1,0,0,0,6,0,0
7579,REST_X8,7579,3,10,0,0,0,0,10,0,2,0,0,0,6,0,0
7580,REST_X8,7580,3,10,0,0,0,0,10,0,3,0,0,0,6,0,0
7581,[X6_X8_GET_resp_2xx],7581,3,10,0,0,0,0,3,0,0,0,0,0,6,0,0
7582,[X12_X6_GET_resp_2xx],7582,3,10,0,0,0,0,0,0,0,0,0,0,3,0,0
7583,[X1_X12_GET_resp_2xx],7583,3,3,0,0,0,0,0,0,0,0,0,0,0,0,0
7584,[X0_X1_GET_resp_2xx],7584,0,0,0,0,0,0,0,0,0,0,0,0,0,0,0
7585,REST_X0,7585,2,0,0,0,0,0,0,0,0,0,0,0,0,0,0
7586,[X0_X1_GET_req],7586,3,1,0,0,0,0,0,0,0,0,0,0,0,0,0
7587,REST_X1,7587,3,2,0,0,0,0,0,0,0,0,0,0,0,0,0
7588,REST_X1,7588,3,9,0,0,0,0,0,0,0,0,0,0,0,0,0
7589,[X1_X12_GET_req],7589,3,10,0,0,0,0,0,0,0,0,0,0,1,0,0
7590,REST_X12,7590,3,10,0,0,0,0,0,0,0,0,0,0,2,0,0
7591,REST_X12,7591,3,10,0,0,0,0,0,0,0,0,0,0,5,0,0
7592,[X12_X6_GET_req],7592,3,10,0,0,0,0,1,0,0,0,0,0,6,0,0
7593,REST_X6,7593,3,10,0,0,0,0,2,0,0,0,0,0,6,0,0
7594,REST_X6,7594,3,10,0,0,0,0,13,0,0,0,0,0,6,0,0
7595,[X6_X7_GET_req],7595,3,10,0,0,0,0,14,1,0,0,0,0,6,0,0
7596,REST_X7,7596,3,10,0,0,0,0,14,2,0,0,0,0,6,0,0
7597,REST_X7,7597,3,10,0,0,0,0,14,5,0,0,0,0,6,0,0
7598,[X7_X5_GET_req],7598,3,10,0,0,0,1,14,6,0,0,0,0,6,0,0
7599,REST_X5,7599,3,10,0,0,0,2,14,6,0,0,0,0,6,0,0
7600,REST_X5,7600,3,10,0,0,0,3,14,6,0,0,0,0,6,0,0
7601,[X7_X5_GET_resp_2xx],7601,3,10,0,0,0,0,14,3,0,0,0,0,6,0,0
7602,[X6_X7_GET_resp_2xx],7602,3,10,0,0,0,0,3,0,0,0,0,0,6,0,0
7603,[X12_X6_GET_resp_2xx],7603,3,10,0,0,0,0,0,0,0,0,0,0,3,0,0
7604,[X1_X12_GET_resp_2xx],7604,3,3,0,0,0,0,0,0,0,0,0,0,0,0,0
7605,[X0_X1_GET_resp_2xx],7605,0,0,0,0,0,0,0,0,0,0,0,0,0,0,0
7606,REST_X0,7606,2,0,0,0,0,0,0,0,0,0,0,0,0,0,0
7607,[X0_X1_GET_req],7607,3,1,0,0,0,0,0,0,0,0,0,0,0,0,0
7608,REST_X1,7608,3,2,0,0,0,0,0,0,0,0,0,0,0,0,0
7609,REST_X1,7609,3,5,0,0,0,0,0,0,0,0,0,0,0,0,0
7610,[X1_X2_GET_req],7610,3,6,1,0,0,0,0,0,0,0,0,0,0,0,0
7611,REST_X2,7611,3,6,2,0,0,0,0,0,0,0,0,0,0,0,0
7612,REST_X2,7612,3,6,4,0,0,0,0,0,0,0,0,0,0,0,0
7613,[X1_X2_GET_resp_5xx],7613,3,7,0,0,0,0,0,0,0,0,0,0,0,0,0
7614,[X1_X2_GET_req],7614,3,8,1,0,0,0,0,0,0,0,0,0,0,0,0
7615,REST_X2,7615,3,8,2,0,0,0,0,0,0,0,0,0,0,0,0
7616,REST_X2,7616,3,8,3,0,0,0,0,0,0,0,0,0,0,0,0
7617,[X1_X2_GET_resp_2xx],7617,3,3,0,0,0,0,0,0,0,0,0,0,0,0,0
7618,[X0_X1_GET_resp_2xx],7618,0,0,0,0,0,0,0,0,0,0,0,0,0,0,0
7619,REST_X0,7619,2,0,0,0,0,0,0,0,0,0,0,0,0,0,0
7620,[X0_X1_GET_req],7620,3,1,0,0,0,0,0,0,0,0,0,0,0,0,0
7621,REST_X1,7621,3,2,0,0,0,0,0,0,0,0,0,0,0,0,0
7622,REST_X1,7622,3,5,0,0,0,0,0,0,0,0,0,0,0,0,0
7623,[X1_X2_GET_req],7623,3,6,1,0,0,0,0,0,0,0,0,0,0,0,0
7624,REST_X2,7624,3,6,2,0,0,0,0,0,0,0,0,0,0,0,0
7625,REST_X2,7625,3,6,3,0,0,0,0,0,0,0,0,0,0,0,0
7626,[X1_X2_GET_resp_2xx],7626,3,3,0,0,0,0,0,0,0,0,0,0,0,0,0
7627,[X0_X1_GET_resp_2xx],7627,0,0,0,0,0,0,0,0,0,0,0,0,0,0,0
7628,REST_X0,7628,2,0,0,0,0,0,0,0,0,0,0,0,0,0,0
7629,[X0_X1_GET_req],7629,3,1,0,0,0,0,0,0,0,0,0,0,0,0,0
7630,REST_X1,7630,3,2,0,0,0,0,0,0,0,0,0,0,0,0,0
7631,REST_X1,7631,3,9,0,0,0,0,0,0,0,0,0,0,0,0,0
7632,[X1_X12_GET_req],7632,3,10,0,0,0,0,0,0,0,0,0,0,1,0,0
7633,REST_X12,7633,3,10,0,0,0,0,0,0,0,0,0,0,2,0,0
7634,REST_X12,7634,3,10,0,0,0,0,0,0,0,0,0,0,5,0,0
7635,[X12_X6_GET_req],7635,3,10,0,0,0,0,1,0,0,0,0,0,6,0,0
7636,REST_X6,7636,3,10,0,0,0,0,2,0,0,0,0,0,6,0,0
7637,REST_X6,7637,3,10,0,0,0,0,5,0,0,0,0,0,6,0,0
7638,[X6_X3_GET_req],7638,3,10,0,1,0,0,6,0,0,0,0,0,6,0,0
7639,REST_X3,7639,3,10,0,2,0,0,6,0,0,0,0,0,6,0,0
7640,REST_X3,7640,3,10,0,3,0,0,6,0,0,0,0,0,6,0,0
7641,[X6_X3_GET_resp_2xx],7641,3,10,0,0,0,0,3,0,0,0,0,0,6,0,0
7642,[X12_X6_GET_resp_2xx],7642,3,10,0,0,0,0,0,0,0,0,0,0,3,0,0
7643,[X1_X12_GET_resp_2xx],7643,3,3,0,0,0,0,0,0,0,0,0,0,0,0,0
7644,[X0_X1_GET_resp_2xx],7644,0,0,0,0,0,0,0,0,0,0,0,0,0,0,0
7645,REST_X0,7645,2,0,0,0,0,0,0,0,0,0,0,0,0,0,0
7646,[X0_X1_GET_req],7646,3,1,0,0,0,0,0,0,0,0,0,0,0,0,0
7647,REST_X1,7647,3,2,0,0,0,0,0,0,0,0,0,0,0,0,0
7648,REST_X1,7648,3,5,0,0,0,0,0,0,0,0,0,0,0,0,0
7649,[X1_X2_GET_req],7649,3,6,1,0,0,0,0,0,0,0,0,0,0,0,0
7650,REST_X2,7650,3,6,2,0,0,0,0,0,0,0,0,0,0,0,0
7651,REST_X2,7651,3,6,3,0,0,0,0,0,0,0,0,0,0,0,0
7652,[X1_X2_GET_resp_2xx],7652,3,3,0,0,0,0,0,0,0,0,0,0,0,0,0
7653,[X0_X1_GET_resp_2xx],7653,0,0,0,0,0,0,0,0,0,0,0,0,0,0,0
7654,REST_X0,7654,2,0,0,0,0,0,0,0,0,0,0,0,0,0,0
7655,[X0_X1_GET_req],7655,3,1,0,0,0,0,0,0,0,0,0,0,0,0,0
7656,REST_X1,7656,3,2,0,0,0,0,0,0,0,0,0,0,0,0,0
7657,REST_X1,7657,3,9,0,0,0,0,0,0,0,0,0,0,0,0,0
7658,[X1_X12_GET_req],7658,3,10,0,0,0,0,0,0,0,0,0,0,1,0,0
7659,REST_X12,7659,3,10,0,0,0,0,0,0,0,0,0,0,2,0,0
7660,REST_X12,7660,3,10,0,0,0,0,0,0,0,0,0,0,5,0,0
7661,[X12_X6_GET_req],7661,3,10,0,0,0,0,1,0,0,0,0,0,6,0,0
7662,REST_X6,7662,3,10,0,0,0,0,2,0,0,0,0,0,6,0,0
7663,REST_X6,7663,3,10,0,0,0,0,5,0,0,0,0,0,6,0,0
7664,[X6_X3_GET_req],7664,3,10,0,1,0,0,6,0,0,0,0,0,6,0,0
7665,REST_X3,7665,3,10,0,2,0,0,6,0,0,0,0,0,6,0,0
7666,REST_X3,7666,3,10,0,3,0,0,6,0,0,0,0,0,6,0,0
7667,[X6_X3_GET_resp_2xx],7667,3,10,0,0,0,0,3,0,0,0,0,0,6,0,0
7668,[X12_X6_GET_resp_2xx],7668,3,10,0,0,0,0,0,0,0,0,0,0,3,0,0
7669,[X1_X12_GET_resp_2xx],7669,3,3,0,0,0,0,0,0,0,0,0,0,0,0,0
7670,[X0_X1_GET_resp_2xx],7670,0,0,0,0,0,0,0,0,0,0,0,0,0,0,0
7671,REST_X0,7671,2,0,0,0,0,0,0,0,0,0,0,0,0,0,0
7672,[X0_X1_GET_req],7672,3,1,0,0,0,0,0,0,0,0,0,0,0,0,0
7673,REST_X1,7673,3,2,0,0,0,0,0,0,0,0,0,0,0,0,0
7674,REST_X1,7674,3,9,0,0,0,0,0,0,0,0,0,0,0,0,0
7675,[X1_X12_GET_req],7675,3,10,0,0,0,0,0,0,0,0,0,0,1,0,0
7676,REST_X12,7676,3,10,0,0,0,0,0,0,0,0,0,0,2,0,0
7677,REST_X12,7677,3,10,0,0,0,0,0,0,0,0,0,0,5,0,0
7678,[X12_X6_GET_req],7678,3,10,0,0,0,0,1,0,0,0,0,0,6,0,0
7679,REST_X6,7679,3,10,0,0,0,0,2,0,0,0,0,0,6,0,0
7680,REST_X6,7680,3,10,0,0,0,0,5,0,0,0,0,0,6,0,0
7681,[X6_X3_GET_req],7681,3,10,0,1,0,0,6,0,0,0,0,0,6,0,0
7682,REST_X3,7682,3,10,0,2,0,0,6,0,0,0,0,0,6,0,0
7683,REST_X3,7683,3,10,0,3,0,0,6,0,0,0,0,0,6,0,0
7684,[X6_X3_GET_resp_2xx],7684,3,10,0,0,0,0,3,0,0,0,0,0,6,0,0
7685,[X12_X6_GET_resp_2xx],7685,3,10,0,0,0,0,0,0,0,0,0,0,3,0,0
7686,[X1_X12_GET_resp_2xx],7686,3,3,0,0,0,0,0,0,0,0,0,0,0,0,0
7687,[X0_X1_GET_resp_2xx],7687,0,0,0,0,0,0,0,0,0,0,0,0,0,0,0
7688,REST_X0,7688,2,0,0,0,0,0,0,0,0,0,0,0,0,0,0
7689,[X0_X1_GET_req],7689,3,1,0,0,0,0,0,0,0,0,0,0,0,0,0
7690,REST_X1,7690,3,2,0,0,0,0,0,0,0,0,0,0,0,0,0
7691,REST_X1,7691,3,5,0,0,0,0,0,0,0,0,0,0,0,0,0
7692,[X1_X2_GET_req],7692,3,6,1,0,0,0,0,0,0,0,0,0,0,0,0
7693,REST_X2,7693,3,6,2,0,0,0,0,0,0,0,0,0,0,0,0
7694,REST_X2,7694,3,6,3,0,0,0,0,0,0,0,0,0,0,0,0
7695,[X1_X2_GET_resp_2xx],7695,3,3,0,0,0,0,0,0,0,0,0,0,0,0,0
7696,[X0_X1_GET_resp_2xx],7696,0,0,0,0,0,0,0,0,0,0,0,0,0,0,0
7697,REST_X0,7697,2,0,0,0,0,0,0,0,0,0,0,0,0,0,0
7698,[X0_X1_GET_req],7698,3,1,0,0,0,0,0,0,0,0,0,0,0,0,0
7699,REST_X1,7699,3,2,0,0,0,0,0,0,0,0,0,0,0,0,0
7700,REST_X1,7700,3,9,0,0,0,0,0,0,0,0,0,0,0,0,0
7701,[X1_X12_GET_req],7701,3,10,0,0,0,0,0,0,0,0,0,0,1,0,0
7702,REST_X12,7702,3,10,0,0,0,0,0,0,0,0,0,0,2,0,0
7703,REST_X12,7703,3,10,0,0,0,0,0,0,0,0,0,0,5,0,0
7704,[X12_X6_GET_req],7704,3,10,0,0,0,0,1,0,0,0,0,0,6,0,0
7705,REST_X6,7705,3,10,0,0,0,0,2,0,0,0,0,0,6,0,0
7706,REST_X6,7706,3,10,0,0,0,0,5,0,0,0,0,0,6,0,0
7707,[X6_X3_GET_req],7707,3,10,0,1,0,0,6,0,0,0,0,0,6,0,0
7708,REST_X3,7708,3,10,0,2,0,0,6,0,0,0,0,0,6,0,0
7709,REST_X3,7709,3,10,0,3,0,0,6,0,0,0,0,0,6,0,0
7710,[X6_X3_GET_resp_2xx],7710,3,10,0,0,0,0,3,0,0,0,0,0,6,0,0
7711,[X12_X6_GET_resp_2xx],7711,3,10,0,0,0,0,0,0,0,0,0,0,3,0,0
7712,[X1_X12_GET_resp_2xx],7712,3,3,0,0,0,0,0,0,0,0,0,0,0,0,0
7713,[X0_X1_GET_resp_2xx],7713,0,0,0,0,0,0,0,0,0,0,0,0,0,0,0
7714,REST_X0,7714,2,0,0,0,0,0,0,0,0,0,0,0,0,0,0
7715,[X0_X1_GET_req],7715,3,1,0,0,0,0,0,0,0,0,0,0,0,0,0
7716,REST_X1,7716,3,2,0,0,0,0,0,0,0,0,0,0,0,0,0
7717,REST_X1,7717,3,5,0,0,0,0,0,0,0,0,0,0,0,0,0
7718,[X1_X2_GET_req],7718,3,6,1,0,0,0,0,0,0,0,0,0,0,0,0
7719,REST_X2,7719,3,6,2,0,0,0,0,0,0,0,0,0,0,0,0
7720,REST_X2,7720,3,6,3,0,0,0,0,0,0,0,0,0,0,0,0
7721,[X1_X2_GET_resp_2xx],7721,3,3,0,0,0,0,0,0,0,0,0,0,0,0,0
7722,[X0_X1_GET_resp_2xx],7722,0,0,0,0,0,0,0,0,0,0,0,0,0,0,0
7723,REST_X0,7723,2,0,0,0,0,0,0,0,0,0,0,0,0,0,0
7724,[X0_X1_GET_req],7724,3,1,0,0,0,0,0,0,0,0,0,0,0,0,0
7725,REST_X1,7725,3,2,0,0,0,0,0,0,0,0,0,0,0,0,0
7726,REST_X1,7726,3,9,0,0,0,0,0,0,0,0,0,0,0,0,0
7727,[X1_X12_GET_req],7727,3,10,0,0,0,0,0,0,0,0,0,0,1,0,0
7728,REST_X12,7728,3,10,0,0,0,0,0,0,0,0,0,0,2,0,0
7729,REST_X12,7729,3,10,0,0,0,0,0,0,0,0,0,0,5,0,0
7730,[X12_X6_GET_req],7730,3,10,0,0,0,0,1,0,0,0,0,0,6,0,0
7731,REST_X6,7731,3,10,0,0,0,0,2,0,0,0,0,0,6,0,0
7732,REST_X6,7732,3,10,0,0,0,0,13,0,0,0,0,0,6,0,0
7733,[X6_X7_GET_req],7733,3,10,0,0,0,0,14,1,0,0,0,0,6,0,0
7734,REST_X7,7734,3,10,0,0,0,0,14,2,0,0,0,0,6,0,0
7735,REST_X7,7735,3,10,0,0,0,0,14,5,0,0,0,0,6,0,0
7736,[X7_X5_GET_req],7736,3,10,0,0,0,1,14,6,0,0,0,0,6,0,0
7737,REST_X5,7737,3,10,0,0,0,2,14,6,0,0,0,0,6,0,0
7738,REST_X5,7738,3,10,0,0,0,3,14,6,0,0,0,0,6,0,0
7739,[X7_X5_GET_resp_2xx],7739,3,10,0,0,0,0,14,3,0,0,0,0,6,0,0
7740,[X6_X7_GET_resp_2xx],7740,3,10,0,0,0,0,3,0,0,0,0,0,6,0,0
7741,[X12_X6_GET_resp_2xx],7741,3,10,0,0,0,0,0,0,0,0,0,0,3,0,0
7742,[X1_X12_GET_resp_2xx],7742,3,3,0,0,0,0,0,0,0,0,0,0,0,0,0
7743,[X0_X1_GET_resp_2xx],7743,0,0,0,0,0,0,0,0,0,0,0,0,0,0,0
7744,REST_X0,7744,2,0,0,0,0,0,0,0,0,0,0,0,0,0,0
7745,[X0_X1_GET_req],7745,3,1,0,0,0,0,0,0,0,0,0,0,0,0,0
7746,REST_X1,7746,3,2,0,0,0,0,0,0,0,0,0,0,0,0,0
7747,REST_X1,7747,3,5,0,0,0,0,0,0,0,0,0,0,0,0,0
7748,[X1_X2_GET_req],7748,3,6,1,0,0,0,0,0,0,0,0,0,0,0,0
7749,REST_X2,7749,3,6,2,0,0,0,0,0,0,0,0,0,0,0,0
7750,REST_X2,7750,3,6,3,0,0,0,0,0,0,0,0,0,0,0,0
7751,[X1_X2_GET_resp_2xx],7751,3,3,0,0,0,0,0,0,0,0,0,0,0,0,0
7752,[X0_X1_GET_resp_2xx],7752,0,0,0,0,0,0,0,0,0,0,0,0,0,0,0
7753,REST_X0,7753,2,0,0,0,0,0,0,0,0,0,0,0,0,0,0
7754,[X0_X1_GET_req],7754,3,1,0,0,0,0,0,0,0,0,0,0,0,0,0
7755,REST_X1,7755,3,2,0,0,0,0,0,0,0,0,0,0,0,0,0
7756,REST_X1,7756,3,9,0,0,0,0,0,0,0,0,0,0,0,0,0
7757,[X1_X12_GET_req],7757,3,10,0,0,0,0,0,0,0,0,0,0,1,0,0
7758,REST_X12,7758,3,10,0,0,0,0,0,0,0,0,0,0,2,0,0
7759,REST_X12,7759,3,10,0,0,0,0,0,0,0,0,0,0,5,0,0
7760,[X12_X6_GET_req],7760,3,10,0,0,0,0,1,0,0,0,0,0,6,0,0
7761,REST_X6,7761,3,10,0,0,0,0,2,0,0,0,0,0,6,0,0
7762,REST_X6,7762,3,10,0,0,0,0,13,0,0,0,0,0,6,0,0
7763,[X6_X7_GET_req],7763,3,10,0,0,0,0,14,1,0,0,0,0,6,0,0
7764,REST_X7,7764,3,10,0,0,0,0,14,2,0,0,0,0,6,0,0
7765,REST_X7,7765,3,10,0,0,0,0,14,5,0,0,0,0,6,0,0
7766,[X7_X5_GET_req],7766,3,10,0,0,0,1,14,6,0,0,0,0,6,0,0
7767,REST_X5,7767,3,10,0,0,0,2,14,6,0,0,0,0,6,0,0
7768,REST_X5,7768,3,10,0,0,0,3,14,6,0,0,0,0,6,0,0
7769,[X7_X5_GET_resp_2xx],7769,3,10,0,0,0,0,14,3,0,0,0,0,6,0,0
7770,[X6_X7_GET_resp_2xx],7770,3,10,0,0,0,0,3,0,0,0,0,0,6,0,0
7771,[X12_X6_GET_resp_2xx],7771,3,10,0,0,0,0,0,0,0,0,0,0,3,0,0
7772,[X1_X12_GET_resp_2xx],7772,3,3,0,0,0,0,0,0,0,0,0,0,0,0,0
7773,[X0_X1_GET_resp_2xx],7773,0,0,0,0,0,0,0,0,0,0,0,0,0,0,0
7774,REST_X0,7774,2,0,0,0,0,0,0,0,0,0,0,0,0,0,0
7775,[X0_X1_GET_req],7775,3,1,0,0,0,0,0,0,0,0,0,0,0,0,0
7776,REST_X1,7776,3,2,0,0,0,0,0,0,0,0,0,0,0,0,0
7777,REST_X1,7777,3,5,0,0,0,0,0,0,0,0,0,0,0,0,0
7778,[X1_X2_GET_req],7778,3,6,1,0,0,0,0,0,0,0,0,0,0,0,0
7779,REST_X2,7779,3,6,2,0,0,0,0,0,0,0,0,0,0,0,0
7780,REST_X2,7780,3,6,3,0,0,0,0,0,0,0,0,0,0,0,0
7781,[X1_X2_GET_resp_2xx],7781,3,3,0,0,0,0,0,0,0,0,0,0,0,0,0
7782,[X0_X1_GET_resp_2xx],7782,0,0,0,0,0,0,0,0,0,0,0,0,0,0,0
7783,REST_X0,7783,2,0,0,0,0,0,0,0,0,0,0,0,0,0,0
7784,[X0_X1_GET_req],7784,3,1,0,0,0,0,0,0,0,0,0,0,0,0,0
7785,REST_X1,7785,3,2,0,0,0,0,0,0,0,0,0,0,0,0,0
7786,REST_X1,7786,3,5,0,0,0,0,0,0,0,0,0,0,0,0,0
7787,[X1_X2_GET_req],7787,3,6,1,0,0,0,0,0,0,0,0,0,0,0,0
7788,REST_X2,7788,3,6,2,0,0,0,0,0,0,0,0,0,0,0,0
7789,REST_X2,7789,3,6,3,0,0,0,0,0,0,0,0,0,0,0,0
7790,[X1_X2_GET_resp_2xx],7790,3,3,0,0,0,0,0,0,0,0,0,0,0,0,0
7791,[X0_X1_GET_resp_2xx],7791,0,0,0,0,0,0,0,0,0,0,0,0,0,0,0
7792,REST_X0,7792,2,0,0,0,0,0,0,0,0,0,0,0,0,0,0
7793,[X0_X1_GET_req],7793,3,1,0,0,0,0,0,0,0,0,0,0,0,0,0
7794,REST_X1,7794,3,2,0,0,0,0,0,0,0,0,0,0,0,0,0
7795,REST_X1,7795,3,9,0,0,0,0,0,0,0,0,0,0,0,0,0
7796,[X1_X12_GET_req],7796,3,10,0,0,0,0,0,0,0,0,0,0,1,0,0
7797,REST_X12,7797,3,10,0,0,0,0,0,0,0,0,0,0,2,0,0
7798,REST_X12,7798,3,10,0,0,0,0,0,0,0,0,0,0,5,0,0
7799,[X12_X6_GET_req],7799,3,10,0,0,0,0,1,0,0,0,0,0,6,0,0
7800,REST_X6,7800,3,10,0,0,0,0,2,0,0,0,0,0,6,0,0
7801,REST_X6,7801,3,10,0,0,0,0,9,0,0,0,0,0,6,0,0
7802,[X6_X8_GET_req],7802,3,10,0,0,0,0,10,0,1,0,0,0,6,0,0
7803,REST_X8,7803,3,10,0,0,0,0,10,0,2,0,0,0,6,0,0
7804,REST_X8,7804,3,10,0,0,0,0,10,0,3,0,0,0,6,0,0
7805,[X6_X8_GET_resp_2xx],7805,3,10,0,0,0,0,3,0,0,0,0,0,6,0,0
7806,[X12_X6_GET_resp_2xx],7806,3,10,0,0,0,0,0,0,0,0,0,0,3,0,0
7807,[X1_X12_GET_resp_2xx],7807,3,3,0,0,0,0,0,0,0,0,0,0,0,0,0
7808,[X0_X1_GET_resp_2xx],7808,0,0,0,0,0,0,0,0,0,0,0,0,0,0,0
7809,REST_X0,7809,2,0,0,0,0,0,0,0,0,0,0,0,0,0,0
7810,[X0_X1_GET_req],7810,3,1,0,0,0,0,0,0,0,0,0,0,0,0,0
7811,REST_X1,7811,3,2,0,0,0,0,0,0,0,0,0,0,0,0,0
7812,REST_X1,7812,3,5,0,0,0,0,0,0,0,0,0,0,0,0,0
7813,[X1_X2_GET_req],7813,3,6,1,0,0,0,0,0,0,0,0,0,0,0,0
7814,REST_X2,7814,3,6,2,0,0,0,0,0,0,0,0,0,0,0,0
7815,REST_X2,7815,3,6,3,0,0,0,0,0,0,0,0,0,0,0,0
7816,[X1_X2_GET_resp_2xx],7816,3,3,0,0,0,0,0,0,0,0,0,0,0,0,0
7817,[X0_X1_GET_resp_2xx],7817,0,0,0,0,0,0,0,0,0,0,0,0,0,0,0
7818,REST_X0,7818,2,0,0,0,0,0,0,0,0,0,0,0,0,0,0
7819,[X0_X1_GET_req],7819,3,1,0,0,0,0,0,0,0,0,0,0,0,0,0
7820,REST_X1,7820,3,2,0,0,0,0,0,0,0,0,0,0,0,0,0
7821,REST_X1,7821,3,5,0,0,0,0,0,0,0,0,0,0,0,0,0
7822,[X1_X2_GET_req],7822,3,6,1,0,0,0,0,0,0,0,0,0,0,0,0
7823,REST_X2,7823,3,6,2,0,0,0,0,0,0,0,0,0,0,0,0
7824,REST_X2,7824,3,6,3,0,0,0,0,0,0,0,0,0,0,0,0
7825,[X1_X2_GET_resp_2xx],7825,3,3,0,0,0,0,0,0,0,0,0,0,0,0,0
7826,[X0_X1_GET_resp_2xx],7826,0,0,0,0,0,0,0,0,0,0,0,0,0,0,0
7827,REST_X0,7827,2,0,0,0,0,0,0,0,0,0,0,0,0,0,0
7828,[X0_X1_GET_req],7828,3,1,0,0,0,0,0,0,0,0,0,0,0,0,0
7829,REST_X1,7829,3,2,0,0,0,0,0,0,0,0,0,0,0,0,0
7830,REST_X1,7830,3,5,0,0,0,0,0,0,0,0,0,0,0,0,0
7831,[X1_X2_GET_req],7831,3,6,1,0,0,0,0,0,0,0,0,0,0,0,0
7832,REST_X2,7832,3,6,2,0,0,0,0,0,0,0,0,0,0,0,0
7833,REST_X2,7833,3,6,4,0,0,0,0,0,0,0,0,0,0,0,0
7834,[X1_X2_GET_resp_5xx],7834,3,7,0,0,0,0,0,0,0,0,0,0,0,0,0
7835,[X1_X2_GET_req],7835,3,8,1,0,0,0,0,0,0,0,0,0,0,0,0
7836,REST_X2,7836,3,8,2,0,0,0,0,0,0,0,0,0,0,0,0
7837,REST_X2,7837,3,8,3,0,0,0,0,0,0,0,0,0,0,0,0
7838,[X1_X2_GET_resp_2xx],7838,3,3,0,0,0,0,0,0,0,0,0,0,0,0,0
7839,[X0_X1_GET_resp_2xx],7839,0,0,0,0,0,0,0,0,0,0,0,0,0,0,0
7840,REST_X0,7840,2,0,0,0,0,0,0,0,0,0,0,0,0,0,0
7841,[X0_X1_GET_req],7841,3,1,0,0,0,0,0,0,0,0,0,0,0,0,0
7842,REST_X1,7842,3,2,0,0,0,0,0,0,0,0,0,0,0,0,0
7843,REST_X1,7843,3,5,0,0,0,0,0,0,0,0,0,0,0,0,0
7844,[X1_X2_GET_req],7844,3,6,1,0,0,0,0,0,0,0,0,0,0,0,0
7845,REST_X2,7845,3,6,2,0,0,0,0,0,0,0,0,0,0,0,0
7846,REST_X2,7846,3,6,4,0,0,0,0,0,0,0,0,0,0,0,0
7847,[X1_X2_GET_resp_5xx],7847,3,7,0,0,0,0,0,0,0,0,0,0,0,0,0
7848,[X1_X2_GET_req],7848,3,8,1,0,0,0,0,0,0,0,0,0,0,0,0
7849,REST_X2,7849,3,8,2,0,0,0,0,0,0,0,0,0,0,0,0
7850,REST_X2,7850,3,8,3,0,0,0,0,0,0,0,0,0,0,0,0
7851,[X1_X2_GET_resp_2xx],7851,3,3,0,0,0,0,0,0,0,0,0,0,0,0,0
7852,[X0_X1_GET_resp_2xx],7852,0,0,0,0,0,0,0,0,0,0,0,0,0,0,0
7853,REST_X0,7853,2,0,0,0,0,0,0,0,0,0,0,0,0,0,0
7854,[X0_X1_GET_req],7854,3,1,0,0,0,0,0,0,0,0,0,0,0,0,0
7855,REST_X1,7855,3,2,0,0,0,0,0,0,0,0,0,0,0,0,0
7856,REST_X1,7856,3,9,0,0,0,0,0,0,0,0,0,0,0,0,0
7857,[X1_X12_GET_req],7857,3,10,0,0,0,0,0,0,0,0,0,0,1,0,0
7858,REST_X12,7858,3,10,0,0,0,0,0,0,0,0,0,0,2,0,0
7859,REST_X12,7859,3,10,0,0,0,0,0,0,0,0,0,0,5,0,0
7860,[X12_X6_GET_req],7860,3,10,0,0,0,0,1,0,0,0,0,0,6,0,0
7861,REST_X6,7861,3,10,0,0,0,0,2,0,0,0,0,0,6,0,0
7862,REST_X6,7862,3,10,0,0,0,0,13,0,0,0,0,0,6,0,0
7863,[X6_X7_GET_req],7863,3,10,0,0,0,0,14,1,0,0,0,0,6,0,0
7864,REST_X7,7864,3,10,0,0,0,0,14,2,0,0,0,0,6,0,0
7865,REST_X7,7865,3,10,0,0,0,0,14,9,0,0,0,0,6,0,0
7866,[X7_X9_GET_req],7866,3,10,0,0,0,0,14,10,0,1,0,0,6,0,0
7867,REST_X9,7867,3,10,0,0,0,0,14,10,0,2,0,0,6,0,0
7868,REST_X9,7868,3,10,0,0,0,0,14,10,0,5,0,0,6,0,0
7869,[X9_X11_GET_req],7869,3,10,0,0,0,0,14,10,0,6,0,1,6,0,0
7870,REST_X11,7870,3,10,0,0,0,0,14,10,0,6,0,2,6,0,0
7871,REST_X11,7871,3,10,0,0,0,0,14,10,0,6,0,3,6,0,0
7872,[X9_X11_GET_resp_2xx],7872,3,10,0,0,0,0,14,10,0,3,0,0,6,0,0
7873,[X7_X9_GET_resp_2xx],7873,3,10,0,0,0,0,14,3,0,0,0,0,6,0,0
7874,[X6_X7_GET_resp_2xx],7874,3,10,0,0,0,0,3,0,0,0,0,0,6,0,0
7875,[X12_X6_GET_resp_2xx],7875,3,10,0,0,0,0,0,0,0,0,0,0,3,0,0
7876,[X1_X12_GET_resp_2xx],7876,3,3,0,0,0,0,0,0,0,0,0,0,0,0,0
7877,[X0_X1_GET_resp_2xx],7877,0,0,0,0,0,0,0,0,0,0,0,0,0,0,0
7878,REST_X0,7878,2,0,0,0,0,0,0,0,0,0,0,0,0,0,0
7879,[X0_X1_GET_req],7879,3,1,0,0,0,0,0,0,0,0,0,0,0,0,0
7880,REST_X1,7880,3,2,0,0,0,0,0,0,0,0,0,0,0,0,0
7881,REST_X1,7881,3,9,0,0,0,0,0,0,0,0,0,0,0,0,0
7882,[X1_X12_GET_req],7882,3,10,0,0,0,0,0,0,0,0,0,0,1,0,0
7883,REST_X12,7883,3,10,0,0,0,0,0,0,0,0,0,0,2,0,0
7884,REST_X12,7884,3,10,0,0,0,0,0,0,0,0,0,0,5,0,0
7885,[X12_X6_GET_req],7885,3,10,0,0,0,0,1,0,0,0,0,0,6,0,0
7886,REST_X6,7886,3,10,0,0,0,0,2,0,0,0,0,0,6,0,0
7887,REST_X6,7887,3,10,0,0,0,0,9,0,0,0,0,0,6,0,0
7888,[X6_X8_GET_req],7888,3,10,0,0,0,0,10,0,1,0,0,0,6,0,0
7889,REST_X8,7889,3,10,0,0,0,0,10,0,2,0,0,0,6,0,0
7890,REST_X8,7890,3,10,0,0,0,0,10,0,3,0,0,0,6,0,0
7891,[X6_X8_GET_resp_2xx],7891,3,10,0,0,0,0,3,0,0,0,0,0,6,0,0
7892,[X12_X6_GET_resp_2xx],7892,3,10,0,0,0,0,0,0,0,0,0,0,3,0,0
7893,[X1_X12_GET_resp_2xx],7893,3,3,0,0,0,0,0,0,0,0,0,0,0,0,0
7894,[X0_X1_GET_resp_2xx],7894,0,0,0,0,0,0,0,0,0,0,0,0,0,0,0
7895,REST_X0,7895,2,0,0,0,0,0,0,0,0,0,0,0,0,0,0
7896,[X0_X1_GET_req],7896,3,1,0,0,0,0,0,0,0,0,0,0,0,0,0
7897,REST_X1,7897,3,2,0,0,0,0,0,0,0,0,0,0,0,0,0
7898,REST_X1,7898,3,9,0,0,0,0,0,0,0,0,0,0,0,0,0
7899,[X1_X12_GET_req],7899,3,10,0,0,0,0,0,0,0,0,0,0,1,0,0
7900,REST_X12,7900,3,10,0,0,0,0,0,0,0,0,0,0,2,0,0
7901,REST_X12,7901,3,10,0,0,0,0,0,0,0,0,0,0,5,0,0
7902,[X12_X6_GET_req],7902,3,10,0,0,0,0,1,0,0,0,0,0,6,0,0
7903,REST_X6,7903,3,10,0,0,0,0,2,0,0,0,0,0,6,0,0
7904,REST_X6,7904,3,10,0,0,0,0,13,0,0,0,0,0,6,0,0
7905,[X6_X7_GET_req],7905,3,10,0,0,0,0,14,1,0,0,0,0,6,0,0
7906,REST_X7,7906,3,10,0,0,0,0,14,2,0,0,0,0,6,0,0
7907,REST_X7,7907,3,10,0,0,0,0,14,5,0,0,0,0,6,0,0
7908,[X7_X5_GET_req],7908,3,10,0,0,0,1,14,6,0,0,0,0,6,0,0
7909,REST_X5,7909,3,10,0,0,0,2,14,6,0,0,0,0,6,0,0
7910,REST_X5,7910,3,10,0,0,0,3,14,6,0,0,0,0,6,0,0
7911,[X7_X5_GET_resp_2xx],7911,3,10,0,0,0,0,14,3,0,0,0,0,6,0,0
7912,[X6_X7_GET_resp_2xx],7912,3,10,0,0,0,0,3,0,0,0,0,0,6,0,0
7913,[X12_X6_GET_resp_2xx],7913,3,10,0,0,0,0,0,0,0,0,0,0,3,0,0
7914,[X1_X12_GET_resp_2xx],7914,3,3,0,0,0,0,0,0,0,0,0,0,0,0,0
7915,[X0_X1_GET_resp_2xx],7915,0,0,0,0,0,0,0,0,0,0,0,0,0,0,0
7916,REST_X0,7916,2,0,0,0,0,0,0,0,0,0,0,0,0,0,0
7917,[X0_X1_GET_req],7917,3,1,0,0,0,0,0,0,0,0,0,0,0,0,0
7918,REST_X1,7918,3,2,0,0,0,0,0,0,0,0,0,0,0,0,0
7919,REST_X1,7919,3,9,0,0,0,0,0,0,0,0,0,0,0,0,0
7920,[X1_X12_GET_req],7920,3,10,0,0,0,0,0,0,0,0,0,0,1,0,0
7921,REST_X12,7921,3,10,0,0,0,0,0,0,0,0,0,0,2,0,0
7922,REST_X12,7922,3,10,0,0,0,0,0,0,0,0,0,0,5,0,0
7923,[X12_X6_GET_req],7923,3,10,0,0,0,0,1,0,0,0,0,0,6,0,0
7924,REST_X6,7924,3,10,0,0,0,0,2,0,0,0,0,0,6,0,0
7925,REST_X6,7925,3,10,0,0,0,0,5,0,0,0,0,0,6,0,0
7926,[X6_X3_GET_req],7926,3,10,0,1,0,0,6,0,0,0,0,0,6,0,0
7927,REST_X3,7927,3,10,0,2,0,0,6,0,0,0,0,0,6,0,0
7928,REST_X3,7928,3,10,0,3,0,0,6,0,0,0,0,0,6,0,0
7929,[X6_X3_GET_resp_2xx],7929,3,10,0,0,0,0,3,0,0,0,0,0,6,0,0
7930,[X12_X6_GET_resp_2xx],7930,3,10,0,0,0,0,0,0,0,0,0,0,3,0,0
7931,[X1_X12_GET_resp_2xx],7931,3,3,0,0,0,0,0,0,0,0,0,0,0,0,0
7932,[X0_X1_GET_resp_2xx],7932,0,0,0,0,0,0,0,0,0,0,0,0,0,0,0
7933,REST_X0,7933,2,0,0,0,0,0,0,0,0,0,0,0,0,0,0
7934,[X0_X1_GET_req],7934,3,1,0,0,0,0,0,0,0,0,0,0,0,0,0
7935,REST_X1,7935,3,2,0,0,0,0,0,0,0,0,0,0,0,0,0
7936,REST_X1,7936,3,9,0,0,0,0,0,0,0,0,0,0,0,0,0
7937,[X1_X12_GET_req],7937,3,10,0,0,0,0,0,0,0,0,0,0,1,0,0
7938,REST_X12,7938,3,10,0,0,0,0,0,0,0,0,0,0,2,0,0
7939,REST_X12,7939,3,10,0,0,0,0,0,0,0,0,0,0,5,0,0
7940,[X12_X6_GET_req],7940,3,10,0,0,0,0,1,0,0,0,0,0,6,0,0
7941,REST_X6,7941,3,10,0,0,0,0,2,0,0,0,0,0,6,0,0
7942,REST_X6,7942,3,10,0,0,0,0,9,0,0,0,0,0,6,0,0
7943,[X6_X8_GET_req],7943,3,10,0,0,0,0,10,0,1,0,0,0,6,0,0
7944,REST_X8,7944,3,10,0,0,0,0,10,0,2,0,0,0,6,0,0
7945,REST_X8,7945,3,10,0,0,0,0,10,0,3,0,0,0,6,0,0
7946,[X6_X8_GET_resp_2xx],7946,3,10,0,0,0,0,3,0,0,0,0,0,6,0,0
7947,[X12_X6_GET_resp_2xx],7947,3,10,0,0,0,0,0,0,0,0,0,0,3,0,0
7948,[X1_X12_GET_resp_2xx],7948,3,3,0,0,0,0,0,0,0,0,0,0,0,0,0
7949,[X0_X1_GET_resp_2xx],7949,0,0,0,0,0,0,0,0,0,0,0,0,0,0,0
7950,REST_X0,7950,2,0,0,0,0,0,0,0,0,0,0,0,0,0,0
7951,[X0_X1_GET_req],7951,3,1,0,0,0,0,0,0,0,0,0,0,0,0,0
7952,REST_X1,7952,3,2,0,0,0,0,0,0,0,0,0,0,0,0,0
7953,REST_X1,7953,3,9,0,0,0,0,0,0,0,0,0,0,0,0,0
7954,[X1_X12_GET_req],7954,3,10,0,0,0,0,0,0,0,0,0,0,1,0,0
7955,REST_X12,7955,3,10,0,0,0,0,0,0,0,0,0,0,2,0,0
7956,REST_X12,7956,3,10,0,0,0,0,0,0,0,0,0,0,5,0,0
7957,[X12_X6_GET_req],7957,3,10,0,0,0,0,1,0,0,0,0,0,6,0,0
7958,REST_X6,7958,3,10,0,0,0,0,2,0,0,0,0,0,6,0,0
7959,REST_X6,7959,3,10,0,0,0,0,9,0,0,0,0,0,6,0,0
7960,[X6_X8_GET_req],7960,3,10,0,0,0,0,10,0,1,0,0,0,6,0,0
7961,REST_X8,7961,3,10,0,0,0,0,10,0,2,0,0,0,6,0,0
7962,REST_X8,7962,3,10,0,0,0,0,10,0,3,0,0,0,6,0,0
7963,[X6_X8_GET_resp_2xx],7963,3,10,0,0,0,0,3,0,0,0,0,0,6,0,0
7964,[X12_X6_GET_resp_2xx],7964,3,10,0,0,0,0,0,0,0,0,0,0,3,0,0
7965,[X1_X12_GET_resp_2xx],7965,3,3,0,0,0,0,0,0,0,0,0,0,0,0,0
7966,[X0_X1_GET_resp_2xx],7966,0,0,0,0,0,0,0,0,0,0,0,0,0,0,0
7967,REST_X0,7967,2,0,0,0,0,0,0,0,0,0,0,0,0,0,0
7968,[X0_X1_GET_req],7968,3,1,0,0,0,0,0,0,0,0,0,0,0,0,0
7969,REST_X1,7969,3,2,0,0,0,0,0,0,0,0,0,0,0,0,0
7970,REST_X1,7970,3,9,0,0,0,0,0,0,0,0,0,0,0,0,0
7971,[X1_X12_GET_req],7971,3,10,0,0,0,0,0,0,0,0,0,0,1,0,0
7972,REST_X12,7972,3,10,0,0,0,0,0,0,0,0,0,0,2,0,0
7973,REST_X12,7973,3,10,0,0,0,0,0,0,0,0,0,0,5,0,0
7974,[X12_X6_GET_req],7974,3,10,0,0,0,0,1,0,0,0,0,0,6,0,0
7975,REST_X6,7975,3,10,0,0,0,0,2,0,0,0,0,0,6,0,0
7976,REST_X6,7976,3,10,0,0,0,0,13,0,0,0,0,0,6,0,0
7977,[X6_X7_GET_req],7977,3,10,0,0,0,0,14,1,0,0,0,0,6,0,0
7978,REST_X7,7978,3,10,0,0,0,0,14,2,0,0,0,0,6,0,0
7979,REST_X7,7979,3,10,0,0,0,0,14,5,0,0,0,0,6,0,0
7980,[X7_X5_GET_req],7980,3,10,0,0,0,1,14,6,0,0,0,0,6,0,0
7981,REST_X5,7981,3,10,0,0,0,2,14,6,0,0,0,0,6,0,0
7982,REST_X5,7982,3,10,0,0,0,3,14,6,0,0,0,0,6,0,0
7983,[X7_X5_GET_resp_2xx],7983,3,10,0,0,0,0,14,3,0,0,0,0,6,0,0
7984,[X6_X7_GET_resp_2xx],7984,3,10,0,0,0,0,3,0,0,0,0,0,6,0,0
7985,[X12_X6_GET_resp_2xx],7985,3,10,0,0,0,0,0,0,0,0,0,0,3,0,0
7986,[X1_X12_GET_resp_2xx],7986,3,3,0,0,0,0,0,0,0,0,0,0,0,0,0
7987,[X0_X1_GET_resp_2xx],7987,0,0,0,0,0,0,0,0,0,0,0,0,0,0,0
7988,REST_X0,7988,2,0,0,0,0,0,0,0,0,0,0,0,0,0,0
7989,[X0_X1_GET_req],7989,3,1,0,0,0,0,0,0,0,0,0,0,0,0,0
7990,REST_X1,7990,3,2,0,0,0,0,0,0,0,0,0,0,0,0,0
7991,REST_X1,7991,3,9,0,0,0,0,0,0,0,0,0,0,0,0,0
7992,[X1_X12_GET_req],7992,3,10,0,0,0,0,0,0,0,0,0,0,1,0,0
7993,REST_X12,7993,3,10,0,0,0,0,0,0,0,0,0,0,2,0,0
7994,REST_X12,7994,3,10,0,0,0,0,0,0,0,0,0,0,5,0,0
7995,[X12_X6_GET_req],7995,3,10,0,0,0,0,1,0,0,0,0,0,6,0,0
7996,REST_X6,7996,3,10,0,0,0,0,2,0,0,0,0,0,6,0,0
7997,REST_X6,7997,3,10,0,0,0,0,9,0,0,0,0,0,6,0,0
7998,[X6_X8_GET_req],7998,3,10,0,0,0,0,10,0,1,0,0,0,6,0,0
7999,REST_X8,7999,3,10,0,0,0,0,10,0,2,0,0,0,6,0,0
8000,REST_X8,8000,3,10,0,0,0,0,10,0,3,0,0,0,6,0,0
8001,[X6_X8_GET_resp_2xx],8001,3,10,0,0,0,0,3,0,0,0,0,0,6,0,0
8002,[X12_X6_GET_resp_2xx],8002,3,10,0,0,0,0,0,0,0,0,0,0,3,0,0
8003,[X1_X12_GET_resp_2xx],8003,3,3,0,0,0,0,0,0,0,0,0,0,0,0,0
8004,[X0_X1_GET_resp_2xx],8004,0,0,0,0,0,0,0,0,0,0,0,0,0,0,0
8005,REST_X0,8005,2,0,0,0,0,0,0,0,0,0,0,0,0,0,0
8006,[X0_X1_GET_req],8006,3,1,0,0,0,0,0,0,0,0,0,0,0,0,0
8007,REST_X1,8007,3,2,0,0,0,0,0,0,0,0,0,0,0,0,0
8008,REST_X1,8008,3,5,0,0,0,0,0,0,0,0,0,0,0,0,0
8009,[X1_X2_GET_req],8009,3,6,1,0,0,0,0,0,0,0,0,0,0,0,0
8010,REST_X2,8010,3,6,2,0,0,0,0,0,0,0,0,0,0,0,0
8011,REST_X2,8011,3,6,3,0,0,0,0,0,0,0,0,0,0,0,0
8012,[X1_X2_GET_resp_2xx],8012,3,3,0,0,0,0,0,0,0,0,0,0,0,0,0
8013,[X0_X1_GET_resp_2xx],8013,0,0,0,0,0,0,0,0,0,0,0,0,0,0,0
8014,REST_X0,8014,2,0,0,0,0,0,0,0,0,0,0,0,0,0,0
8015,[X0_X1_GET_req],8015,3,1,0,0,0,0,0,0,0,0,0,0,0,0,0
8016,REST_X1,8016,3,2,0,0,0,0,0,0,0,0,0,0,0,0,0
8017,REST_X1,8017,3,9,0,0,0,0,0,0,0,0,0,0,0,0,0
8018,[X1_X12_GET_req],8018,3,10,0,0,0,0,0,0,0,0,0,0,1,0,0
8019,REST_X12,8019,3,10,0,0,0,0,0,0,0,0,0,0,2,0,0
8020,REST_X12,8020,3,10,0,0,0,0,0,0,0,0,0,0,5,0,0
8021,[X12_X6_GET_req],8021,3,10,0,0,0,0,1,0,0,0,0,0,6,0,0
8022,REST_X6,8022,3,10,0,0,0,0,2,0,0,0,0,0,6,0,0
8023,REST_X6,8023,3,10,0,0,0,0,9,0,0,0,0,0,6,0,0
8024,[X6_X8_GET_req],8024,3,10,0,0,0,0,10,0,1,0,0,0,6,0,0
8025,REST_X8,8025,3,10,0,0,0,0,10,0,2,0,0,0,6,0,0
8026,REST_X8,8026,3,10,0,0,0,0,10,0,3,0,0,0,6,0,0
8027,[X6_X8_GET_resp_2xx],8027,3,10,0,0,0,0,3,0,0,0,0,0,6,0,0
8028,[X12_X6_GET_resp_2xx],8028,3,10,0,0,0,0,0,0,0,0,0,0,3,0,0
8029,[X1_X12_GET_resp_2xx],8029,3,3,0,0,0,0,0,0,0,0,0,0,0,0,0
8030,[X0_X1_GET_resp_2xx],8030,0,0,0,0,0,0,0,0,0,0,0,0,0,0,0
8031,REST_X0,8031,2,0,0,0,0,0,0,0,0,0,0,0,0,0,0
8032,[X0_X1_GET_req],8032,3,1,0,0,0,0,0,0,0,0,0,0,0,0,0
8033,REST_X1,8033,3,2,0,0,0,0,0,0,0,0,0,0,0,0,0
8034,REST_X1,8034,3,9,0,0,0,0,0,0,0,0,0,0,0,0,0
8035,[X1_X12_GET_req],8035,3,10,0,0,0,0,0,0,0,0,0,0,1,0,0
8036,REST_X12,8036,3,10,0,0,0,0,0,0,0,0,0,0,2,0,0
8037,REST_X12,8037,3,10,0,0,0,0,0,0,0,0,0,0,5,0,0
8038,[X12_X6_GET_req],8038,3,10,0,0,0,0,1,0,0,0,0,0,6,0,0
8039,REST_X6,8039,3,10,0,0,0,0,2,0,0,0,0,0,6,0,0
8040,REST_X6,8040,3,10,0,0,0,0,5,0,0,0,0,0,6,0,0
8041,[X6_X3_GET_req],8041,3,10,0,1,0,0,6,0,0,0,0,0,6,0,0
8042,REST_X3,8042,3,10,0,2,0,0,6,0,0,0,0,0,6,0,0
8043,REST_X3,8043,3,10,0,3,0,0,6,0,0,0,0,0,6,0,0
8044,[X6_X3_GET_resp_2xx],8044,3,10,0,0,0,0,3,0,0,0,0,0,6,0,0
8045,[X12_X6_GET_resp_2xx],8045,3,10,0,0,0,0,0,0,0,0,0,0,3,0,0
8046,[X1_X12_GET_resp_2xx],8046,3,3,0,0,0,0,0,0,0,0,0,0,0,0,0
8047,[X0_X1_GET_resp_2xx],8047,0,0,0,0,0,0,0,0,0,0,0,0,0,0,0
8048,REST_X0,8048,2,0,0,0,0,0,0,0,0,0,0,0,0,0,0
8049,[X0_X1_GET_req],8049,3,1,0,0,0,0,0,0,0,0,0,0,0,0,0
8050,REST_X1,8050,3,2,0,0,0,0,0,0,0,0,0,0,0,0,0
8051,REST_X1,8051,3,5,0,0,0,0,0,0,0,0,0,0,0,0,0
8052,[X1_X2_GET_req],8052,3,6,1,0,0,0,0,0,0,0,0,0,0,0,0
8053,REST_X2,8053,3,6,2,0,0,0,0,0,0,0,0,0,0,0,0
8054,REST_X2,8054,3,6,3,0,0,0,0,0,0,0,0,0,0,0,0
8055,[X1_X2_GET_resp_2xx],8055,3,3,0,0,0,0,0,0,0,0,0,0,0,0,0
8056,[X0_X1_GET_resp_2xx],8056,0,0,0,0,0,0,0,0,0,0,0,0,0,0,0
8057,REST_X0,8057,2,0,0,0,0,0,0,0,0,0,0,0,0,0,0
8058,[X0_X1_GET_req],8058,3,1,0,0,0,0,0,0,0,0,0,0,0,0,0
8059,REST_X1,8059,3,2,0,0,0,0,0,0,0,0,0,0,0,0,0
8060,REST_X1,8060,3,9,0,0,0,0,0,0,0,0,0,0,0,0,0
8061,[X1_X12_GET_req],8061,3,10,0,0,0,0,0,0,0,0,0,0,1,0,0
8062,REST_X12,8062,3,10,0,0,0,0,0,0,0,0,0,0,2,0,0
8063,REST_X12,8063,3,10,0,0,0,0,0,0,0,0,0,0,5,0,0
8064,[X12_X6_GET_req],8064,3,10,0,0,0,0,1,0,0,0,0,0,6,0,0
8065,REST_X6,8065,3,10,0,0,0,0,2,0,0,0,0,0,6,0,0
8066,REST_X6,8066,3,10,0,0,0,0,9,0,0,0,0,0,6,0,0
8067,[X6_X8_GET_req],8067,3,10,0,0,0,0,10,0,1,0,0,0,6,0,0
8068,REST_X8,8068,3,10,0,0,0,0,10,0,2,0,0,0,6,0,0
8069,REST_X8,8069,3,10,0,0,0,0,10,0,4,0,0,0,6,0,0
8070,[X6_X8_GET_resp_5xx],8070,3,10,0,0,0,0,11,0,0,0,0,0,6,0,0
8071,[X6_X8_GET_req],8071,3,10,0,0,0,0,12,0,1,0,0,0,6,0,0
8072,REST_X8,8072,3,10,0,0,0,0,12,0,2,0,0,0,6,0,0
8073,REST_X8,8073,3,10,0,0,0,0,12,0,3,0,0,0,6,0,0
8074,[X6_X8_GET_resp_2xx],8074,3,10,0,0,0,0,3,0,0,0,0,0,6,0,0
8075,[X12_X6_GET_resp_2xx],8075,3,10,0,0,0,0,0,0,0,0,0,0,3,0,0
8076,[X1_X12_GET_resp_2xx],8076,3,3,0,0,0,0,0,0,0,0,0,0,0,0,0
8077,[X0_X1_GET_resp_2xx],8077,0,0,0,0,0,0,0,0,0,0,0,0,0,0,0
8078,REST_X0,8078,2,0,0,0,0,0,0,0,0,0,0,0,0,0,0
8079,[X0_X1_GET_req],8079,3,1,0,0,0,0,0,0,0,0,0,0,0,0,0
8080,REST_X1,8080,3,2,0,0,0,0,0,0,0,0,0,0,0,0,0
8081,REST_X1,8081,3,5,0,0,0,0,0,0,0,0,0,0,0,0,0
8082,[X1_X2_GET_req],8082,3,6,1,0,0,0,0,0,0,0,0,0,0,0,0
8083,REST_X2,8083,3,6,2,0,0,0,0,0,0,0,0,0,0,0,0
8084,REST_X2,8084,3,6,3,0,0,0,0,0,0,0,0,0,0,0,0
8085,[X1_X2_GET_resp_2xx],8085,3,3,0,0,0,0,0,0,0,0,0,0,0,0,0
8086,[X0_X1_GET_resp_2xx],8086,0,0,0,0,0,0,0,0,0,0,0,0,0,0,0
8087,REST_X0,8087,2,0,0,0,0,0,0,0,0,0,0,0,0,0,0
8088,[X0_X1_GET_req],8088,3,1,0,0,0,0,0,0,0,0,0,0,0,0,0
8089,REST_X1,8089,3,2,0,0,0,0,0,0,0,0,0,0,0,0,0
8090,REST_X1,8090,3,9,0,0,0,0,0,0,0,0,0,0,0,0,0
8091,[X1_X12_GET_req],8091,3,10,0,0,0,0,0,0,0,0,0,0,1,0,0
8092,REST_X12,8092,3,10,0,0,0,0,0,0,0,0,0,0,2,0,0
8093,REST_X12,8093,3,10,0,0,0,0,0,0,0,0,0,0,5,0,0
8094,[X12_X6_GET_req],8094,3,10,0,0,0,0,1,0,0,0,0,0,6,0,0
8095,REST_X6,8095,3,10,0,0,0,0,2,0,0,0,0,0,6,0,0
8096,REST_X6,8096,3,10,0,0,0,0,9,0,0,0,0,0,6,0,0
8097,[X6_X8_GET_req],8097,3,10,0,0,0,0,10,0,1,0,0,0,6,0,0
8098,REST_X8,8098,3,10,0,0,0,0,10,0,2,0,0,0,6,0,0
8099,REST_X8,8099,3,10,0,0,0,0,10,0,3,0,0,0,6,0,0
8100,[X6_X8_GET_resp_2xx],8100,3,10,0,0,0,0,3,0,0,0,0,0,6,0,0
8101,[X12_X6_GET_resp_2xx],8101,3,10,0,0,0,0,0,0,0,0,0,0,3,0,0
8102,[X1_X12_GET_resp_2xx],8102,3,3,0,0,0,0,0,0,0,0,0,0,0,0,0
8103,[X0_X1_GET_resp_2xx],8103,0,0,0,0,0,0,0,0,0,0,0,0,0,0,0
8104,REST_X0,8104,2,0,0,0,0,0,0,0,0,0,0,0,0,0,0
8105,[X0_X1_GET_req],8105,3,1,0,0,0,0,0,0,0,0,0,0,0,0,0
8106,REST_X1,8106,3,2,0,0,0,0,0,0,0,0,0,0,0,0,0
8107,REST_X1,8107,3,9,0,0,0,0,0,0,0,0,0,0,0,0,0
8108,[X1_X12_GET_req],8108,3,10,0,0,0,0,0,0,0,0,0,0,1,0,0
8109,REST_X12,8109,3,10,0,0,0,0,0,0,0,0,0,0,2,0,0
8110,REST_X12,8110,3,10,0,0,0,0,0,0,0,0,0,0,5,0,0
8111,[X12_X6_GET_req],8111,3,10,0,0,0,0,1,0,0,0,0,0,6,0,0
8112,REST_X6,8112,3,10,0,0,0,0,2,0,0,0,0,0,6,0,0
8113,REST_X6,8113,3,10,0,0,0,0,9,0,0,0,0,0,6,0,0
8114,[X6_X8_GET_req],8114,3,10,0,0,0,0,10,0,1,0,0,0,6,0,0
8115,REST_X8,8115,3,10,0,0,0,0,10,0,2,0,0,0,6,0,0
8116,REST_X8,8116,3,10,0,0,0,0,10,0,3,0,0,0,6,0,0
8117,[X6_X8_GET_resp_2xx],8117,3,10,0,0,0,0,3,0,0,0,0,0,6,0,0
8118,[X12_X6_GET_resp_2xx],8118,3,10,0,0,0,0,0,0,0,0,0,0,3,0,0
8119,[X1_X12_GET_resp_2xx],8119,3,3,0,0,0,0,0,0,0,0,0,0,0,0,0
8120,[X0_X1_GET_resp_2xx],8120,0,0,0,0,0,0,0,0,0,0,0,0,0,0,0
8121,REST_X0,8121,2,0,0,0,0,0,0,0,0,0,0,0,0,0,0
8122,[X0_X1_GET_req],8122,3,1,0,0,0,0,0,0,0,0,0,0,0,0,0
8123,REST_X1,8123,3,2,0,0,0,0,0,0,0,0,0,0,0,0,0
8124,REST_X1,8124,3,9,0,0,0,0,0,0,0,0,0,0,0,0,0
8125,[X1_X12_GET_req],8125,3,10,0,0,0,0,0,0,0,0,0,0,1,0,0
8126,REST_X12,8126,3,10,0,0,0,0,0,0,0,0,0,0,2,0,0
8127,REST_X12,8127,3,10,0,0,0,0,0,0,0,0,0,0,5,0,0
8128,[X12_X6_GET_req],8128,3,10,0,0,0,0,1,0,0,0,0,0,6,0,0
8129,REST_X6,8129,3,10,0,0,0,0,2,0,0,0,0,0,6,0,0
8130,REST_X6,8130,3,10,0,0,0,0,9,0,0,0,0,0,6,0,0
8131,[X6_X8_GET_req],8131,3,10,0,0,0,0,10,0,1,0,0,0,6,0,0
8132,REST_X8,8132,3,10,0,0,0,0,10,0,2,0,0,0,6,0,0
8133,REST_X8,8133,3,10,0,0,0,0,10,0,3,0,0,0,6,0,0
8134,[X6_X8_GET_resp_2xx],8134,3,10,0,0,0,0,3,0,0,0,0,0,6,0,0
8135,[X12_X6_GET_resp_2xx],8135,3,10,0,0,0,0,0,0,0,0,0,0,3,0,0
8136,[X1_X12_GET_resp_2xx],8136,3,3,0,0,0,0,0,0,0,0,0,0,0,0,0
8137,[X0_X1_GET_resp_2xx],8137,0,0,0,0,0,0,0,0,0,0,0,0,0,0,0
8138,REST_X0,8138,2,0,0,0,0,0,0,0,0,0,0,0,0,0,0
8139,[X0_X1_GET_req],8139,3,1,0,0,0,0,0,0,0,0,0,0,0,0,0
8140,REST_X1,8140,3,2,0,0,0,0,0,0,0,0,0,0,0,0,0
8141,REST_X1,8141,3,9,0,0,0,0,0,0,0,0,0,0,0,0,0
8142,[X1_X12_GET_req],8142,3,10,0,0,0,0,0,0,0,0,0,0,1,0,0
8143,REST_X12,8143,3,10,0,0,0,0,0,0,0,0,0,0,2,0,0
8144,REST_X12,8144,3,10,0,0,0,0,0,0,0,0,0,0,5,0,0
8145,[X12_X6_GET_req],8145,3,10,0,0,0,0,1,0,0,0,0,0,6,0,0
8146,REST_X6,8146,3,10,0,0,0,0,2,0,0,0,0,0,6,0,0
8147,REST_X6,8147,3,10,0,0,0,0,13,0,0,0,0,0,6,0,0
8148,[X6_X7_GET_req],8148,3,10,0,0,0,0,14,1,0,0,0,0,6,0,0
8149,REST_X7,8149,3,10,0,0,0,0,14,2,0,0,0,0,6,0,0
8150,REST_X7,8150,3,10,0,0,0,0,14,9,0,0,0,0,6,0,0
8151,[X7_X9_GET_req],8151,3,10,0,0,0,0,14,10,0,1,0,0,6,0,0
8152,REST_X9,8152,3,10,0,0,0,0,14,10,0,2,0,0,6,0,0
8153,REST_X9,8153,3,10,0,0,0,0,14,10,0,9,0,0,6,0,0
8154,[X9_X4_GET_req],8154,3,10,0,0,1,0,14,10,0,10,0,0,6,0,0
8155,REST_X4,8155,3,10,0,0,2,0,14,10,0,10,0,0,6,0,0
8156,REST_X4,8156,3,10,0,0,5,0,14,10,0,10,0,0,6,0,0
8157,[X4_X10_GET_req],8157,3,10,0,0,6,0,14,10,0,10,1,0,6,0,0
8158,REST_X10,8158,3,10,0,0,6,0,14,10,0,10,2,0,6,0,0
8159,REST_X10,8159,3,10,0,0,6,0,14,10,0,10,3,0,6,0,0
8160,[X4_X10_GET_resp_2xx],8160,3,10,0,0,3,0,14,10,0,10,0,0,6,0,0
8161,[X9_X4_GET_resp_2xx],8161,3,10,0,0,0,0,14,10,0,3,0,0,6,0,0
8162,[X7_X9_GET_resp_2xx],8162,3,10,0,0,0,0,14,3,0,0,0,0,6,0,0
8163,[X6_X7_GET_resp_2xx],8163,3,10,0,0,0,0,3,0,0,0,0,0,6,0,0
8164,[X12_X6_GET_resp_2xx],8164,3,10,0,0,0,0,0,0,0,0,0,0,3,0,0
8165,[X1_X12_GET_resp_2xx],8165,3,3,0,0,0,0,0,0,0,0,0,0,0,0,0
8166,[X0_X1_GET_resp_2xx],8166,0,0,0,0,0,0,0,0,0,0,0,0,0,0,0
8167,REST_X0,8167,2,0,0,0,0,0,0,0,0,0,0,0,0,0,0
8168,[X0_X1_GET_req],8168,3,1,0,0,0,0,0,0,0,0,0,0,0,0,0
8169,REST_X1,8169,3,2,0,0,0,0,0,0,0,0,0,0,0,0,0
8170,REST_X1,8170,3,5,0,0,0,0,0,0,0,0,0,0,0,0,0
8171,[X1_X2_GET_req],8171,3,6,1,0,0,0,0,0,0,0,0,0,0,0,0
8172,REST_X2,8172,3,6,2,0,0,0,0,0,0,0,0,0,0,0,0
8173,REST_X2,8173,3,6,3,0,0,0,0,0,0,0,0,0,0,0,0
8174,[X1_X2_GET_resp_2xx],8174,3,3,0,0,0,0,0,0,0,0,0,0,0,0,0
8175,[X0_X1_GET_resp_2xx],8175,0,0,0,0,0,0,0,0,0,0,0,0,0,0,0
8176,REST_X0,8176,2,0,0,0,0,0,0,0,0,0,0,0,0,0,0
8177,[X0_X1_GET_req],8177,3,1,0,0,0,0,0,0,0,0,0,0,0,0,0
8178,REST_X1,8178,3,2,0,0,0,0,0,0,0,0,0,0,0,0,0
8179,REST_X1,8179,3,9,0,0,0,0,0,0,0,0,0,0,0,0,0
8180,[X1_X12_GET_req],8180,3,10,0,0,0,0,0,0,0,0,0,0,1,0,0
8181,REST_X12,8181,3,10,0,0,0,0,0,0,0,0,0,0,2,0,0
8182,REST_X12,8182,3,10,0,0,0,0,0,0,0,0,0,0,5,0,0
8183,[X12_X6_GET_req],8183,3,10,0,0,0,0,1,0,0,0,0,0,6,0,0
8184,REST_X6,8184,3,10,0,0,0,0,2,0,0,0,0,0,6,0,0
8185,REST_X6,8185,3,10,0,0,0,0,13,0,0,0,0,0,6,0,0
8186,[X6_X7_GET_req],8186,3,10,0,0,0,0,14,1,0,0,0,0,6,0,0
8187,REST_X7,8187,3,10,0,0,0,0,14,2,0,0,0,0,6,0,0
8188,REST_X7,8188,3,10,0,0,0,0,14,9,0,0,0,0,6,0,0
8189,[X7_X9_GET_req],8189,3,10,0,0,0,0,14,10,0,1,0,0,6,0,0
8190,REST_X9,8190,3,10,0,0,0,0,14,10,0,2,0,0,6,0,0
8191,REST_X9,8191,3,10,0,0,0,0,14,10,0,9,0,0,6,0,0
8192,[X9_X4_GET_req],8192,3,10,0,0,1,0,14,10,0,10,0,0,6,0,0
8193,REST_X4,8193,3,10,0,0,2,0,14,10,0,10,0,0,6,0,0
8194,REST_X4,8194,3,10,0,0,9,0,14,10,0,10,0,0,6,0,0
8195,[X4_X14_GET_req],8195,3,10,0,0,10,0,14,10,0,10,0,0,6,0,1
8196,REST_X14,8196,3,10,0,0,10,0,14,10,0,10,0,0,6,0,2
8197,REST_X14,8197,3,10,0,0,10,0,14,10,0,10,0,0,6,0,5
8198,[X14_X13_GET_req],8198,3,10,0,0,10,0,14,10,0,10,0,0,6,1,6
8199,REST_X13,8199,3,10,0,0,10,0,14,10,0,10,0,0,6,2,6
8200,REST_X13,8200,3,10,0,0,10,0,14,10,0,10,0,0,6,3,6
8201,[X14_X13_GET_resp_2xx],8201,3,10,0,0,10,0,14,10,0,10,0,0,6,0,3
8202,[X4_X14_GET_resp_2xx],8202,3,10,0,0,3,0,14,10,0,10,0,0,6,0,0
8203,[X9_X4_GET_resp_2xx],8203,3,10,0,0,0,0,14,10,0,3,0,0,6,0,0
8204,[X7_X9_GET_resp_2xx],8204,3,10,0,0,0,0,14,3,0,0,0,0,6,0,0
8205,[X6_X7_GET_resp_2xx],8205,3,10,0,0,0,0,3,0,0,0,0,0,6,0,0
8206,[X12_X6_GET_resp_2xx],8206,3,10,0,0,0,0,0,0,0,0,0,0,3,0,0
8207,[X1_X12_GET_resp_2xx],8207,3,3,0,0,0,0,0,0,0,0,0,0,0,0,0
8208,[X0_X1_GET_resp_2xx],8208,0,0,0,0,0,0,0,0,0,0,0,0,0,0,0
8209,REST_X0,8209,2,0,0,0,0,0,0,0,0,0,0,0,0,0,0
8210,[X0_X1_GET_req],8210,3,1,0,0,0,0,0,0,0,0,0,0,0,0,0
8211,REST_X1,8211,3,2,0,0,0,0,0,0,0,0,0,0,0,0,0
8212,REST_X1,8212,3,9,0,0,0,0,0,0,0,0,0,0,0,0,0
8213,[X1_X12_GET_req],8213,3,10,0,0,0,0,0,0,0,0,0,0,1,0,0
8214,REST_X12,8214,3,10,0,0,0,0,0,0,0,0,0,0,2,0,0
8215,REST_X12,8215,3,10,0,0,0,0,0,0,0,0,0,0,5,0,0
8216,[X12_X6_GET_req],8216,3,10,0,0,0,0,1,0,0,0,0,0,6,0,0
8217,REST_X6,8217,3,10,0,0,0,0,2,0,0,0,0,0,6,0,0
8218,REST_X6,8218,3,10,0,0,0,0,5,0,0,0,0,0,6,0,0
8219,[X6_X3_GET_req],8219,3,10,0,1,0,0,6,0,0,0,0,0,6,0,0
8220,REST_X3,8220,3,10,0,2,0,0,6,0,0,0,0,0,6,0,0
8221,REST_X3,8221,3,10,0,3,0,0,6,0,0,0,0,0,6,0,0
8222,[X6_X3_GET_resp_2xx],8222,3,10,0,0,0,0,3,0,0,0,0,0,6,0,0
8223,[X12_X6_GET_resp_2xx],8223,3,10,0,0,0,0,0,0,0,0,0,0,3,0,0
8224,[X1_X12_GET_resp_2xx],8224,3,3,0,0,0,0,0,0,0,0,0,0,0,0,0
8225,[X0_X1_GET_resp_2xx],8225,0,0,0,0,0,0,0,0,0,0,0,0,0,0,0
8226,REST_X0,8226,2,0,0,0,0,0,0,0,0,0,0,0,0,0,0
8227,[X0_X1_GET_req],8227,3,1,0,0,0,0,0,0,0,0,0,0,0,0,0
8228,REST_X1,8228,3,2,0,0,0,0,0,0,0,0,0,0,0,0,0
8229,REST_X1,8229,3,9,0,0,0,0,0,0,0,0,0,0,0,0,0
8230,[X1_X12_GET_req],8230,3,10,0,0,0,0,0,0,0,0,0,0,1,0,0
8231,REST_X12,8231,3,10,0,0,0,0,0,0,0,0,0,0,2,0,0
8232,REST_X12,8232,3,10,0,0,0,0,0,0,0,0,0,0,5,0,0
8233,[X12_X6_GET_req],8233,3,10,0,0,0,0,1,0,0,0,0,0,6,0,0
8234,REST_X6,8234,3,10,0,0,0,0,2,0,0,0,0,0,6,0,0
8235,REST_X6,8235,3,10,0,0,0,0,13,0,0,0,0,0,6,0,0
8236,[X6_X7_GET_req],8236,3,10,0,0,0,0,14,1,0,0,0,0,6,0,0
8237,REST_X7,8237,3,10,0,0,0,0,14,2,0,0,0,0,6,0,0
8238,REST_X7,8238,3,10,0,0,0,0,14,5,0,0,0,0,6,0,0
8239,[X7_X5_GET_req],8239,3,10,0,0,0,1,14,6,0,0,0,0,6,0,0
8240,REST_X5,8240,3,10,0,0,0,2,14,6,0,0,0,0,6,0,0
8241,REST_X5,8241,3,10,0,0,0,4,14,6,0,0,0,0,6,0,0
8242,[X7_X5_GET_resp_5xx],8242,3,10,0,0,0,0,14,7,0,0,0,0,6,0,0
8243,[X7_X5_GET_req],8243,3,10,0,0,0,1,14,8,0,0,0,0,6,0,0
8244,REST_X5,8244,3,10,0,0,0,2,14,8,0,0,0,0,6,0,0
8245,REST_X5,8245,3,10,0,0,0,4,14,8,0,0,0,0,6,0,0
8246,[X7_X5_GET_resp_5xx],8246,3,10,0,0,0,0,14,4,0,0,0,0,6,0,0
8247,[X6_X7_GET_resp_5xx],8247,3,10,0,0,0,0,15,0,0,0,0,0,6,0,0
8248,[X6_X7_GET_req],8248,3,10,0,0,0,0,16,1,0,0,0,0,6,0,0
8249,REST_X7,8249,3,10,0,0,0,0,16,2,0,0,0,0,6,0,0
8250,REST_X7,8250,3,10,0,0,0,0,16,9,0,0,0,0,6,0,0
8251,[X7_X9_GET_req],8251,3,10,0,0,0,0,16,10,0,1,0,0,6,0,0
8252,REST_X9,8252,3,10,0,0,0,0,16,10,0,2,0,0,6,0,0
8253,REST_X9,8253,3,10,0,0,0,0,16,10,0,5,0,0,6,0,0
8254,[X9_X11_GET_req],8254,3,10,0,0,0,0,16,10,0,6,0,1,6,0,0
8255,REST_X11,8255,3,10,0,0,0,0,16,10,0,6,0,2,6,0,0
8256,REST_X11,8256,3,10,0,0,0,0,16,10,0,6,0,3,6,0,0
8257,[X9_X11_GET_resp_2xx],8257,3,10,0,0,0,0,16,10,0,3,0,0,6,0,0
8258,[X7_X9_GET_resp_2xx],8258,3,10,0,0,0,0,16,3,0,0,0,0,6,0,0
8259,[X6_X7_GET_resp_2xx],8259,3,10,0,0,0,0,3,0,0,0,0,0,6,0,0
8260,[X12_X6_GET_resp_2xx],8260,3,10,0,0,0,0,0,0,0,0,0,0,3,0,0
8261,[X1_X12_GET_resp_2xx],8261,3,3,0,0,0,0,0,0,0,0,0,0,0,0,0
8262,[X0_X1_GET_resp_2xx],8262,0,0,0,0,0,0,0,0,0,0,0,0,0,0,0
8263,REST_X0,8263,2,0,0,0,0,0,0,0,0,0,0,0,0,0,0
8264,[X0_X1_GET_req],8264,3,1,0,0,0,0,0,0,0,0,0,0,0,0,0
8265,REST_X1,8265,3,2,0,0,0,0,0,0,0,0,0,0,0,0,0
8266,REST_X1,8266,3,9,0,0,0,0,0,0,0,0,0,0,0,0,0
8267,[X1_X12_GET_req],8267,3,10,0,0,0,0,0,0,0,0,0,0,1,0,0
8268,REST_X12,8268,3,10,0,0,0,0,0,0,0,0,0,0,2,0,0
8269,REST_X12,8269,3,10,0,0,0,0,0,0,0,0,0,0,5,0,0
8270,[X12_X6_GET_req],8270,3,10,0,0,0,0,1,0,0,0,0,0,6,0,0
8271,REST_X6,8271,3,10,0,0,0,0,2,0,0,0,0,0,6,0,0
8272,REST_X6,8272,3,10,0,0,0,0,5,0,0,0,0,0,6,0,0
8273,[X6_X3_GET_req],8273,3,10,0,1,0,0,6,0,0,0,0,0,6,0,0
8274,REST_X3,8274,3,10,0,2,0,0,6,0,0,0,0,0,6,0,0
8275,REST_X3,8275,3,10,0,3,0,0,6,0,0,0,0,0,6,0,0
8276,[X6_X3_GET_resp_2xx],8276,3,10,0,0,0,0,3,0,0,0,0,0,6,0,0
8277,[X12_X6_GET_resp_2xx],8277,3,10,0,0,0,0,0,0,0,0,0,0,3,0,0
8278,[X1_X12_GET_resp_2xx],8278,3,3,0,0,0,0,0,0,0,0,0,0,0,0,0
8279,[X0_X1_GET_resp_2xx],8279,0,0,0,0,0,0,0,0,0,0,0,0,0,0,0
8280,REST_X0,8280,2,0,0,0,0,0,0,0,0,0,0,0,0,0,0
8281,[X0_X1_GET_req],8281,3,1,0,0,0,0,0,0,0,0,0,0,0,0,0
8282,REST_X1,8282,3,2,0,0,0,0,0,0,0,0,0,0,0,0,0
8283,REST_X1,8283,3,5,0,0,0,0,0,0,0,0,0,0,0,0,0
8284,[X1_X2_GET_req],8284,3,6,1,0,0,0,0,0,0,0,0,0,0,0,0
8285,REST_X2,8285,3,6,2,0,0,0,0,0,0,0,0,0,0,0,0
8286,REST_X2,8286,3,6,3,0,0,0,0,0,0,0,0,0,0,0,0
8287,[X1_X2_GET_resp_2xx],8287,3,3,0,0,0,0,0,0,0,0,0,0,0,0,0
8288,[X0_X1_GET_resp_2xx],8288,0,0,0,0,0,0,0,0,0,0,0,0,0,0,0
8289,REST_X0,8289,2,0,0,0,0,0,0,0,0,0,0,0,0,0,0
8290,[X0_X1_GET_req],8290,3,1,0,0,0,0,0,0,0,0,0,0,0,0,0
8291,REST_X1,8291,3,2,0,0,0,0,0,0,0,0,0,0,0,0,0
8292,REST_X1,8292,3,5,0,0,0,0,0,0,0,0,0,0,0,0,0
8293,[X1_X2_GET_req],8293,3,6,1,0,0,0,0,0,0,0,0,0,0,0,0
8294,REST_X2,8294,3,6,2,0,0,0,0,0,0,0,0,0,0,0,0
8295,REST_X2,8295,3,6,3,0,0,0,0,0,0,0,0,0,0,0,0
8296,[X1_X2_GET_resp_2xx],8296,3,3,0,0,0,0,0,0,0,0,0,0,0,0,0
8297,[X0_X1_GET_resp_2xx],8297,0,0,0,0,0,0,0,0,0,0,0,0,0,0,0
8298,REST_X0,8298,2,0,0,0,0,0,0,0,0,0,0,0,0,0,0
8299,[X0_X1_GET_req],8299,3,1,0,0,0,0,0,0,0,0,0,0,0,0,0
8300,REST_X1,8300,3,2,0,0,0,0,0,0,0,0,0,0,0,0,0
8301,REST_X1,8301,3,9,0,0,0,0,0,0,0,0,0,0,0,0,0
8302,[X1_X12_GET_req],8302,3,10,0,0,0,0,0,0,0,0,0,0,1,0,0
8303,REST_X12,8303,3,10,0,0,0,0,0,0,0,0,0,0,2,0,0
8304,REST_X12,8304,3,10,0,0,0,0,0,0,0,0,0,0,5,0,0
8305,[X12_X6_GET_req],8305,3,10,0,0,0,0,1,0,0,0,0,0,6,0,0
8306,REST_X6,8306,3,10,0,0,0,0,2,0,0,0,0,0,6,0,0
8307,REST_X6,8307,3,10,0,0,0,0,9,0,0,0,0,0,6,0,0
8308,[X6_X8_GET_req],8308,3,10,0,0,0,0,10,0,1,0,0,0,6,0,0
8309,REST_X8,8309,3,10,0,0,0,0,10,0,2,0,0,0,6,0,0
8310,REST_X8,8310,3,10,0,0,0,0,10,0,3,0,0,0,6,0,0
8311,[X6_X8_GET_resp_2xx],8311,3,10,0,0,0,0,3,0,0,0,0,0,6,0,0
8312,[X12_X6_GET_resp_2xx],8312,3,10,0,0,0,0,0,0,0,0,0,0,3,0,0
8313,[X1_X12_GET_resp_2xx],8313,3,3,0,0,0,0,0,0,0,0,0,0,0,0,0
8314,[X0_X1_GET_resp_2xx],8314,0,0,0,0,0,0,0,0,0,0,0,0,0,0,0
8315,REST_X0,8315,2,0,0,0,0,0,0,0,0,0,0,0,0,0,0
8316,[X0_X1_GET_req],8316,3,1,0,0,0,0,0,0,0,0,0,0,0,0,0
8317,REST_X1,8317,3,2,0,0,0,0,0,0,0,0,0,0,0,0,0
8318,REST_X1,8318,3,9,0,0,0,0,0,0,0,0,0,0,0,0,0
8319,[X1_X12_GET_req],8319,3,10,0,0,0,0,0,0,0,0,0,0,1,0,0
8320,REST_X12,8320,3,10,0,0,0,0,0,0,0,0,0,0,2,0,0
8321,REST_X12,8321,3,10,0,0,0,0,0,0,0,0,0,0,5,0,0
8322,[X12_X6_GET_req],8322,3,10,0,0,0,0,1,0,0,0,0,0,6,0,0
8323,REST_X6,8323,3,10,0,0,0,0,2,0,0,0,0,0,6,0,0
8324,REST_X6,8324,3,10,0,0,0,0,13,0,0,0,0,0,6,0,0
8325,[X6_X7_GET_req],8325,3,10,0,0,0,0,14,1,0,0,0,0,6,0,0
8326,REST_X7,8326,3,10,0,0,0,0,14,2,0,0,0,0,6,0,0
8327,REST_X7,8327,3,10,0,0,0,0,14,9,0,0,0,0,6,0,0
8328,[X7_X9_GET_req],8328,3,10,0,0,0,0,14,10,0,1,0,0,6,0,0
8329,REST_X9,8329,3,10,0,0,0,0,14,10,0,2,0,0,6,0,0
8330,REST_X9,8330,3,10,0,0,0,0,14,10,0,9,0,0,6,0,0
8331,[X9_X4_GET_req],8331,3,10,0,0,1,0,14,10,0,10,0,0,6,0,0
8332,REST_X4,8332,3,10,0,0,2,0,14,10,0,10,0,0,6,0,0
8333,REST_X4,8333,3,10,0,0,5,0,14,10,0,10,0,0,6,0,0
8334,[X4_X10_GET_req],8334,3,10,0,0,6,0,14,10,0,10,1,0,6,0,0
8335,REST_X10,8335,3,10,0,0,6,0,14,10,0,10,2,0,6,0,0
8336,REST_X10,8336,3,10,0,0,6,0,14,10,0,10,3,0,6,0,0
8337,[X4_X10_GET_resp_2xx],8337,3,10,0,0,3,0,14,10,0,10,0,0,6,0,0
8338,[X9_X4_GET_resp_2xx],8338,3,10,0,0,0,0,14,10,0,3,0,0,6,0,0
8339,[X7_X9_GET_resp_2xx],8339,3,10,0,0,0,0,14,3,0,0,0,0,6,0,0
8340,[X6_X7_GET_resp_2xx],8340,3,10,0,0,0,0,3,0,0,0,0,0,6,0,0
8341,[X12_X6_GET_resp_2xx],8341,3,10,0,0,0,0,0,0,0,0,0,0,3,0,0
8342,[X1_X12_GET_resp_2xx],8342,3,3,0,0,0,0,0,0,0,0,0,0,0,0,0
8343,[X0_X1_GET_resp_2xx],8343,0,0,0,0,0,0,0,0,0,0,0,0,0,0,0
8344,REST_X0,8344,2,0,0,0,0,0,0,0,0,0,0,0,0,0,0
8345,[X0_X1_GET_req],8345,3,1,0,0,0,0,0,0,0,0,0,0,0,0,0
8346,REST_X1,8346,3,2,0,0,0,0,0,0,0,0,0,0,0,0,0
8347,REST_X1,8347,3,5,0,0,0,0,0,0,0,0,0,0,0,0,0
8348,[X1_X2_GET_req],8348,3,6,1,0,0,0,0,0,0,0,0,0,0,0,0
8349,REST_X2,8349,3,6,2,0,0,0,0,0,0,0,0,0,0,0,0
8350,REST_X2,8350,3,6,3,0,0,0,0,0,0,0,0,0,0,0,0
8351,[X1_X2_GET_resp_2xx],8351,3,3,0,0,0,0,0,0,0,0,0,0,0,0,0
8352,[X0_X1_GET_resp_2xx],8352,0,0,0,0,0,0,0,0,0,0,0,0,0,0,0
8353,REST_X0,8353,2,0,0,0,0,0,0,0,0,0,0,0,0,0,0
8354,[X0_X1_GET_req],8354,3,1,0,0,0,0,0,0,0,0,0,0,0,0,0
8355,REST_X1,8355,3,2,0,0,0,0,0,0,0,0,0,0,0,0,0
8356,REST_X1,8356,3,9,0,0,0,0,0,0,0,0,0,0,0,0,0
8357,[X1_X12_GET_req],8357,3,10,0,0,0,0,0,0,0,0,0,0,1,0,0
8358,REST_X12,8358,3,10,0,0,0,0,0,0,0,0,0,0,2,0,0
8359,REST_X12,8359,3,10,0,0,0,0,0,0,0,0,0,0,5,0,0
8360,[X12_X6_GET_req],8360,3,10,0,0,0,0,1,0,0,0,0,0,6,0,0
8361,REST_X6,8361,3,10,0,0,0,0,2,0,0,0,0,0,6,0,0
8362,REST_X6,8362,3,10,0,0,0,0,5,0,0,0,0,0,6,0,0
8363,[X6_X3_GET_req],8363,3,10,0,1,0,0,6,0,0,0,0,0,6,0,0
8364,REST_X3,8364,3,10,0,2,0,0,6,0,0,0,0,0,6,0,0
8365,REST_X3,8365,3,10,0,3,0,0,6,0,0,0,0,0,6,0,0
8366,[X6_X3_GET_resp_2xx],8366,3,10,0,0,0,0,3,0,0,0,0,0,6,0,0
8367,[X12_X6_GET_resp_2xx],8367,3,10,0,0,0,0,0,0,0,0,0,0,3,0,0
8368,[X1_X12_GET_resp_2xx],8368,3,3,0,0,0,0,0,0,0,0,0,0,0,0,0
8369,[X0_X1_GET_resp_2xx],8369,0,0,0,0,0,0,0,0,0,0,0,0,0,0,0
8370,REST_X0,8370,2,0,0,0,0,0,0,0,0,0,0,0,0,0,0
8371,[X0_X1_GET_req],8371,3,1,0,0,0,0,0,0,0,0,0,0,0,0,0
8372,REST_X1,8372,3,2,0,0,0,0,0,0,0,0,0,0,0,0,0
8373,REST_X1,8373,3,9,0,0,0,0,0,0,0,0,0,0,0,0,0
8374,[X1_X12_GET_req],8374,3,10,0,0,0,0,0,0,0,0,0,0,1,0,0
8375,REST_X12,8375,3,10,0,0,0,0,0,0,0,0,0,0,2,0,0
8376,REST_X12,8376,3,10,0,0,0,0,0,0,0,0,0,0,5,0,0
8377,[X12_X6_GET_req],8377,3,10,0,0,0,0,1,0,0,0,0,0,6,0,0
8378,REST_X6,8378,3,10,0,0,0,0,2,0,0,0,0,0,6,0,0
8379,REST_X6,8379,3,10,0,0,0,0,5,0,0,0,0,0,6,0,0
8380,[X6_X3_GET_req],8380,3,10,0,1,0,0,6,0,0,0,0,0,6,0,0
8381,REST_X3,8381,3,10,0,2,0,0,6,0,0,0,0,0,6,0,0
8382,REST_X3,8382,3,10,0,3,0,0,6,0,0,0,0,0,6,0,0
8383,[X6_X3_GET_resp_2xx],8383,3,10,0,0,0,0,3,0,0,0,0,0,6,0,0
8384,[X12_X6_GET_resp_2xx],8384,3,10,0,0,0,0,0,0,0,0,0,0,3,0,0
8385,[X1_X12_GET_resp_2xx],8385,3,3,0,0,0,0,0,0,0,0,0,0,0,0,0
8386,[X0_X1_GET_resp_2xx],8386,0,0,0,0,0,0,0,0,0,0,0,0,0,0,0
8387,REST_X0,8387,2,0,0,0,0,0,0,0,0,0,0,0,0,0,0
8388,[X0_X1_GET_req],8388,3,1,0,0,0,0,0,0,0,0,0,0,0,0,0
8389,REST_X1,8389,3,2,0,0,0,0,0,0,0,0,0,0,0,0,0
8390,REST_X1,8390,3,9,0,0,0,0,0,0,0,0,0,0,0,0,0
8391,[X1_X12_GET_req],8391,3,10,0,0,0,0,0,0,0,0,0,0,1,0,0
8392,REST_X12,8392,3,10,0,0,0,0,0,0,0,0,0,0,2,0,0
8393,REST_X12,8393,3,10,0,0,0,0,0,0,0,0,0,0,5,0,0
8394,[X12_X6_GET_req],8394,3,10,0,0,0,0,1,0,0,0,0,0,6,0,0
8395,REST_X6,8395,3,10,0,0,0,0,2,0,0,0,0,0,6,0,0
8396,REST_X6,8396,3,10,0,0,0,0,5,0,0,0,0,0,6,0,0
8397,[X6_X3_GET_req],8397,3,10,0,1,0,0,6,0,0,0,0,0,6,0,0
8398,REST_X3,8398,3,10,0,2,0,0,6,0,0,0,0,0,6,0,0
8399,REST_X3,8399,3,10,0,3,0,0,6,0,0,0,0,0,6,0,0
8400,[X6_X3_GET_resp_2xx],8400,3,10,0,0,0,0,3,0,0,0,0,0,6,0,0
8401,[X12_X6_GET_resp_2xx],8401,3,10,0,0,0,0,0,0,0,0,0,0,3,0,0
8402,[X1_X12_GET_resp_2xx],8402,3,3,0,0,0,0,0,0,0,0,0,0,0,0,0
8403,[X0_X1_GET_resp_2xx],8403,0,0,0,0,0,0,0,0,0,0,0,0,0,0,0
8404,REST_X0,8404,2,0,0,0,0,0,0,0,0,0,0,0,0,0,0
8405,[X0_X1_GET_req],8405,3,1,0,0,0,0,0,0,0,0,0,0,0,0,0
8406,REST_X1,8406,3,2,0,0,0,0,0,0,0,0,0,0,0,0,0
8407,REST_X1,8407,3,5,0,0,0,0,0,0,0,0,0,0,0,0,0
8408,[X1_X2_GET_req],8408,3,6,1,0,0,0,0,0,0,0,0,0,0,0,0
8409,REST_X2,8409,3,6,2,0,0,0,0,0,0,0,0,0,0,0,0
8410,REST_X2,8410,3,6,3,0,0,0,0,0,0,0,0,0,0,0,0
8411,[X1_X2_GET_resp_2xx],8411,3,3,0,0,0,0,0,0,0,0,0,0,0,0,0
8412,[X0_X1_GET_resp_2xx],8412,0,0,0,0,0,0,0,0,0,0,0,0,0,0,0
8413,REST_X0,8413,2,0,0,0,0,0,0,0,0,0,0,0,0,0,0
8414,[X0_X1_GET_req],8414,3,1,0,0,0,0,0,0,0,0,0,0,0,0,0
8415,REST_X1,8415,3,2,0,0,0,0,0,0,0,0,0,0,0,0,0
8416,REST_X1,8416,3,9,0,0,0,0,0,0,0,0,0,0,0,0,0
8417,[X1_X12_GET_req],8417,3,10,0,0,0,0,0,0,0,0,0,0,1,0,0
8418,REST_X12,8418,3,10,0,0,0,0,0,0,0,0,0,0,2,0,0
8419,REST_X12,8419,3,10,0,0,0,0,0,0,0,0,0,0,5,0,0
8420,[X12_X6_GET_req],8420,3,10,0,0,0,0,1,0,0,0,0,0,6,0,0
8421,REST_X6,8421,3,10,0,0,0,0,2,0,0,0,0,0,6,0,0
8422,REST_X6,8422,3,10,0,0,0,0,13,0,0,0,0,0,6,0,0
8423,[X6_X7_GET_req],8423,3,10,0,0,0,0,14,1,0,0,0,0,6,0,0
8424,REST_X7,8424,3,10,0,0,0,0,14,2,0,0,0,0,6,0,0
8425,REST_X7,8425,3,10,0,0,0,0,14,9,0,0,0,0,6,0,0
8426,[X7_X9_GET_req],8426,3,10,0,0,0,0,14,10,0,1,0,0,6,0,0
8427,REST_X9,8427,3,10,0,0,0,0,14,10,0,2,0,0,6,0,0
8428,REST_X9,8428,3,10,0,0,0,0,14,10,0,9,0,0,6,0,0
8429,[X9_X4_GET_req],8429,3,10,0,0,1,0,14,10,0,10,0,0,6,0,0
8430,REST_X4,8430,3,10,0,0,2,0,14,10,0,10,0,0,6,0,0
8431,REST_X4,8431,3,10,0,0,9,0,14,10,0,10,0,0,6,0,0
8432,[X4_X14_GET_req],8432,3,10,0,0,10,0,14,10,0,10,0,0,6,0,1
8433,REST_X14,8433,3,10,0,0,10,0,14,10,0,10,0,0,6,0,2
8434,REST_X14,8434,3,10,0,0,10,0,14,10,0,10,0,0,6,0,5
8435,[X14_X13_GET_req],8435,3,10,0,0,10,0,14,10,0,10,0,0,6,1,6
8436,REST_X13,8436,3,10,0,0,10,0,14,10,0,10,0,0,6,2,6
8437,REST_X13,8437,3,10,0,0,10,0,14,10,0,10,0,0,6,3,6
8438,[X14_X13_GET_resp_2xx],8438,3,10,0,0,10,0,14,10,0,10,0,0,6,0,3
8439,[X4_X14_GET_resp_2xx],8439,3,10,0,0,3,0,14,10,0,10,0,0,6,0,0
8440,[X9_X4_GET_resp_2xx],8440,3,10,0,0,0,0,14,10,0,3,0,0,6,0,0
8441,[X7_X9_GET_resp_2xx],8441,3,10,0,0,0,0,14,3,0,0,0,0,6,0,0
8442,[X6_X7_GET_resp_2xx],8442,3,10,0,0,0,0,3,0,0,0,0,0,6,0,0
8443,[X12_X6_GET_resp_2xx],8443,3,10,0,0,0,0,0,0,0,0,0,0,3,0,0
8444,[X1_X12_GET_resp_2xx],8444,3,3,0,0,0,0,0,0,0,0,0,0,0,0,0
8445,[X0_X1_GET_resp_2xx],8445,0,0,0,0,0,0,0,0,0,0,0,0,0,0,0
8446,REST_X0,8446,2,0,0,0,0,0,0,0,0,0,0,0,0,0,0
8447,[X0_X1_GET_req],8447,3,1,0,0,0,0,0,0,0,0,0,0,0,0,0
8448,REST_X1,8448,3,2,0,0,0,0,0,0,0,0,0,0,0,0,0
8449,REST_X1,8449,3,9,0,0,0,0,0,0,0,0,0,0,0,0,0
8450,[X1_X12_GET_req],8450,3,10,0,0,0,0,0,0,0,0,0,0,1,0,0
8451,REST_X12,8451,3,10,0,0,0,0,0,0,0,0,0,0,2,0,0
8452,REST_X12,8452,3,10,0,0,0,0,0,0,0,0,0,0,5,0,0
8453,[X12_X6_GET_req],8453,3,10,0,0,0,0,1,0,0,0,0,0,6,0,0
8454,REST_X6,8454,3,10,0,0,0,0,2,0,0,0,0,0,6,0,0
8455,REST_X6,8455,3,10,0,0,0,0,5,0,0,0,0,0,6,0,0
8456,[X6_X3_GET_req],8456,3,10,0,1,0,0,6,0,0,0,0,0,6,0,0
8457,REST_X3,8457,3,10,0,2,0,0,6,0,0,0,0,0,6,0,0
8458,REST_X3,8458,3,10,0,3,0,0,6,0,0,0,0,0,6,0,0
8459,[X6_X3_GET_resp_2xx],8459,3,10,0,0,0,0,3,0,0,0,0,0,6,0,0
8460,[X12_X6_GET_resp_2xx],8460,3,10,0,0,0,0,0,0,0,0,0,0,3,0,0
8461,[X1_X12_GET_resp_2xx],8461,3,3,0,0,0,0,0,0,0,0,0,0,0,0,0
8462,[X0_X1_GET_resp_2xx],8462,0,0,0,0,0,0,0,0,0,0,0,0,0,0,0
8463,REST_X0,8463,2,0,0,0,0,0,0,0,0,0,0,0,0,0,0
8464,[X0_X1_GET_req],8464,3,1,0,0,0,0,0,0,0,0,0,0,0,0,0
8465,REST_X1,8465,3,2,0,0,0,0,0,0,0,0,0,0,0,0,0
8466,REST_X1,8466,3,9,0,0,0,0,0,0,0,0,0,0,0,0,0
8467,[X1_X12_GET_req],8467,3,10,0,0,0,0,0,0,0,0,0,0,1,0,0
8468,REST_X12,8468,3,10,0,0,0,0,0,0,0,0,0,0,2,0,0
8469,REST_X12,8469,3,10,0,0,0,0,0,0,0,0,0,0,5,0,0
8470,[X12_X6_GET_req],8470,3,10,0,0,0,0,1,0,0,0,0,0,6,0,0
8471,REST_X6,8471,3,10,0,0,0,0,2,0,0,0,0,0,6,0,0
8472,REST_X6,8472,3,10,0,0,0,0,9,0,0,0,0,0,6,0,0
8473,[X6_X8_GET_req],8473,3,10,0,0,0,0,10,0,1,0,0,0,6,0,0
8474,REST_X8,8474,3,10,0,0,0,0,10,0,2,0,0,0,6,0,0
8475,REST_X8,8475,3,10,0,0,0,0,10,0,3,0,0,0,6,0,0
8476,[X6_X8_GET_resp_2xx],8476,3,10,0,0,0,0,3,0,0,0,0,0,6,0,0
8477,[X12_X6_GET_resp_2xx],8477,3,10,0,0,0,0,0,0,0,0,0,0,3,0,0
8478,[X1_X12_GET_resp_2xx],8478,3,3,0,0,0,0,0,0,0,0,0,0,0,0,0
8479,[X0_X1_GET_resp_2xx],8479,0,0,0,0,0,0,0,0,0,0,0,0,0,0,0
8480,REST_X0,8480,2,0,0,0,0,0,0,0,0,0,0,0,0,0,0
8481,[X0_X1_GET_req],8481,3,1,0,0,0,0,0,0,0,0,0,0,0,0,0
8482,REST_X1,8482,3,2,0,0,0,0,0,0,0,0,0,0,0,0,0
8483,REST_X1,8483,3,9,0,0,0,0,0,0,0,0,0,0,0,0,0
8484,[X1_X12_GET_req],8484,3,10,0,0,0,0,0,0,0,0,0,0,1,0,0
8485,REST_X12,8485,3,10,0,0,0,0,0,0,0,0,0,0,2,0,0
8486,REST_X12,8486,3,10,0,0,0,0,0,0,0,0,0,0,5,0,0
8487,[X12_X6_GET_req],8487,3,10,0,0,0,0,1,0,0,0,0,0,6,0,0
8488,REST_X6,8488,3,10,0,0,0,0,2,0,0,0,0,0,6,0,0
8489,REST_X6,8489,3,10,0,0,0,0,13,0,0,0,0,0,6,0,0
8490,[X6_X7_GET_req],8490,3,10,0,0,0,0,14,1,0,0,0,0,6,0,0
8491,REST_X7,8491,3,10,0,0,0,0,14,2,0,0,0,0,6,0,0
8492,REST_X7,8492,3,10,0,0,0,0,14,9,0,0,0,0,6,0,0
8493,[X7_X9_GET_req],8493,3,10,0,0,0,0,14,10,0,1,0,0,6,0,0
8494,REST_X9,8494,3,10,0,0,0,0,14,10,0,2,0,0,6,0,0
8495,REST_X9,8495,3,10,0,0,0,0,14,10,0,9,0,0,6,0,0
8496,[X9_X4_GET_req],8496,3,10,0,0,1,0,14,10,0,10,0,0,6,0,0
8497,REST_X4,8497,3,10,0,0,2,0,14,10,0,10,0,0,6,0,0
8498,REST_X4,8498,3,10,0,0,5,0,14,10,0,10,0,0,6,0,0
8499,[X4_X10_GET_req],8499,3,10,0,0,6,0,14,10,0,10,1,0,6,0,0
8500,REST_X10,8500,3,10,0,0,6,0,14,10,0,10,2,0,6,0,0
8501,REST_X10,8501,3,10,0,0,6,0,14,10,0,10,3,0,6,0,0
8502,[X4_X10_GET_resp_2xx],8502,3,10,0,0,3,0,14,10,0,10,0,0,6,0,0
8503,[X9_X4_GET_resp_2xx],8503,3,10,0,0,0,0,14,10,0,3,0,0,6,0,0
8504,[X7_X9_GET_resp_2xx],8504,3,10,0,0,0,0,14,3,0,0,0,0,6,0,0
8505,[X6_X7_GET_resp_2xx],8505,3,10,0,0,0,0,3,0,0,0,0,0,6,0,0
8506,[X12_X6_GET_resp_2xx],8506,3,10,0,0,0,0,0,0,0,0,0,0,3,0,0
8507,[X1_X12_GET_resp_2xx],8507,3,3,0,0,0,0,0,0,0,0,0,0,0,0,0
8508,[X0_X1_GET_resp_2xx],8508,0,0,0,0,0,0,0,0,0,0,0,0,0,0,0
8509,REST_X0,8509,2,0,0,0,0,0,0,0,0,0,0,0,0,0,0
8510,[X0_X1_GET_req],8510,3,1,0,0,0,0,0,0,0,0,0,0,0,0,0
8511,REST_X1,8511,3,2,0,0,0,0,0,0,0,0,0,0,0,0,0
8512,REST_X1,8512,3,9,0,0,0,0,0,0,0,0,0,0,0,0,0
8513,[X1_X12_GET_req],8513,3,10,0,0,0,0,0,0,0,0,0,0,1,0,0
8514,REST_X12,8514,3,10,0,0,0,0,0,0,0,0,0,0,2,0,0
8515,REST_X12,8515,3,10,0,0,0,0,0,0,0,0,0,0,5,0,0
8516,[X12_X6_GET_req],8516,3,10,0,0,0,0,1,0,0,0,0,0,6,0,0
8517,REST_X6,8517,3,10,0,0,0,0,2,0,0,0,0,0,6,0,0
8518,REST_X6,8518,3,10,0,0,0,0,13,0,0,0,0,0,6,0,0
8519,[X6_X7_GET_req],8519,3,10,0,0,0,0,14,1,0,0,0,0,6,0,0
8520,REST_X7,8520,3,10,0,0,0,0,14,2,0,0,0,0,6,0,0
8521,REST_X7,8521,3,10,0,0,0,0,14,5,0,0,0,0,6,0,0
8522,[X7_X5_GET_req],8522,3,10,0,0,0,1,14,6,0,0,0,0,6,0,0
8523,REST_X5,8523,3,10,0,0,0,2,14,6,0,0,0,0,6,0,0
8524,REST_X5,8524,3,10,0,0,0,3,14,6,0,0,0,0,6,0,0
8525,[X7_X5_GET_resp_2xx],8525,3,10,0,0,0,0,14,3,0,0,0,0,6,0,0
8526,[X6_X7_GET_resp_2xx],8526,3,10,0,0,0,0,3,0,0,0,0,0,6,0,0
8527,[X12_X6_GET_resp_2xx],8527,3,10,0,0,0,0,0,0,0,0,0,0,3,0,0
8528,[X1_X12_GET_resp_2xx],8528,3,3,0,0,0,0,0,0,0,0,0,0,0,0,0
8529,[X0_X1_GET_resp_2xx],8529,0,0,0,0,0,0,0,0,0,0,0,0,0,0,0
8530,REST_X0,8530,2,0,0,0,0,0,0,0,0,0,0,0,0,0,0
8531,[X0_X1_GET_req],8531,3,1,0,0,0,0,0,0,0,0,0,0,0,0,0
8532,REST_X1,8532,3,2,0,0,0,0,0,0,0,0,0,0,0,0,0
8533,REST_X1,8533,3,9,0,0,0,0,0,0,0,0,0,0,0,0,0
8534,[X1_X12_GET_req],8534,3,10,0,0,0,0,0,0,0,0,0,0,1,0,0
8535,REST_X12,8535,3,10,0,0,0,0,0,0,0,0,0,0,2,0,0
8536,REST_X12,8536,3,10,0,0,0,0,0,0,0,0,0,0,5,0,0
8537,[X12_X6_GET_req],8537,3,10,0,0,0,0,1,0,0,0,0,0,6,0,0
8538,REST_X6,8538,3,10,0,0,0,0,2,0,0,0,0,0,6,0,0
8539,REST_X6,8539,3,10,0,0,0,0,5,0,0,0,0,0,6,0,0
8540,[X6_X3_GET_req],8540,3,10,0,1,0,0,6,0,0,0,0,0,6,0,0
8541,REST_X3,8541,3,10,0,2,0,0,6,0,0,0,0,0,6,0,0
8542,REST_X3,8542,3,10,0,4,0,0,6,0,0,0,0,0,6,0,0
8543,[X6_X3_GET_resp_5xx],8543,3,10,0,0,0,0,7,0,0,0,0,0,6,0,0
8544,[X6_X3_GET_req],8544,3,10,0,1,0,0,8,0,0,0,0,0,6,0,0
8545,REST_X3,8545,3,10,0,2,0,0,8,0,0,0,0,0,6,0,0
8546,REST_X3,8546,3,10,0,3,0,0,8,0,0,0,0,0,6,0,0
8547,[X6_X3_GET_resp_2xx],8547,3,10,0,0,0,0,3,0,0,0,0,0,6,0,0
8548,[X12_X6_GET_resp_2xx],8548,3,10,0,0,0,0,0,0,0,0,0,0,3,0,0
8549,[X1_X12_GET_resp_2xx],8549,3,3,0,0,0,0,0,0,0,0,0,0,0,0,0
8550,[X0_X1_GET_resp_2xx],8550,0,0,0,0,0,0,0,0,0,0,0,0,0,0,0
8551,REST_X0,8551,2,0,0,0,0,0,0,0,0,0,0,0,0,0,0
8552,[X0_X1_GET_req],8552,3,1,0,0,0,0,0,0,0,0,0,0,0,0,0
8553,REST_X1,8553,3,2,0,0,0,0,0,0,0,0,0,0,0,0,0
8554,REST_X1,8554,3,5,0,0,0,0,0,0,0,0,0,0,0,0,0
8555,[X1_X2_GET_req],8555,3,6,1,0,0,0,0,0,0,0,0,0,0,0,0
8556,REST_X2,8556,3,6,2,0,0,0,0,0,0,0,0,0,0,0,0
8557,REST_X2,8557,3,6,3,0,0,0,0,0,0,0,0,0,0,0,0
8558,[X1_X2_GET_resp_2xx],8558,3,3,0,0,0,0,0,0,0,0,0,0,0,0,0
8559,[X0_X1_GET_resp_2xx],8559,0,0,0,0,0,0,0,0,0,0,0,0,0,0,0
8560,REST_X0,8560,2,0,0,0,0,0,0,0,0,0,0,0,0,0,0
8561,[X0_X1_GET_req],8561,3,1,0,0,0,0,0,0,0,0,0,0,0,0,0
8562,REST_X1,8562,3,2,0,0,0,0,0,0,0,0,0,0,0,0,0
8563,REST_X1,8563,3,5,0,0,0,0,0,0,0,0,0,0,0,0,0
8564,[X1_X2_GET_req],8564,3,6,1,0,0,0,0,0,0,0,0,0,0,0,0
8565,REST_X2,8565,3,6,2,0,0,0,0,0,0,0,0,0,0,0,0
8566,REST_X2,8566,3,6,3,0,0,0,0,0,0,0,0,0,0,0,0
8567,[X1_X2_GET_resp_2xx],8567,3,3,0,0,0,0,0,0,0,0,0,0,0,0,0
8568,[X0_X1_GET_resp_2xx],8568,0,0,0,0,0,0,0,0,0,0,0,0,0,0,0
8569,REST_X0,8569,2,0,0,0,0,0,0,0,0,0,0,0,0,0,0
8570,[X0_X1_GET_req],8570,3,1,0,0,0,0,0,0,0,0,0,0,0,0,0
8571,REST_X1,8571,3,2,0,0,0,0,0,0,0,0,0,0,0,0,0
8572,REST_X1,8572,3,9,0,0,0,0,0,0,0,0,0,0,0,0,0
8573,[X1_X12_GET_req],8573,3,10,0,0,0,0,0,0,0,0,0,0,1,0,0
8574,REST_X12,8574,3,10,0,0,0,0,0,0,0,0,0,0,2,0,0
8575,REST_X12,8575,3,10,0,0,0,0,0,0,0,0,0,0,5,0,0
8576,[X12_X6_GET_req],8576,3,10,0,0,0,0,1,0,0,0,0,0,6,0,0
8577,REST_X6,8577,3,10,0,0,0,0,2,0,0,0,0,0,6,0,0
8578,REST_X6,8578,3,10,0,0,0,0,9,0,0,0,0,0,6,0,0
8579,[X6_X8_GET_req],8579,3,10,0,0,0,0,10,0,1,0,0,0,6,0,0
8580,REST_X8,8580,3,10,0,0,0,0,10,0,2,0,0,0,6,0,0
8581,REST_X8,8581,3,10,0,0,0,0,10,0,3,0,0,0,6,0,0
8582,[X6_X8_GET_resp_2xx],8582,3,10,0,0,0,0,3,0,0,0,0,0,6,0,0
8583,[X12_X6_GET_resp_2xx],8583,3,10,0,0,0,0,0,0,0,0,0,0,3,0,0
8584,[X1_X12_GET_resp_2xx],8584,3,3,0,0,0,0,0,0,0,0,0,0,0,0,0
8585,[X0_X1_GET_resp_2xx],8585,0,0,0,0,0,0,0,0,0,0,0,0,0,0,0
8586,REST_X0,8586,2,0,0,0,0,0,0,0,0,0,0,0,0,0,0
8587,[X0_X1_GET_req],8587,3,1,0,0,0,0,0,0,0,0,0,0,0,0,0
8588,REST_X1,8588,3,2,0,0,0,0,0,0,0,0,0,0,0,0,0
8589,REST_X1,8589,3,9,0,0,0,0,0,0,0,0,0,0,0,0,0
8590,[X1_X12_GET_req],8590,3,10,0,0,0,0,0,0,0,0,0,0,1,0,0
8591,REST_X12,8591,3,10,0,0,0,0,0,0,0,0,0,0,2,0,0
8592,REST_X12,8592,3,10,0,0,0,0,0,0,0,0,0,0,5,0,0
8593,[X12_X6_GET_req],8593,3,10,0,0,0,0,1,0,0,0,0,0,6,0,0
8594,REST_X6,8594,3,10,0,0,0,0,2,0,0,0,0,0,6,0,0
8595,REST_X6,8595,3,10,0,0,0,0,5,0,0,0,0,0,6,0,0
8596,[X6_X3_GET_req],8596,3,10,0,1,0,0,6,0,0,0,0,0,6,0,0
8597,REST_X3,8597,3,10,0,2,0,0,6,0,0,0,0,0,6,0,0
8598,REST_X3,8598,3,10,0,4,0,0,6,0,0,0,0,0,6,0,0
8599,[X6_X3_GET_resp_5xx],8599,3,10,0,0,0,0,7,0,0,0,0,0,6,0,0
8600,[X6_X3_GET_req],8600,3,10,0,1,0,0,8,0,0,0,0,0,6,0,0
8601,REST_X3,8601,3,10,0,2,0,0,8,0,0,0,0,0,6,0,0
8602,REST_X3,8602,3,10,0,3,0,0,8,0,0,0,0,0,6,0,0
8603,[X6_X3_GET_resp_2xx],8603,3,10,0,0,0,0,3,0,0,0,0,0,6,0,0
8604,[X12_X6_GET_resp_2xx],8604,3,10,0,0,0,0,0,0,0,0,0,0,3,0,0
8605,[X1_X12_GET_resp_2xx],8605,3,3,0,0,0,0,0,0,0,0,0,0,0,0,0
8606,[X0_X1_GET_resp_2xx],8606,0,0,0,0,0,0,0,0,0,0,0,0,0,0,0
8607,REST_X0,8607,2,0,0,0,0,0,0,0,0,0,0,0,0,0,0
8608,[X0_X1_GET_req],8608,3,1,0,0,0,0,0,0,0,0,0,0,0,0,0
8609,REST_X1,8609,3,2,0,0,0,0,0,0,0,0,0,0,0,0,0
8610,REST_X1,8610,3,5,0,0,0,0,0,0,0,0,0,0,0,0,0
8611,[X1_X2_GET_req],8611,3,6,1,0,0,0,0,0,0,0,0,0,0,0,0
8612,REST_X2,8612,3,6,2,0,0,0,0,0,0,0,0,0,0,0,0
8613,REST_X2,8613,3,6,3,0,0,0,0,0,0,0,0,0,0,0,0
8614,[X1_X2_GET_resp_2xx],8614,3,3,0,0,0,0,0,0,0,0,0,0,0,0,0
8615,[X0_X1_GET_resp_2xx],8615,0,0,0,0,0,0,0,0,0,0,0,0,0,0,0
8616,REST_X0,8616,2,0,0,0,0,0,0,0,0,0,0,0,0,0,0
8617,[X0_X1_GET_req],8617,3,1,0,0,0,0,0,0,0,0,0,0,0,0,0
8618,REST_X1,8618,3,2,0,0,0,0,0,0,0,0,0,0,0,0,0
8619,REST_X1,8619,3,5,0,0,0,0,0,0,0,0,0,0,0,0,0
8620,[X1_X2_GET_req],8620,3,6,1,0,0,0,0,0,0,0,0,0,0,0,0
8621,REST_X2,8621,3,6,2,0,0,0,0,0,0,0,0,0,0,0,0
8622,REST_X2,8622,3,6,3,0,0,0,0,0,0,0,0,0,0,0,0
8623,[X1_X2_GET_resp_2xx],8623,3,3,0,0,0,0,0,0,0,0,0,0,0,0,0
8624,[X0_X1_GET_resp_2xx],8624,0,0,0,0,0,0,0,0,0,0,0,0,0,0,0
8625,REST_X0,8625,2,0,0,0,0,0,0,0,0,0,0,0,0,0,0
8626,[X0_X1_GET_req],8626,3,1,0,0,0,0,0,0,0,0,0,0,0,0,0
8627,REST_X1,8627,3,2,0,0,0,0,0,0,0,0,0,0,0,0,0
8628,REST_X1,8628,3,5,0,0,0,0,0,0,0,0,0,0,0,0,0
8629,[X1_X2_GET_req],8629,3,6,1,0,0,0,0,0,0,0,0,0,0,0,0
8630,REST_X2,8630,3,6,2,0,0,0,0,0,0,0,0,0,0,0,0
8631,REST_X2,8631,3,6,3,0,0,0,0,0,0,0,0,0,0,0,0
8632,[X1_X2_GET_resp_2xx],8632,3,3,0,0,0,0,0,0,0,0,0,0,0,0,0
8633,[X0_X1_GET_resp_2xx],8633,0,0,0,0,0,0,0,0,0,0,0,0,0,0,0
8634,REST_X0,8634,2,0,0,0,0,0,0,0,0,0,0,0,0,0,0
8635,[X0_X1_GET_req],8635,3,1,0,0,0,0,0,0,0,0,0,0,0,0,0
8636,REST_X1,8636,3,2,0,0,0,0,0,0,0,0,0,0,0,0,0
8637,REST_X1,8637,3,9,0,0,0,0,0,0,0,0,0,0,0,0,0
8638,[X1_X12_GET_req],8638,3,10,0,0,0,0,0,0,0,0,0,0,1,0,0
8639,REST_X12,8639,3,10,0,0,0,0,0,0,0,0,0,0,2,0,0
8640,REST_X12,8640,3,10,0,0,0,0,0,0,0,0,0,0,5,0,0
8641,[X12_X6_GET_req],8641,3,10,0,0,0,0,1,0,0,0,0,0,6,0,0
8642,REST_X6,8642,3,10,0,0,0,0,2,0,0,0,0,0,6,0,0
8643,REST_X6,8643,3,10,0,0,0,0,9,0,0,0,0,0,6,0,0
8644,[X6_X8_GET_req],8644,3,10,0,0,0,0,10,0,1,0,0,0,6,0,0
8645,REST_X8,8645,3,10,0,0,0,0,10,0,2,0,0,0,6,0,0
8646,REST_X8,8646,3,10,0,0,0,0,10,0,3,0,0,0,6,0,0
8647,[X6_X8_GET_resp_2xx],8647,3,10,0,0,0,0,3,0,0,0,0,0,6,0,0
8648,[X12_X6_GET_resp_2xx],8648,3,10,0,0,0,0,0,0,0,0,0,0,3,0,0
8649,[X1_X12_GET_resp_2xx],8649,3,3,0,0,0,0,0,0,0,0,0,0,0,0,0
8650,[X0_X1_GET_resp_2xx],8650,0,0,0,0,0,0,0,0,0,0,0,0,0,0,0
8651,REST_X0,8651,2,0,0,0,0,0,0,0,0,0,0,0,0,0,0
8652,[X0_X1_GET_req],8652,3,1,0,0,0,0,0,0,0,0,0,0,0,0,0
8653,REST_X1,8653,3,2,0,0,0,0,0,0,0,0,0,0,0,0,0
8654,REST_X1,8654,3,9,0,0,0,0,0,0,0,0,0,0,0,0,0
8655,[X1_X12_GET_req],8655,3,10,0,0,0,0,0,0,0,0,0,0,1,0,0
8656,REST_X12,8656,3,10,0,0,0,0,0,0,0,0,0,0,2,0,0
8657,REST_X12,8657,3,10,0,0,0,0,0,0,0,0,0,0,5,0,0
8658,[X12_X6_GET_req],8658,3,10,0,0,0,0,1,0,0,0,0,0,6,0,0
8659,REST_X6,8659,3,10,0,0,0,0,2,0,0,0,0,0,6,0,0
8660,REST_X6,8660,3,10,0,0,0,0,9,0,0,0,0,0,6,0,0
8661,[X6_X8_GET_req],8661,3,10,0,0,0,0,10,0,1,0,0,0,6,0,0
8662,REST_X8,8662,3,10,0,0,0,0,10,0,2,0,0,0,6,0,0
8663,REST_X8,8663,3,10,0,0,0,0,10,0,3,0,0,0,6,0,0
8664,[X6_X8_GET_resp_2xx],8664,3,10,0,0,0,0,3,0,0,0,0,0,6,0,0
8665,[X12_X6_GET_resp_2xx],8665,3,10,0,0,0,0,0,0,0,0,0,0,3,0,0
8666,[X1_X12_GET_resp_2xx],8666,3,3,0,0,0,0,0,0,0,0,0,0,0,0,0
8667,[X0_X1_GET_resp_2xx],8667,0,0,0,0,0,0,0,0,0,0,0,0,0,0,0
8668,REST_X0,8668,2,0,0,0,0,0,0,0,0,0,0,0,0,0,0
8669,[X0_X1_GET_req],8669,3,1,0,0,0,0,0,0,0,0,0,0,0,0,0
8670,REST_X1,8670,3,2,0,0,0,0,0,0,0,0,0,0,0,0,0
8671,REST_X1,8671,3,5,0,0,0,0,0,0,0,0,0,0,0,0,0
8672,[X1_X2_GET_req],8672,3,6,1,0,0,0,0,0,0,0,0,0,0,0,0
8673,REST_X2,8673,3,6,2,0,0,0,0,0,0,0,0,0,0,0,0
8674,REST_X2,8674,3,6,3,0,0,0,0,0,0,0,0,0,0,0,0
8675,[X1_X2_GET_resp_2xx],8675,3,3,0,0,0,0,0,0,0,0,0,0,0,0,0
8676,[X0_X1_GET_resp_2xx],8676,0,0,0,0,0,0,0,0,0,0,0,0,0,0,0
8677,REST_X0,8677,2,0,0,0,0,0,0,0,0,0,0,0,0,0,0
8678,[X0_X1_GET_req],8678,3,1,0,0,0,0,0,0,0,0,0,0,0,0,0
8679,REST_X1,8679,3,2,0,0,0,0,0,0,0,0,0,0,0,0,0
8680,REST_X1,8680,3,5,0,0,0,0,0,0,0,0,0,0,0,0,0
8681,[X1_X2_GET_req],8681,3,6,1,0,0,0,0,0,0,0,0,0,0,0,0
8682,REST_X2,8682,3,6,2,0,0,0,0,0,0,0,0,0,0,0,0
8683,REST_X2,8683,3,6,3,0,0,0,0,0,0,0,0,0,0,0,0
8684,[X1_X2_GET_resp_2xx],8684,3,3,0,0,0,0,0,0,0,0,0,0,0,0,0
8685,[X0_X1_GET_resp_2xx],8685,0,0,0,0,0,0,0,0,0,0,0,0,0,0,0
8686,REST_X0,8686,2,0,0,0,0,0,0,0,0,0,0,0,0,0,0
8687,[X0_X1_GET_req],8687,3,1,0,0,0,0,0,0,0,0,0,0,0,0,0
8688,REST_X1,8688,3,2,0,0,0,0,0,0,0,0,0,0,0,0,0
8689,REST_X1,8689,3,9,0,0,0,0,0,0,0,0,0,0,0,0,0
8690,[X1_X12_GET_req],8690,3,10,0,0,0,0,0,0,0,0,0,0,1,0,0
8691,REST_X12,8691,3,10,0,0,0,0,0,0,0,0,0,0,2,0,0
8692,REST_X12,8692,3,10,0,0,0,0,0,0,0,0,0,0,5,0,0
8693,[X12_X6_GET_req],8693,3,10,0,0,0,0,1,0,0,0,0,0,6,0,0
8694,REST_X6,8694,3,10,0,0,0,0,2,0,0,0,0,0,6,0,0
8695,REST_X6,8695,3,10,0,0,0,0,5,0,0,0,0,0,6,0,0
8696,[X6_X3_GET_req],8696,3,10,0,1,0,0,6,0,0,0,0,0,6,0,0
8697,REST_X3,8697,3,10,0,2,0,0,6,0,0,0,0,0,6,0,0
8698,REST_X3,8698,3,10,0,4,0,0,6,0,0,0,0,0,6,0,0
8699,[X6_X3_GET_resp_5xx],8699,3,10,0,0,0,0,7,0,0,0,0,0,6,0,0
8700,[X6_X3_GET_req],8700,3,10,0,1,0,0,8,0,0,0,0,0,6,0,0
8701,REST_X3,8701,3,10,0,2,0,0,8,0,0,0,0,0,6,0,0
8702,REST_X3,8702,3,10,0,3,0,0,8,0,0,0,0,0,6,0,0
8703,[X6_X3_GET_resp_2xx],8703,3,10,0,0,0,0,3,0,0,0,0,0,6,0,0
8704,[X12_X6_GET_resp_2xx],8704,3,10,0,0,0,0,0,0,0,0,0,0,3,0,0
8705,[X1_X12_GET_resp_2xx],8705,3,3,0,0,0,0,0,0,0,0,0,0,0,0,0
8706,[X0_X1_GET_resp_2xx],8706,0,0,0,0,0,0,0,0,0,0,0,0,0,0,0
8707,REST_X0,8707,2,0,0,0,0,0,0,0,0,0,0,0,0,0,0
8708,[X0_X1_GET_req],8708,3,1,0,0,0,0,0,0,0,0,0,0,0,0,0
8709,REST_X1,8709,3,2,0,0,0,0,0,0,0,0,0,0,0,0,0
8710,REST_X1,8710,3,9,0,0,0,0,0,0,0,0,0,0,0,0,0
8711,[X1_X12_GET_req],8711,3,10,0,0,0,0,0,0,0,0,0,0,1,0,0
8712,REST_X12,8712,3,10,0,0,0,0,0,0,0,0,0,0,2,0,0
8713,REST_X12,8713,3,10,0,0,0,0,0,0,0,0,0,0,5,0,0
8714,[X12_X6_GET_req],8714,3,10,0,0,0,0,1,0,0,0,0,0,6,0,0
8715,REST_X6,8715,3,10,0,0,0,0,2,0,0,0,0,0,6,0,0
8716,REST_X6,8716,3,10,0,0,0,0,9,0,0,0,0,0,6,0,0
8717,[X6_X8_GET_req],8717,3,10,0,0,0,0,10,0,1,0,0,0,6,0,0
8718,REST_X8,8718,3,10,0,0,0,0,10,0,2,0,0,0,6,0,0
8719,REST_X8,8719,3,10,0,0,0,0,10,0,3,0,0,0,6,0,0
8720,[X6_X8_GET_resp_2xx],8720,3,10,0,0,0,0,3,0,0,0,0,0,6,0,0
8721,[X12_X6_GET_resp_2xx],8721,3,10,0,0,0,0,0,0,0,0,0,0,3,0,0
8722,[X1_X12_GET_resp_2xx],8722,3,3,0,0,0,0,0,0,0,0,0,0,0,0,0
8723,[X0_X1_GET_resp_2xx],8723,0,0,0,0,0,0,0,0,0,0,0,0,0,0,0
8724,REST_X0,8724,2,0,0,0,0,0,0,0,0,0,0,0,0,0,0
8725,[X0_X1_GET_req],8725,3,1,0,0,0,0,0,0,0,0,0,0,0,0,0
8726,REST_X1,8726,3,2,0,0,0,0,0,0,0,0,0,0,0,0,0
8727,REST_X1,8727,3,5,0,0,0,0,0,0,0,0,0,0,0,0,0
8728,[X1_X2_GET_req],8728,3,6,1,0,0,0,0,0,0,0,0,0,0,0,0
8729,REST_X2,8729,3,6,2,0,0,0,0,0,0,0,0,0,0,0,0
8730,REST_X2,8730,3,6,3,0,0,0,0,0,0,0,0,0,0,0,0
8731,[X1_X2_GET_resp_2xx],8731,3,3,0,0,0,0,0,0,0,0,0,0,0,0,0
8732,[X0_X1_GET_resp_2xx],8732,0,0,0,0,0,0,0,0,0,0,0,0,0,0,0
8733,REST_X0,8733,2,0,0,0,0,0,0,0,0,0,0,0,0,0,0
8734,[X0_X1_GET_req],8734,3,1,0,0,0,0,0,0,0,0,0,0,0,0,0
8735,REST_X1,8735,3,2,0,0,0,0,0,0,0,0,0,0,0,0,0
8736,REST_X1,8736,3,9,0,0,0,0,0,0,0,0,0,0,0,0,0
8737,[X1_X12_GET_req],8737,3,10,0,0,0,0,0,0,0,0,0,0,1,0,0
8738,REST_X12,8738,3,10,0,0,0,0,0,0,0,0,0,0,2,0,0
8739,REST_X12,8739,3,10,0,0,0,0,0,0,0,0,0,0,5,0,0
8740,[X12_X6_GET_req],8740,3,10,0,0,0,0,1,0,0,0,0,0,6,0,0
8741,REST_X6,8741,3,10,0,0,0,0,2,0,0,0,0,0,6,0,0
8742,REST_X6,8742,3,10,0,0,0,0,5,0,0,0,0,0,6,0,0
8743,[X6_X3_GET_req],8743,3,10,0,1,0,0,6,0,0,0,0,0,6,0,0
8744,REST_X3,8744,3,10,0,2,0,0,6,0,0,0,0,0,6,0,0
8745,REST_X3,8745,3,10,0,3,0,0,6,0,0,0,0,0,6,0,0
8746,[X6_X3_GET_resp_2xx],8746,3,10,0,0,0,0,3,0,0,0,0,0,6,0,0
8747,[X12_X6_GET_resp_2xx],8747,3,10,0,0,0,0,0,0,0,0,0,0,3,0,0
8748,[X1_X12_GET_resp_2xx],8748,3,3,0,0,0,0,0,0,0,0,0,0,0,0,0
8749,[X0_X1_GET_resp_2xx],8749,0,0,0,0,0,0,0,0,0,0,0,0,0,0,0
8750,REST_X0,8750,2,0,0,0,0,0,0,0,0,0,0,0,0,0,0
8751,[X0_X1_GET_req],8751,3,1,0,0,0,0,0,0,0,0,0,0,0,0,0
8752,REST_X1,8752,3,2,0,0,0,0,0,0,0,0,0,0,0,0,0
8753,REST_X1,8753,3,9,0,0,0,0,0,0,0,0,0,0,0,0,0
8754,[X1_X12_GET_req],8754,3,10,0,0,0,0,0,0,0,0,0,0,1,0,0
8755,REST_X12,8755,3,10,0,0,0,0,0,0,0,0,0,0,2,0,0
8756,REST_X12,8756,3,10,0,0,0,0,0,0,0,0,0,0,5,0,0
8757,[X12_X6_GET_req],8757,3,10,0,0,0,0,1,0,0,0,0,0,6,0,0
8758,REST_X6,8758,3,10,0,0,0,0,2,0,0,0,0,0,6,0,0
8759,REST_X6,8759,3,10,0,0,0,0,9,0,0,0,0,0,6,0,0
8760,[X6_X8_GET_req],8760,3,10,0,0,0,0,10,0,1,0,0,0,6,0,0
8761,REST_X8,8761,3,10,0,0,0,0,10,0,2,0,0,0,6,0,0
8762,REST_X8,8762,3,10,0,0,0,0,10,0,3,0,0,0,6,0,0
8763,[X6_X8_GET_resp_2xx],8763,3,10,0,0,0,0,3,0,0,0,0,0,6,0,0
8764,[X12_X6_GET_resp_2xx],8764,3,10,0,0,0,0,0,0,0,0,0,0,3,0,0
8765,[X1_X12_GET_resp_2xx],8765,3,3,0,0,0,0,0,0,0,0,0,0,0,0,0
8766,[X0_X1_GET_resp_2xx],8766,0,0,0,0,0,0,0,0,0,0,0,0,0,0,0
8767,REST_X0,8767,2,0,0,0,0,0,0,0,0,0,0,0,0,0,0
8768,[X0_X1_GET_req],8768,3,1,0,0,0,0,0,0,0,0,0,0,0,0,0
8769,REST_X1,8769,3,2,0,0,0,0,0,0,0,0,0,0,0,0,0
8770,REST_X1,8770,3,5,0,0,0,0,0,0,0,0,0,0,0,0,0
8771,[X1_X2_GET_req],8771,3,6,1,0,0,0,0,0,0,0,0,0,0,0,0
8772,REST_X2,8772,3,6,2,0,0,0,0,0,0,0,0,0,0,0,0
8773,REST_X2,8773,3,6,3,0,0,0,0,0,0,0,0,0,0,0,0
8774,[X1_X2_GET_resp_2xx],8774,3,3,0,0,0,0,0,0,0,0,0,0,0,0,0
8775,[X0_X1_GET_resp_2xx],8775,0,0,0,0,0,0,0,0,0,0,0,0,0,0,0
8776,REST_X0,8776,2,0,0,0,0,0,0,0,0,0,0,0,0,0,0
8777,[X0_X1_GET_req],8777,3,1,0,0,0,0,0,0,0,0,0,0,0,0,0
8778,REST_X1,8778,3,2,0,0,0,0,0,0,0,0,0,0,0,0,0
8779,REST_X1,8779,3,5,0,0,0,0,0,0,0,0,0,0,0,0,0
8780,[X1_X2_GET_req],8780,3,6,1,0,0,0,0,0,0,0,0,0,0,0,0
8781,REST_X2,8781,3,6,2,0,0,0,0,0,0,0,0,0,0,0,0
8782,REST_X2,8782,3,6,3,0,0,0,0,0,0,0,0,0,0,0,0
8783,[X1_X2_GET_resp_2xx],8783,3,3,0,0,0,0,0,0,0,0,0,0,0,0,0
8784,[X0_X1_GET_resp_2xx],8784,0,0,0,0,0,0,0,0,0,0,0,0,0,0,0
8785,REST_X0,8785,2,0,0,0,0,0,0,0,0,0,0,0,0,0,0
8786,[X0_X1_GET_req],8786,3,1,0,0,0,0,0,0,0,0,0,0,0,0,0
8787,REST_X1,8787,3,2,0,0,0,0,0,0,0,0,0,0,0,0,0
8788,REST_X1,8788,3,9,0,0,0,0,0,0,0,0,0,0,0,0,0
8789,[X1_X12_GET_req],8789,3,10,0,0,0,0,0,0,0,0,0,0,1,0,0
8790,REST_X12,8790,3,10,0,0,0,0,0,0,0,0,0,0,2,0,0
8791,REST_X12,8791,3,10,0,0,0,0,0,0,0,0,0,0,5,0,0
8792,[X12_X6_GET_req],8792,3,10,0,0,0,0,1,0,0,0,0,0,6,0,0
8793,REST_X6,8793,3,10,0,0,0,0,2,0,0,0,0,0,6,0,0
8794,REST_X6,8794,3,10,0,0,0,0,5,0,0,0,0,0,6,0,0
8795,[X6_X3_GET_req],8795,3,10,0,1,0,0,6,0,0,0,0,0,6,0,0
8796,REST_X3,8796,3,10,0,2,0,0,6,0,0,0,0,0,6,0,0
8797,REST_X3,8797,3,10,0,4,0,0,6,0,0,0,0,0,6,0,0
8798,[X6_X3_GET_resp_5xx],8798,3,10,0,0,0,0,7,0,0,0,0,0,6,0,0
8799,[X6_X3_GET_req],8799,3,10,0,1,0,0,8,0,0,0,0,0,6,0,0
8800,REST_X3,8800,3,10,0,2,0,0,8,0,0,0,0,0,6,0,0
8801,REST_X3,8801,3,10,0,3,0,0,8,0,0,0,0,0,6,0,0
8802,[X6_X3_GET_resp_2xx],8802,3,10,0,0,0,0,3,0,0,0,0,0,6,0,0
8803,[X12_X6_GET_resp_2xx],8803,3,10,0,0,0,0,0,0,0,0,0,0,3,0,0
8804,[X1_X12_GET_resp_2xx],8804,3,3,0,0,0,0,0,0,0,0,0,0,0,0,0
8805,[X0_X1_GET_resp_2xx],8805,0,0,0,0,0,0,0,0,0,0,0,0,0,0,0
8806,REST_X0,8806,2,0,0,0,0,0,0,0,0,0,0,0,0,0,0
8807,[X0_X1_GET_req],8807,3,1,0,0,0,0,0,0,0,0,0,0,0,0,0
8808,REST_X1,8808,3,2,0,0,0,0,0,0,0,0,0,0,0,0,0
8809,REST_X1,8809,3,5,0,0,0,0,0,0,0,0,0,0,0,0,0
8810,[X1_X2_GET_req],8810,3,6,1,0,0,0,0,0,0,0,0,0,0,0,0
8811,REST_X2,8811,3,6,2,0,0,0,0,0,0,0,0,0,0,0,0
8812,REST_X2,8812,3,6,3,0,0,0,0,0,0,0,0,0,0,0,0
8813,[X1_X2_GET_resp_2xx],8813,3,3,0,0,0,0,0,0,0,0,0,0,0,0,0
8814,[X0_X1_GET_resp_2xx],8814,0,0,0,0,0,0,0,0,0,0,0,0,0,0,0
8815,REST_X0,8815,2,0,0,0,0,0,0,0,0,0,0,0,0,0,0
8816,[X0_X1_GET_req],8816,3,1,0,0,0,0,0,0,0,0,0,0,0,0,0
8817,REST_X1,8817,3,2,0,0,0,0,0,0,0,0,0,0,0,0,0
8818,REST_X1,8818,3,5,0,0,0,0,0,0,0,0,0,0,0,0,0
8819,[X1_X2_GET_req],8819,3,6,1,0,0,0,0,0,0,0,0,0,0,0,0
8820,REST_X2,8820,3,6,2,0,0,0,0,0,0,0,0,0,0,0,0
8821,REST_X2,8821,3,6,4,0,0,0,0,0,0,0,0,0,0,0,0
8822,[X1_X2_GET_resp_5xx],8822,3,7,0,0,0,0,0,0,0,0,0,0,0,0,0
8823,[X1_X2_GET_req],8823,3,8,1,0,0,0,0,0,0,0,0,0,0,0,0
8824,REST_X2,8824,3,8,2,0,0,0,0,0,0,0,0,0,0,0,0
8825,REST_X2,8825,3,8,3,0,0,0,0,0,0,0,0,0,0,0,0
8826,[X1_X2_GET_resp_2xx],8826,3,3,0,0,0,0,0,0,0,0,0,0,0,0,0
8827,[X0_X1_GET_resp_2xx],8827,0,0,0,0,0,0,0,0,0,0,0,0,0,0,0
8828,REST_X0,8828,2,0,0,0,0,0,0,0,0,0,0,0,0,0,0
8829,[X0_X1_GET_req],8829,3,1,0,0,0,0,0,0,0,0,0,0,0,0,0
8830,REST_X1,8830,3,2,0,0,0,0,0,0,0,0,0,0,0,0,0
8831,REST_X1,8831,3,9,0,0,0,0,0,0,0,0,0,0,0,0,0
8832,[X1_X12_GET_req],8832,3,10,0,0,0,0,0,0,0,0,0,0,1,0,0
8833,REST_X12,8833,3,10,0,0,0,0,0,0,0,0,0,0,2,0,0
8834,REST_X12,8834,3,10,0,0,0,0,0,0,0,0,0,0,5,0,0
8835,[X12_X6_GET_req],8835,3,10,0,0,0,0,1,0,0,0,0,0,6,0,0
8836,REST_X6,8836,3,10,0,0,0,0,2,0,0,0,0,0,6,0,0
8837,REST_X6,8837,3,10,0,0,0,0,13,0,0,0,0,0,6,0,0
8838,[X6_X7_GET_req],8838,3,10,0,0,0,0,14,1,0,0,0,0,6,0,0
8839,REST_X7,8839,3,10,0,0,0,0,14,2,0,0,0,0,6,0,0
8840,REST_X7,8840,3,10,0,0,0,0,14,5,0,0,0,0,6,0,0
8841,[X7_X5_GET_req],8841,3,10,0,0,0,1,14,6,0,0,0,0,6,0,0
8842,REST_X5,8842,3,10,0,0,0,2,14,6,0,0,0,0,6,0,0
8843,REST_X5,8843,3,10,0,0,0,3,14,6,0,0,0,0,6,0,0
8844,[X7_X5_GET_resp_2xx],8844,3,10,0,0,0,0,14,3,0,0,0,0,6,0,0
8845,[X6_X7_GET_resp_2xx],8845,3,10,0,0,0,0,3,0,0,0,0,0,6,0,0
8846,[X12_X6_GET_resp_2xx],8846,3,10,0,0,0,0,0,0,0,0,0,0,3,0,0
8847,[X1_X12_GET_resp_2xx],8847,3,3,0,0,0,0,0,0,0,0,0,0,0,0,0
8848,[X0_X1_GET_resp_2xx],8848,0,0,0,0,0,0,0,0,0,0,0,0,0,0,0
8849,REST_X0,8849,2,0,0,0,0,0,0,0,0,0,0,0,0,0,0
8850,[X0_X1_GET_req],8850,3,1,0,0,0,0,0,0,0,0,0,0,0,0,0
8851,REST_X1,8851,3,2,0,0,0,0,0,0,0,0,0,0,0,0,0
8852,REST_X1,8852,3,5,0,0,0,0,0,0,0,0,0,0,0,0,0
8853,[X1_X2_GET_req],8853,3,6,1,0,0,0,0,0,0,0,0,0,0,0,0
8854,REST_X2,8854,3,6,2,0,0,0,0,0,0,0,0,0,0,0,0
8855,REST_X2,8855,3,6,3,0,0,0,0,0,0,0,0,0,0,0,0
8856,[X1_X2_GET_resp_2xx],8856,3,3,0,0,0,0,0,0,0,0,0,0,0,0,0
8857,[X0_X1_GET_resp_2xx],8857,0,0,0,0,0,0,0,0,0,0,0,0,0,0,0
8858,REST_X0,8858,2,0,0,0,0,0,0,0,0,0,0,0,0,0,0
8859,[X0_X1_GET_req],8859,3,1,0,0,0,0,0,0,0,0,0,0,0,0,0
8860,REST_X1,8860,3,2,0,0,0,0,0,0,0,0,0,0,0,0,0
8861,REST_X1,8861,3,9,0,0,0,0,0,0,0,0,0,0,0,0,0
8862,[X1_X12_GET_req],8862,3,10,0,0,0,0,0,0,0,0,0,0,1,0,0
8863,REST_X12,8863,3,10,0,0,0,0,0,0,0,0,0,0,2,0,0
8864,REST_X12,8864,3,10,0,0,0,0,0,0,0,0,0,0,5,0,0
8865,[X12_X6_GET_req],8865,3,10,0,0,0,0,1,0,0,0,0,0,6,0,0
8866,REST_X6,8866,3,10,0,0,0,0,2,0,0,0,0,0,6,0,0
8867,REST_X6,8867,3,10,0,0,0,0,5,0,0,0,0,0,6,0,0
8868,[X6_X3_GET_req],8868,3,10,0,1,0,0,6,0,0,0,0,0,6,0,0
8869,REST_X3,8869,3,10,0,2,0,0,6,0,0,0,0,0,6,0,0
8870,REST_X3,8870,3,10,0,3,0,0,6,0,0,0,0,0,6,0,0
8871,[X6_X3_GET_resp_2xx],8871,3,10,0,0,0,0,3,0,0,0,0,0,6,0,0
8872,[X12_X6_GET_resp_2xx],8872,3,10,0,0,0,0,0,0,0,0,0,0,3,0,0
8873,[X1_X12_GET_resp_2xx],8873,3,3,0,0,0,0,0,0,0,0,0,0,0,0,0
8874,[X0_X1_GET_resp_2xx],8874,0,0,0,0,0,0,0,0,0,0,0,0,0,0,0
8875,REST_X0,8875,2,0,0,0,0,0,0,0,0,0,0,0,0,0,0
8876,[X0_X1_GET_req],8876,3,1,0,0,0,0,0,0,0,0,0,0,0,0,0
8877,REST_X1,8877,3,2,0,0,0,0,0,0,0,0,0,0,0,0,0
8878,REST_X1,8878,3,9,0,0,0,0,0,0,0,0,0,0,0,0,0
8879,[X1_X12_GET_req],8879,3,10,0,0,0,0,0,0,0,0,0,0,1,0,0
8880,REST_X12,8880,3,10,0,0,0,0,0,0,0,0,0,0,2,0,0
8881,REST_X12,8881,3,10,0,0,0,0,0,0,0,0,0,0,5,0,0
8882,[X12_X6_GET_req],8882,3,10,0,0,0,0,1,0,0,0,0,0,6,0,0
8883,REST_X6,8883,3,10,0,0,0,0,2,0,0,0,0,0,6,0,0
8884,REST_X6,8884,3,10,0,0,0,0,5,0,0,0,0,0,6,0,0
8885,[X6_X3_GET_req],8885,3,10,0,1,0,0,6,0,0,0,0,0,6,0,0
8886,REST_X3,8886,3,10,0,2,0,0,6,0,0,0,0,0,6,0,0
8887,REST_X3,8887,3,10,0,3,0,0,6,0,0,0,0,0,6,0,0
8888,[X6_X3_GET_resp_2xx],8888,3,10,0,0,0,0,3,0,0,0,0,0,6,0,0
8889,[X12_X6_GET_resp_2xx],8889,3,10,0,0,0,0,0,0,0,0,0,0,3,0,0
8890,[X1_X12_GET_resp_2xx],8890,3,3,0,0,0,0,0,0,0,0,0,0,0,0,0
8891,[X0_X1_GET_resp_2xx],8891,0,0,0,0,0,0,0,0,0,0,0,0,0,0,0
8892,REST_X0,8892,2,0,0,0,0,0,0,0,0,0,0,0,0,0,0
8893,[X0_X1_GET_req],8893,3,1,0,0,0,0,0,0,0,0,0,0,0,0,0
8894,REST_X1,8894,3,2,0,0,0,0,0,0,0,0,0,0,0,0,0
8895,REST_X1,8895,3,5,0,0,0,0,0,0,0,0,0,0,0,0,0
8896,[X1_X2_GET_req],8896,3,6,1,0,0,0,0,0,0,0,0,0,0,0,0
8897,REST_X2,8897,3,6,2,0,0,0,0,0,0,0,0,0,0,0,0
8898,REST_X2,8898,3,6,3,0,0,0,0,0,0,0,0,0,0,0,0
8899,[X1_X2_GET_resp_2xx],8899,3,3,0,0,0,0,0,0,0,0,0,0,0,0,0
8900,[X0_X1_GET_resp_2xx],8900,0,0,0,0,0,0,0,0,0,0,0,0,0,0,0
8901,REST_X0,8901,2,0,0,0,0,0,0,0,0,0,0,0,0,0,0
8902,[X0_X1_GET_req],8902,3,1,0,0,0,0,0,0,0,0,0,0,0,0,0
8903,REST_X1,8903,3,2,0,0,0,0,0,0,0,0,0,0,0,0,0
8904,REST_X1,8904,3,5,0,0,0,0,0,0,0,0,0,0,0,0,0
8905,[X1_X2_GET_req],8905,3,6,1,0,0,0,0,0,0,0,0,0,0,0,0
8906,REST_X2,8906,3,6,2,0,0,0,0,0,0,0,0,0,0,0,0
8907,REST_X2,8907,3,6,3,0,0,0,0,0,0,0,0,0,0,0,0
8908,[X1_X2_GET_resp_2xx],8908,3,3,0,0,0,0,0,0,0,0,0,0,0,0,0
8909,[X0_X1_GET_resp_2xx],8909,0,0,0,0,0,0,0,0,0,0,0,0,0,0,0
8910,REST_X0,8910,2,0,0,0,0,0,0,0,0,0,0,0,0,0,0
8911,[X0_X1_GET_req],8911,3,1,0,0,0,0,0,0,0,0,0,0,0,0,0
8912,REST_X1,8912,3,2,0,0,0,0,0,0,0,0,0,0,0,0,0
8913,REST_X1,8913,3,9,0,0,0,0,0,0,0,0,0,0,0,0,0
8914,[X1_X12_GET_req],8914,3,10,0,0,0,0,0,0,0,0,0,0,1,0,0
8915,REST_X12,8915,3,10,0,0,0,0,0,0,0,0,0,0,2,0,0
8916,REST_X12,8916,3,10,0,0,0,0,0,0,0,0,0,0,5,0,0
8917,[X12_X6_GET_req],8917,3,10,0,0,0,0,1,0,0,0,0,0,6,0,0
8918,REST_X6,8918,3,10,0,0,0,0,2,0,0,0,0,0,6,0,0
8919,REST_X6,8919,3,10,0,0,0,0,9,0,0,0,0,0,6,0,0
8920,[X6_X8_GET_req],8920,3,10,0,0,0,0,10,0,1,0,0,0,6,0,0
8921,REST_X8,8921,3,10,0,0,0,0,10,0,2,0,0,0,6,0,0
8922,REST_X8,8922,3,10,0,0,0,0,10,0,3,0,0,0,6,0,0
8923,[X6_X8_GET_resp_2xx],8923,3,10,0,0,0,0,3,0,0,0,0,0,6,0,0
8924,[X12_X6_GET_resp_2xx],8924,3,10,0,0,0,0,0,0,0,0,0,0,3,0,0
8925,[X1_X12_GET_resp_2xx],8925,3,3,0,0,0,0,0,0,0,0,0,0,0,0,0
8926,[X0_X1_GET_resp_2xx],8926,0,0,0,0,0,0,0,0,0,0,0,0,0,0,0
8927,REST_X0,8927,2,0,0,0,0,0,0,0,0,0,0,0,0,0,0
8928,[X0_X1_GET_req],8928,3,1,0,0,0,0,0,0,0,0,0,0,0,0,0
8929,REST_X1,8929,3,2,0,0,0,0,0,0,0,0,0,0,0,0,0
8930,REST_X1,8930,3,5,0,0,0,0,0,0,0,0,0,0,0,0,0
8931,[X1_X2_GET_req],8931,3,6,1,0,0,0,0,0,0,0,0,0,0,0,0
8932,REST_X2,8932,3,6,2,0,0,0,0,0,0,0,0,0,0,0,0
8933,REST_X2,8933,3,6,3,0,0,0,0,0,0,0,0,0,0,0,0
8934,[X1_X2_GET_resp_2xx],8934,3,3,0,0,0,0,0,0,0,0,0,0,0,0,0
8935,[X0_X1_GET_resp_2xx],8935,0,0,0,0,0,0,0,0,0,0,0,0,0,0,0
8936,REST_X0,8936,2,0,0,0,0,0,0,0,0,0,0,0,0,0,0
8937,[X0_X1_GET_req],8937,3,1,0,0,0,0,0,0,0,0,0,0,0,0,0
8938,REST_X1,8938,3,2,0,0,0,0,0,0,0,0,0,0,0,0,0
8939,REST_X1,8939,3,9,0,0,0,0,0,0,0,0,0,0,0,0,0
8940,[X1_X12_GET_req],8940,3,10,0,0,0,0,0,0,0,0,0,0,1,0,0
8941,REST_X12,8941,3,10,0,0,0,0,0,0,0,0,0,0,2,0,0
8942,REST_X12,8942,3,10,0,0,0,0,0,0,0,0,0,0,5,0,0
8943,[X12_X6_GET_req],8943,3,10,0,0,0,0,1,0,0,0,0,0,6,0,0
8944,REST_X6,8944,3,10,0,0,0,0,2,0,0,0,0,0,6,0,0
8945,REST_X6,8945,3,10,0,0,0,0,5,0,0,0,0,0,6,0,0
8946,[X6_X3_GET_req],8946,3,10,0,1,0,0,6,0,0,0,0,0,6,0,0
8947,REST_X3,8947,3,10,0,2,0,0,6,0,0,0,0,0,6,0,0
8948,REST_X3,8948,3,10,0,3,0,0,6,0,0,0,0,0,6,0,0
8949,[X6_X3_GET_resp_2xx],8949,3,10,0,0,0,0,3,0,0,0,0,0,6,0,0
8950,[X12_X6_GET_resp_2xx],8950,3,10,0,0,0,0,0,0,0,0,0,0,3,0,0
8951,[X1_X12_GET_resp_2xx],8951,3,3,0,0,0,0,0,0,0,0,0,0,0,0,0
8952,[X0_X1_GET_resp_2xx],8952,0,0,0,0,0,0,0,0,0,0,0,0,0,0,0
8953,REST_X0,8953,2,0,0,0,0,0,0,0,0,0,0,0,0,0,0
8954,[X0_X1_GET_req],8954,3,1,0,0,0,0,0,0,0,0,0,0,0,0,0
8955,REST_X1,8955,3,2,0,0,0,0,0,0,0,0,0,0,0,0,0
8956,REST_X1,8956,3,9,0,0,0,0,0,0,0,0,0,0,0,0,0
8957,[X1_X12_GET_req],8957,3,10,0,0,0,0,0,0,0,0,0,0,1,0,0
8958,REST_X12,8958,3,10,0,0,0,0,0,0,0,0,0,0,2,0,0
8959,REST_X12,8959,3,10,0,0,0,0,0,0,0,0,0,0,5,0,0
8960,[X12_X6_GET_req],8960,3,10,0,0,0,0,1,0,0,0,0,0,6,0,0
8961,REST_X6,8961,3,10,0,0,0,0,2,0,0,0,0,0,6,0,0
8962,REST_X6,8962,3,10,0,0,0,0,5,0,0,0,0,0,6,0,0
8963,[X6_X3_GET_req],8963,3,10,0,1,0,0,6,0,0,0,0,0,6,0,0
8964,REST_X3,8964,3,10,0,2,0,0,6,0,0,0,0,0,6,0,0
8965,REST_X3,8965,3,10,0,4,0,0,6,0,0,0,0,0,6,0,0
8966,[X6_X3_GET_resp_5xx],8966,3,10,0,0,0,0,7,0,0,0,0,0,6,0,0
8967,[X6_X3_GET_req],8967,3,10,0,1,0,0,8,0,0,0,0,0,6,0,0
8968,REST_X3,8968,3,10,0,2,0,0,8,0,0,0,0,0,6,0,0
8969,REST_X3,8969,3,10,0,3,0,0,8,0,0,0,0,0,6,0,0
8970,[X6_X3_GET_resp_2xx],8970,3,10,0,0,0,0,3,0,0,0,0,0,6,0,0
8971,[X12_X6_GET_resp_2xx],8971,3,10,0,0,0,0,0,0,0,0,0,0,3,0,0
8972,[X1_X12_GET_resp_2xx],8972,3,3,0,0,0,0,0,0,0,0,0,0,0,0,0
8973,[X0_X1_GET_resp_2xx],8973,0,0,0,0,0,0,0,0,0,0,0,0,0,0,0
8974,REST_X0,8974,2,0,0,0,0,0,0,0,0,0,0,0,0,0,0
8975,[X0_X1_GET_req],8975,3,1,0,0,0,0,0,0,0,0,0,0,0,0,0
8976,REST_X1,8976,3,2,0,0,0,0,0,0,0,0,0,0,0,0,0
8977,REST_X1,8977,3,5,0,0,0,0,0,0,0,0,0,0,0,0,0
8978,[X1_X2_GET_req],8978,3,6,1,0,0,0,0,0,0,0,0,0,0,0,0
8979,REST_X2,8979,3,6,2,0,0,0,0,0,0,0,0,0,0,0,0
8980,REST_X2,8980,3,6,3,0,0,0,0,0,0,0,0,0,0,0,0
8981,[X1_X2_GET_resp_2xx],8981,3,3,0,0,0,0,0,0,0,0,0,0,0,0,0
8982,[X0_X1_GET_resp_2xx],8982,0,0,0,0,0,0,0,0,0,0,0,0,0,0,0
8983,REST_X0,8983,2,0,0,0,0,0,0,0,0,0,0,0,0,0,0
8984,[X0_X1_GET_req],8984,3,1,0,0,0,0,0,0,0,0,0,0,0,0,0
8985,REST_X1,8985,3,2,0,0,0,0,0,0,0,0,0,0,0,0,0
8986,REST_X1,8986,3,5,0,0,0,0,0,0,0,0,0,0,0,0,0
8987,[X1_X2_GET_req],8987,3,6,1,0,0,0,0,0,0,0,0,0,0,0,0
8988,REST_X2,8988,3,6,2,0,0,0,0,0,0,0,0,0,0,0,0
8989,REST_X2,8989,3,6,3,0,0,0,0,0,0,0,0,0,0,0,0
8990,[X1_X2_GET_resp_2xx],8990,3,3,0,0,0,0,0,0,0,0,0,0,0,0,0
8991,[X0_X1_GET_resp_2xx],8991,0,0,0,0,0,0,0,0,0,0,0,0,0,0,0
8992,REST_X0,8992,2,0,0,0,0,0,0,0,0,0,0,0,0,0,0
8993,[X0_X1_GET_req],8993,3,1,0,0,0,0,0,0,0,0,0,0,0,0,0
8994,REST_X1,8994,3,2,0,0,0,0,0,0,0,0,0,0,0,0,0
8995,REST_X1,8995,3,9,0,0,0,0,0,0,0,0,0,0,0,0,0
8996,[X1_X12_GET_req],8996,3,10,0,0,0,0,0,0,0,0,0,0,1,0,0
8997,REST_X12,8997,3,10,0,0,0,0,0,0,0,0,0,0,2,0,0
8998,REST_X12,8998,3,10,0,0,0,0,0,0,0,0,0,0,5,0,0
8999,[X12_X6_GET_req],8999,3,10,0,0,0,0,1,0,0,0,0,0,6,0,0
9000,REST_X6,9000,3,10,0,0,0,0,2,0,0,0,0,0,6,0,0
9001,REST_X6,9001,3,10,0,0,0,0,9,0,0,0,0,0,6,0,0
9002,[X6_X8_GET_req],9002,3,10,0,0,0,0,10,0,1,0,0,0,6,0,0
9003,REST_X8,9003,3,10,0,0,0,0,10,0,2,0,0,0,6,0,0
9004,REST_X8,9004,3,10,0,0,0,0,10,0,4,0,0,0,6,0,0
9005,[X6_X8_GET_resp_5xx],9005,3,10,0,0,0,0,11,0,0,0,0,0,6,0,0
9006,[X6_X8_GET_req],9006,3,10,0,0,0,0,12,0,1,0,0,0,6,0,0
9007,REST_X8,9007,3,10,0,0,0,0,12,0,2,0,0,0,6,0,0
9008,REST_X8,9008,3,10,0,0,0,0,12,0,3,0,0,0,6,0,0
9009,[X6_X8_GET_resp_2xx],9009,3,10,0,0,0,0,3,0,0,0,0,0,6,0,0
9010,[X12_X6_GET_resp_2xx],9010,3,10,0,0,0,0,0,0,0,0,0,0,3,0,0
9011,[X1_X12_GET_resp_2xx],9011,3,3,0,0,0,0,0,0,0,0,0,0,0,0,0
9012,[X0_X1_GET_resp_2xx],9012,0,0,0,0,0,0,0,0,0,0,0,0,0,0,0
9013,REST_X0,9013,2,0,0,0,0,0,0,0,0,0,0,0,0,0,0
9014,[X0_X1_GET_req],9014,3,1,0,0,0,0,0,0,0,0,0,0,0,0,0
9015,REST_X1,9015,3,2,0,0,0,0,0,0,0,0,0,0,0,0,0
9016,REST_X1,9016,3,9,0,0,0,0,0,0,0,0,0,0,0,0,0
9017,[X1_X12_GET_req],9017,3,10,0,0,0,0,0,0,0,0,0,0,1,0,0
9018,REST_X12,9018,3,10,0,0,0,0,0,0,0,0,0,0,2,0,0
9019,REST_X12,9019,3,10,0,0,0,0,0,0,0,0,0,0,5,0,0
9020,[X12_X6_GET_req],9020,3,10,0,0,0,0,1,0,0,0,0,0,6,0,0
9021,REST_X6,9021,3,10,0,0,0,0,2,0,0,0,0,0,6,0,0
9022,REST_X6,9022,3,10,0,0,0,0,5,0,0,0,0,0,6,0,0
9023,[X6_X3_GET_req],9023,3,10,0,1,0,0,6,0,0,0,0,0,6,0,0
9024,REST_X3,9024,3,10,0,2,0,0,6,0,0,0,0,0,6,0,0
9025,REST_X3,9025,3,10,0,3,0,0,6,0,0,0,0,0,6,0,0
9026,[X6_X3_GET_resp_2xx],9026,3,10,0,0,0,0,3,0,0,0,0,0,6,0,0
9027,[X12_X6_GET_resp_2xx],9027,3,10,0,0,0,0,0,0,0,0,0,0,3,0,0
9028,[X1_X12_GET_resp_2xx],9028,3,3,0,0,0,0,0,0,0,0,0,0,0,0,0
9029,[X0_X1_GET_resp_2xx],9029,0,0,0,0,0,0,0,0,0,0,0,0,0,0,0
9030,REST_X0,9030,2,0,0,0,0,0,0,0,0,0,0,0,0,0,0
9031,[X0_X1_GET_req],9031,3,1,0,0,0,0,0,0,0,0,0,0,0,0,0
9032,REST_X1,9032,3,2,0,0,0,0,0,0,0,0,0,0,0,0,0
9033,REST_X1,9033,3,5,0,0,0,0,0,0,0,0,0,0,0,0,0
9034,[X1_X2_GET_req],9034,3,6,1,0,0,0,0,0,0,0,0,0,0,0,0
9035,REST_X2,9035,3,6,2,0,0,0,0,0,0,0,0,0,0,0,0
9036,REST_X2,9036,3,6,3,0,0,0,0,0,0,0,0,0,0,0,0
9037,[X1_X2_GET_resp_2xx],9037,3,3,0,0,0,0,0,0,0,0,0,0,0,0,0
9038,[X0_X1_GET_resp_2xx],9038,0,0,0,0,0,0,0,0,0,0,0,0,0,0,0
9039,REST_X0,9039,2,0,0,0,0,0,0,0,0,0,0,0,0,0,0
9040,[X0_X1_GET_req],9040,3,1,0,0,0,0,0,0,0,0,0,0,0,0,0
9041,REST_X1,9041,3,2,0,0,0,0,0,0,0,0,0,0,0,0,0
9042,REST_X1,9042,3,9,0,0,0,0,0,0,0,0,0,0,0,0,0
9043,[X1_X12_GET_req],9043,3,10,0,0,0,0,0,0,0,0,0,0,1,0,0
9044,REST_X12,9044,3,10,0,0,0,0,0,0,0,0,0,0,2,0,0
9045,REST_X12,9045,3,10,0,0,0,0,0,0,0,0,0,0,5,0,0
9046,[X12_X6_GET_req],9046,3,10,0,0,0,0,1,0,0,0,0,0,6,0,0
9047,REST_X6,9047,3,10,0,0,0,0,2,0,0,0,0,0,6,0,0
9048,REST_X6,9048,3,10,0,0,0,0,5,0,0,0,0,0,6,0,0
9049,[X6_X3_GET_req],9049,3,10,0,1,0,0,6,0,0,0,0,0,6,0,0
9050,REST_X3,9050,3,10,0,2,0,0,6,0,0,0,0,0,6,0,0
9051,REST_X3,9051,3,10,0,3,0,0,6,0,0,0,0,0,6,0,0
9052,[X6_X3_GET_resp_2xx],9052,3,10,0,0,0,0,3,0,0,0,0,0,6,0,0
9053,[X12_X6_GET_resp_2xx],9053,3,10,0,0,0,0,0,0,0,0,0,0,3,0,0
9054,[X1_X12_GET_resp_2xx],9054,3,3,0,0,0,0,0,0,0,0,0,0,0,0,0
9055,[X0_X1_GET_resp_2xx],9055,0,0,0,0,0,0,0,0,0,0,0,0,0,0,0
9056,REST_X0,9056,2,0,0,0,0,0,0,0,0,0,0,0,0,0,0
9057,[X0_X1_GET_req],9057,3,1,0,0,0,0,0,0,0,0,0,0,0,0,0
9058,REST_X1,9058,3,2,0,0,0,0,0,0,0,0,0,0,0,0,0
9059,REST_X1,9059,3,9,0,0,0,0,0,0,0,0,0,0,0,0,0
9060,[X1_X12_GET_req],9060,3,10,0,0,0,0,0,0,0,0,0,0,1,0,0
9061,REST_X12,9061,3,10,0,0,0,0,0,0,0,0,0,0,2,0,0
9062,REST_X12,9062,3,10,0,0,0,0,0,0,0,0,0,0,5,0,0
9063,[X12_X6_GET_req],9063,3,10,0,0,0,0,1,0,0,0,0,0,6,0,0
9064,REST_X6,9064,3,10,0,0,0,0,2,0,0,0,0,0,6,0,0
9065,REST_X6,9065,3,10,0,0,0,0,9,0,0,0,0,0,6,0,0
9066,[X6_X8_GET_req],9066,3,10,0,0,0,0,10,0,1,0,0,0,6,0,0
9067,REST_X8,9067,3,10,0,0,0,0,10,0,2,0,0,0,6,0,0
9068,REST_X8,9068,3,10,0,0,0,0,10,0,4,0,0,0,6,0,0
9069,[X6_X8_GET_resp_5xx],9069,3,10,0,0,0,0,11,0,0,0,0,0,6,0,0
9070,[X6_X8_GET_req],9070,3,10,0,0,0,0,12,0,1,0,0,0,6,0,0
9071,REST_X8,9071,3,10,0,0,0,0,12,0,2,0,0,0,6,0,0
9072,REST_X8,9072,3,10,0,0,0,0,12,0,3,0,0,0,6,0,0
9073,[X6_X8_GET_resp_2xx],9073,3,10,0,0,0,0,3,0,0,0,0,0,6,0,0
9074,[X12_X6_GET_resp_2xx],9074,3,10,0,0,0,0,0,0,0,0,0,0,3,0,0
9075,[X1_X12_GET_resp_2xx],9075,3,3,0,0,0,0,0,0,0,0,0,0,0,0,0
9076,[X0_X1_GET_resp_2xx],9076,0,0,0,0,0,0,0,0,0,0,0,0,0,0,0
9077,REST_X0,9077,2,0,0,0,0,0,0,0,0,0,0,0,0,0,0
9078,[X0_X1_GET_req],9078,3,1,0,0,0,0,0,0,0,0,0,0,0,0,0
9079,REST_X1,9079,3,2,0,0,0,0,0,0,0,0,0,0,0,0,0
9080,REST_X1,9080,3,9,0,0,0,0,0,0,0,0,0,0,0,0,0
9081,[X1_X12_GET_req],9081,3,10,0,0,0,0,0,0,0,0,0,0,1,0,0
9082,REST_X12,9082,3,10,0,0,0,0,0,0,0,0,0,0,2,0,0
9083,REST_X12,9083,3,10,0,0,0,0,0,0,0,0,0,0,5,0,0
9084,[X12_X6_GET_req],9084,3,10,0,0,0,0,1,0,0,0,0,0,6,0,0
9085,REST_X6,9085,3,10,0,0,0,0,2,0,0,0,0,0,6,0,0
9086,REST_X6,9086,3,10,0,0,0,0,13,0,0,0,0,0,6,0,0
9087,[X6_X7_GET_req],9087,3,10,0,0,0,0,14,1,0,0,0,0,6,0,0
9088,REST_X7,9088,3,10,0,0,0,0,14,2,0,0,0,0,6,0,0
9089,REST_X7,9089,3,10,0,0,0,0,14,9,0,0,0,0,6,0,0
9090,[X7_X9_GET_req],9090,3,10,0,0,0,0,14,10,0,1,0,0,6,0,0
9091,REST_X9,9091,3,10,0,0,0,0,14,10,0,2,0,0,6,0,0
9092,REST_X9,9092,3,10,0,0,0,0,14,10,0,9,0,0,6,0,0
9093,[X9_X4_GET_req],9093,3,10,0,0,1,0,14,10,0,10,0,0,6,0,0
9094,REST_X4,9094,3,10,0,0,2,0,14,10,0,10,0,0,6,0,0
9095,REST_X4,9095,3,10,0,0,5,0,14,10,0,10,0,0,6,0,0
9096,[X4_X10_GET_req],9096,3,10,0,0,6,0,14,10,0,10,1,0,6,0,0
9097,REST_X10,9097,3,10,0,0,6,0,14,10,0,10,2,0,6,0,0
9098,REST_X10,9098,3,10,0,0,6,0,14,10,0,10,3,0,6,0,0
9099,[X4_X10_GET_resp_2xx],9099,3,10,0,0,3,0,14,10,0,10,0,0,6,0,0
9100,[X9_X4_GET_resp_2xx],9100,3,10,0,0,0,0,14,10,0,3,0,0,6,0,0
9101,[X7_X9_GET_resp_2xx],9101,3,10,0,0,0,0,14,3,0,0,0,0,6,0,0
9102,[X6_X7_GET_resp_2xx],9102,3,10,0,0,0,0,3,0,0,0,0,0,6,0,0
9103,[X12_X6_GET_resp_2xx],9103,3,10,0,0,0,0,0,0,0,0,0,0,3,0,0
9104,[X1_X12_GET_resp_2xx],9104,3,3,0,0,0,0,0,0,0,0,0,0,0,0,0
9105,[X0_X1_GET_resp_2xx],9105,0,0,0,0,0,0,0,0,0,0,0,0,0,0,0
9106,REST_X0,9106,2,0,0,0,0,0,0,0,0,0,0,0,0,0,0
9107,[X0_X1_GET_req],9107,3,1,0,0,0,0,0,0,0,0,0,0,0,0,0
9108,REST_X1,9108,3,2,0,0,0,0,0,0,0,0,0,0,0,0,0
9109,REST_X1,9109,3,9,0,0,0,0,0,0,0,0,0,0,0,0,0
9110,[X1_X12_GET_req],9110,3,10,0,0,0,0,0,0,0,0,0,0,1,0,0
9111,REST_X12,9111,3,10,0,0,0,0,0,0,0,0,0,0,2,0,0
9112,REST_X12,9112,3,10,0,0,0,0,0,0,0,0,0,0,5,0,0
9113,[X12_X6_GET_req],9113,3,10,0,0,0,0,1,0,0,0,0,0,6,0,0
9114,REST_X6,9114,3,10,0,0,0,0,2,0,0,0,0,0,6,0,0
9115,REST_X6,9115,3,10,0,0,0,0,5,0,0,0,0,0,6,0,0
9116,[X6_X3_GET_req],9116,3,10,0,1,0,0,6,0,0,0,0,0,6,0,0
9117,REST_X3,9117,3,10,0,2,0,0,6,0,0,0,0,0,6,0,0
9118,REST_X3,9118,3,10,0,3,0,0,6,0,0,0,0,0,6,0,0
9119,[X6_X3_GET_resp_2xx],9119,3,10,0,0,0,0,3,0,0,0,0,0,6,0,0
9120,[X12_X6_GET_resp_2xx],9120,3,10,0,0,0,0,0,0,0,0,0,0,3,0,0
9121,[X1_X12_GET_resp_2xx],9121,3,3,0,0,0,0,0,0,0,0,0,0,0,0,0
9122,[X0_X1_GET_resp_2xx],9122,0,0,0,0,0,0,0,0,0,0,0,0,0,0,0
9123,REST_X0,9123,2,0,0,0,0,0,0,0,0,0,0,0,0,0,0
9124,[X0_X1_GET_req],9124,3,1,0,0,0,0,0,0,0,0,0,0,0,0,0
9125,REST_X1,9125,3,2,0,0,0,0,0,0,0,0,0,0,0,0,0
9126,REST_X1,9126,3,9,0,0,0,0,0,0,0,0,0,0,0,0,0
9127,[X1_X12_GET_req],9127,3,10,0,0,0,0,0,0,0,0,0,0,1,0,0
9128,REST_X12,9128,3,10,0,0,0,0,0,0,0,0,0,0,2,0,0
9129,REST_X12,9129,3,10,0,0,0,0,0,0,0,0,0,0,5,0,0
9130,[X12_X6_GET_req],9130,3,10,0,0,0,0,1,0,0,0,0,0,6,0,0
9131,REST_X6,9131,3,10,0,0,0,0,2,0,0,0,0,0,6,0,0
9132,REST_X6,9132,3,10,0,0,0,0,9,0,0,0,0,0,6,0,0
9133,[X6_X8_GET_req],9133,3,10,0,0,0,0,10,0,1,0,0,0,6,0,0
9134,REST_X8,9134,3,10,0,0,0,0,10,0,2,0,0,0,6,0,0
9135,REST_X8,9135,3,10,0,0,0,0,10,0,3,0,0,0,6,0,0
9136,[X6_X8_GET_resp_2xx],9136,3,10,0,0,0,0,3,0,0,0,0,0,6,0,0
9137,[X12_X6_GET_resp_2xx],9137,3,10,0,0,0,0,0,0,0,0,0,0,3,0,0
9138,[X1_X12_GET_resp_2xx],9138,3,3,0,0,0,0,0,0,0,0,0,0,0,0,0
9139,[X0_X1_GET_resp_2xx],9139,0,0,0,0,0,0,0,0,0,0,0,0,0,0,0
9140,REST_X0,9140,2,0,0,0,0,0,0,0,0,0,0,0,0,0,0
9141,[X0_X1_GET_req],9141,3,1,0,0,0,0,0,0,0,0,0,0,0,0,0
9142,REST_X1,9142,3,2,0,0,0,0,0,0,0,0,0,0,0,0,0
9143,REST_X1,9143,3,5,0,0,0,0,0,0,0,0,0,0,0,0,0
9144,[X1_X2_GET_req],9144,3,6,1,0,0,0,0,0,0,0,0,0,0,0,0
9145,REST_X2,9145,3,6,2,0,0,0,0,0,0,0,0,0,0,0,0
9146,REST_X2,9146,3,6,3,0,0,0,0,0,0,0,0,0,0,0,0
9147,[X1_X2_GET_resp_2xx],9147,3,3,0,0,0,0,0,0,0,0,0,0,0,0,0
9148,[X0_X1_GET_resp_2xx],9148,0,0,0,0,0,0,0,0,0,0,0,0,0,0,0
9149,REST_X0,9149,2,0,0,0,0,0,0,0,0,0,0,0,0,0,0
9150,[X0_X1_GET_req],9150,3,1,0,0,0,0,0,0,0,0,0,0,0,0,0
9151,REST_X1,9151,3,2,0,0,0,0,0,0,0,0,0,0,0,0,0
9152,REST_X1,9152,3,5,0,0,0,0,0,0,0,0,0,0,0,0,0
9153,[X1_X2_GET_req],9153,3,6,1,0,0,0,0,0,0,0,0,0,0,0,0
9154,REST_X2,9154,3,6,2,0,0,0,0,0,0,0,0,0,0,0,0
9155,REST_X2,9155,3,6,3,0,0,0,0,0,0,0,0,0,0,0,0
9156,[X1_X2_GET_resp_2xx],9156,3,3,0,0,0,0,0,0,0,0,0,0,0,0,0
9157,[X0_X1_GET_resp_2xx],9157,0,0,0,0,0,0,0,0,0,0,0,0,0,0,0
9158,REST_X0,9158,2,0,0,0,0,0,0,0,0,0,0,0,0,0,0
9159,[X0_X1_GET_req],9159,3,1,0,0,0,0,0,0,0,0,0,0,0,0,0
9160,REST_X1,9160,3,2,0,0,0,0,0,0,0,0,0,0,0,0,0
9161,REST_X1,9161,3,5,0,0,0,0,0,0,0,0,0,0,0,0,0
9162,[X1_X2_GET_req],9162,3,6,1,0,0,0,0,0,0,0,0,0,0,0,0
9163,REST_X2,9163,3,6,2,0,0,0,0,0,0,0,0,0,0,0,0
9164,REST_X2,9164,3,6,3,0,0,0,0,0,0,0,0,0,0,0,0
9165,[X1_X2_GET_resp_2xx],9165,3,3,0,0,0,0,0,0,0,0,0,0,0,0,0
9166,[X0_X1_GET_resp_2xx],9166,0,0,0,0,0,0,0,0,0,0,0,0,0,0,0
9167,REST_X0,9167,2,0,0,0,0,0,0,0,0,0,0,0,0,0,0
9168,[X0_X1_GET_req],9168,3,1,0,0,0,0,0,0,0,0,0,0,0,0,0
9169,REST_X1,9169,3,2,0,0,0,0,0,0,0,0,0,0,0,0,0
9170,REST_X1,9170,3,9,0,0,0,0,0,0,0,0,0,0,0,0,0
9171,[X1_X12_GET_req],9171,3,10,0,0,0,0,0,0,0,0,0,0,1,0,0
9172,REST_X12,9172,3,10,0,0,0,0,0,0,0,0,0,0,2,0,0
9173,REST_X12,9173,3,10,0,0,0,0,0,0,0,0,0,0,5,0,0
9174,[X12_X6_GET_req],9174,3,10,0,0,0,0,1,0,0,0,0,0,6,0,0
9175,REST_X6,9175,3,10,0,0,0,0,2,0,0,0,0,0,6,0,0
9176,REST_X6,9176,3,10,0,0,0,0,9,0,0,0,0,0,6,0,0
9177,[X6_X8_GET_req],9177,3,10,0,0,0,0,10,0,1,0,0,0,6,0,0
9178,REST_X8,9178,3,10,0,0,0,0,10,0,2,0,0,0,6,0,0
9179,REST_X8,9179,3,10,0,0,0,0,10,0,3,0,0,0,6,0,0
9180,[X6_X8_GET_resp_2xx],9180,3,10,0,0,0,0,3,0,0,0,0,0,6,0,0
9181,[X12_X6_GET_resp_2xx],9181,3,10,0,0,0,0,0,0,0,0,0,0,3,0,0
9182,[X1_X12_GET_resp_2xx],9182,3,3,0,0,0,0,0,0,0,0,0,0,0,0,0
9183,[X0_X1_GET_resp_2xx],9183,0,0,0,0,0,0,0,0,0,0,0,0,0,0,0
9184,REST_X0,9184,2,0,0,0,0,0,0,0,0,0,0,0,0,0,0
9185,[X0_X1_GET_req],9185,3,1,0,0,0,0,0,0,0,0,0,0,0,0,0
9186,REST_X1,9186,3,2,0,0,0,0,0,0,0,0,0,0,0,0,0
9187,REST_X1,9187,3,9,0,0,0,0,0,0,0,0,0,0,0,0,0
9188,[X1_X12_GET_req],9188,3,10,0,0,0,0,0,0,0,0,0,0,1,0,0
9189,REST_X12,9189,3,10,0,0,0,0,0,0,0,0,0,0,2,0,0
9190,REST_X12,9190,3,10,0,0,0,0,0,0,0,0,0,0,5,0,0
9191,[X12_X6_GET_req],9191,3,10,0,0,0,0,1,0,0,0,0,0,6,0,0
9192,REST_X6,9192,3,10,0,0,0,0,2,0,0,0,0,0,6,0,0
9193,REST_X6,9193,3,10,0,0,0,0,9,0,0,0,0,0,6,0,0
9194,[X6_X8_GET_req],9194,3,10,0,0,0,0,10,0,1,0,0,0,6,0,0
9195,REST_X8,9195,3,10,0,0,0,0,10,0,2,0,0,0,6,0,0
9196,REST_X8,9196,3,10,0,0,0,0,10,0,4,0,0,0,6,0,0
9197,[X6_X8_GET_resp_5xx],9197,3,10,0,0,0,0,11,0,0,0,0,0,6,0,0
9198,[X6_X8_GET_req],9198,3,10,0,0,0,0,12,0,1,0,0,0,6,0,0
9199,REST_X8,9199,3,10,0,0,0,0,12,0,2,0,0,0,6,0,0
9200,REST_X8,9200,3,10,0,0,0,0,12,0,3,0,0,0,6,0,0
9201,[X6_X8_GET_resp_2xx],9201,3,10,0,0,0,0,3,0,0,0,0,0,6,0,0
9202,[X12_X6_GET_resp_2xx],9202,3,10,0,0,0,0,0,0,0,0,0,0,3,0,0
9203,[X1_X12_GET_resp_2xx],9203,3,3,0,0,0,0,0,0,0,0,0,0,0,0,0
9204,[X0_X1_GET_resp_2xx],9204,0,0,0,0,0,0,0,0,0,0,0,0,0,0,0
9205,REST_X0,9205,2,0,0,0,0,0,0,0,0,0,0,0,0,0,0
9206,[X0_X1_GET_req],9206,3,1,0,0,0,0,0,0,0,0,0,0,0,0,0
9207,REST_X1,9207,3,2,0,0,0,0,0,0,0,0,0,0,0,0,0
9208,REST_X1,9208,3,5,0,0,0,0,0,0,0,0,0,0,0,0,0
9209,[X1_X2_GET_req],9209,3,6,1,0,0,0,0,0,0,0,0,0,0,0,0
9210,REST_X2,9210,3,6,2,0,0,0,0,0,0,0,0,0,0,0,0
9211,REST_X2,9211,3,6,3,0,0,0,0,0,0,0,0,0,0,0,0
9212,[X1_X2_GET_resp_2xx],9212,3,3,0,0,0,0,0,0,0,0,0,0,0,0,0
9213,[X0_X1_GET_resp_2xx],9213,0,0,0,0,0,0,0,0,0,0,0,0,0,0,0
9214,REST_X0,9214,2,0,0,0,0,0,0,0,0,0,0,0,0,0,0
9215,[X0_X1_GET_req],9215,3,1,0,0,0,0,0,0,0,0,0,0,0,0,0
9216,REST_X1,9216,3,2,0,0,0,0,0,0,0,0,0,0,0,0,0
9217,REST_X1,9217,3,9,0,0,0,0,0,0,0,0,0,0,0,0,0
9218,[X1_X12_GET_req],9218,3,10,0,0,0,0,0,0,0,0,0,0,1,0,0
9219,REST_X12,9219,3,10,0,0,0,0,0,0,0,0,0,0,2,0,0
9220,REST_X12,9220,3,10,0,0,0,0,0,0,0,0,0,0,5,0,0
9221,[X12_X6_GET_req],9221,3,10,0,0,0,0,1,0,0,0,0,0,6,0,0
9222,REST_X6,9222,3,10,0,0,0,0,2,0,0,0,0,0,6,0,0
9223,REST_X6,9223,3,10,0,0,0,0,13,0,0,0,0,0,6,0,0
9224,[X6_X7_GET_req],9224,3,10,0,0,0,0,14,1,0,0,0,0,6,0,0
9225,REST_X7,9225,3,10,0,0,0,0,14,2,0,0,0,0,6,0,0
9226,REST_X7,9226,3,10,0,0,0,0,14,5,0,0,0,0,6,0,0
9227,[X7_X5_GET_req],9227,3,10,0,0,0,1,14,6,0,0,0,0,6,0,0
9228,REST_X5,9228,3,10,0,0,0,2,14,6,0,0,0,0,6,0,0
9229,REST_X5,9229,3,10,0,0,0,3,14,6,0,0,0,0,6,0,0
9230,[X7_X5_GET_resp_2xx],9230,3,10,0,0,0,0,14,3,0,0,0,0,6,0,0
9231,[X6_X7_GET_resp_2xx],9231,3,10,0,0,0,0,3,0,0,0,0,0,6,0,0
9232,[X12_X6_GET_resp_2xx],9232,3,10,0,0,0,0,0,0,0,0,0,0,3,0,0
9233,[X1_X12_GET_resp_2xx],9233,3,3,0,0,0,0,0,0,0,0,0,0,0,0,0
9234,[X0_X1_GET_resp_2xx],9234,0,0,0,0,0,0,0,0,0,0,0,0,0,0,0
9235,REST_X0,9235,2,0,0,0,0,0,0,0,0,0,0,0,0,0,0
9236,[X0_X1_GET_req],9236,3,1,0,0,0,0,0,0,0,0,0,0,0,0,0
9237,REST_X1,9237,3,2,0,0,0,0,0,0,0,0,0,0,0,0,0
9238,REST_X1,9238,3,9,0,0,0,0,0,0,0,0,0,0,0,0,0
9239,[X1_X12_GET_req],9239,3,10,0,0,0,0,0,0,0,0,0,0,1,0,0
9240,REST_X12,9240,3,10,0,0,0,0,0,0,0,0,0,0,2,0,0
9241,REST_X12,9241,3,10,0,0,0,0,0,0,0,0,0,0,5,0,0
9242,[X12_X6_GET_req],9242,3,10,0,0,0,0,1,0,0,0,0,0,6,0,0
9243,REST_X6,9243,3,10,0,0,0,0,2,0,0,0,0,0,6,0,0
9244,REST_X6,9244,3,10,0,0,0,0,9,0,0,0,0,0,6,0,0
9245,[X6_X8_GET_req],9245,3,10,0,0,0,0,10,0,1,0,0,0,6,0,0
9246,REST_X8,9246,3,10,0,0,0,0,10,0,2,0,0,0,6,0,0
9247,REST_X8,9247,3,10,0,0,0,0,10,0,3,0,0,0,6,0,0
9248,[X6_X8_GET_resp_2xx],9248,3,10,0,0,0,0,3,0,0,0,0,0,6,0,0
9249,[X12_X6_GET_resp_2xx],9249,3,10,0,0,0,0,0,0,0,0,0,0,3,0,0
9250,[X1_X12_GET_resp_2xx],9250,3,3,0,0,0,0,0,0,0,0,0,0,0,0,0
9251,[X0_X1_GET_resp_2xx],9251,0,0,0,0,0,0,0,0,0,0,0,0,0,0,0
9252,REST_X0,9252,2,0,0,0,0,0,0,0,0,0,0,0,0,0,0
9253,[X0_X1_GET_req],9253,3,1,0,0,0,0,0,0,0,0,0,0,0,0,0
9254,REST_X1,9254,3,2,0,0,0,0,0,0,0,0,0,0,0,0,0
9255,REST_X1,9255,3,5,0,0,0,0,0,0,0,0,0,0,0,0,0
9256,[X1_X2_GET_req],9256,3,6,1,0,0,0,0,0,0,0,0,0,0,0,0
9257,REST_X2,9257,3,6,2,0,0,0,0,0,0,0,0,0,0,0,0
9258,REST_X2,9258,3,6,3,0,0,0,0,0,0,0,0,0,0,0,0
9259,[X1_X2_GET_resp_2xx],9259,3,3,0,0,0,0,0,0,0,0,0,0,0,0,0
9260,[X0_X1_GET_resp_2xx],9260,0,0,0,0,0,0,0,0,0,0,0,0,0,0,0
9261,REST_X0,9261,2,0,0,0,0,0,0,0,0,0,0,0,0,0,0
9262,[X0_X1_GET_req],9262,3,1,0,0,0,0,0,0,0,0,0,0,0,0,0
9263,REST_X1,9263,3,2,0,0,0,0,0,0,0,0,0,0,0,0,0
9264,REST_X1,9264,3,5,0,0,0,0,0,0,0,0,0,0,0,0,0
9265,[X1_X2_GET_req],9265,3,6,1,0,0,0,0,0,0,0,0,0,0,0,0
9266,REST_X2,9266,3,6,2,0,0,0,0,0,0,0,0,0,0,0,0
9267,REST_X2,9267,3,6,3,0,0,0,0,0,0,0,0,0,0,0,0
9268,[X1_X2_GET_resp_2xx],9268,3,3,0,0,0,0,0,0,0,0,0,0,0,0,0
9269,[X0_X1_GET_resp_2xx],9269,0,0,0,0,0,0,0,0,0,0,0,0,0,0,0
9270,REST_X0,9270,2,0,0,0,0,0,0,0,0,0,0,0,0,0,0
9271,[X0_X1_GET_req],9271,3,1,0,0,0,0,0,0,0,0,0,0,0,0,0
9272,REST_X1,9272,3,2,0,0,0,0,0,0,0,0,0,0,0,0,0
9273,REST_X1,9273,3,5,0,0,0,0,0,0,0,0,0,0,0,0,0
9274,[X1_X2_GET_req],9274,3,6,1,0,0,0,0,0,0,0,0,0,0,0,0
9275,REST_X2,9275,3,6,2,0,0,0,0,0,0,0,0,0,0,0,0
9276,REST_X2,9276,3,6,3,0,0,0,0,0,0,0,0,0,0,0,0
9277,[X1_X2_GET_resp_2xx],9277,3,3,0,0,0,0,0,0,0,0,0,0,0,0,0
9278,[X0_X1_GET_resp_2xx],9278,0,0,0,0,0,0,0,0,0,0,0,0,0,0,0
9279,REST_X0,9279,2,0,0,0,0,0,0,0,0,0,0,0,0,0,0
9280,[X0_X1_GET_req],9280,3,1,0,0,0,0,0,0,0,0,0,0,0,0,0
9281,REST_X1,9281,3,2,0,0,0,0,0,0,0,0,0,0,0,0,0
9282,REST_X1,9282,3,9,0,0,0,0,0,0,0,0,0,0,0,0,0
9283,[X1_X12_GET_req],9283,3,10,0,0,0,0,0,0,0,0,0,0,1,0,0
9284,REST_X12,9284,3,10,0,0,0,0,0,0,0,0,0,0,2,0,0
9285,REST_X12,9285,3,10,0,0,0,0,0,0,0,0,0,0,5,0,0
9286,[X12_X6_GET_req],9286,3,10,0,0,0,0,1,0,0,0,0,0,6,0,0
9287,REST_X6,9287,3,10,0,0,0,0,2,0,0,0,0,0,6,0,0
9288,REST_X6,9288,3,10,0,0,0,0,9,0,0,0,0,0,6,0,0
9289,[X6_X8_GET_req],9289,3,10,0,0,0,0,10,0,1,0,0,0,6,0,0
9290,REST_X8,9290,3,10,0,0,0,0,10,0,2,0,0,0,6,0,0
9291,REST_X8,9291,3,10,0,0,0,0,10,0,3,0,0,0,6,0,0
9292,[X6_X8_GET_resp_2xx],9292,3,10,0,0,0,0,3,0,0,0,0,0,6,0,0
9293,[X12_X6_GET_resp_2xx],9293,3,10,0,0,0,0,0,0,0,0,0,0,3,0,0
9294,[X1_X12_GET_resp_2xx],9294,3,3,0,0,0,0,0,0,0,0,0,0,0,0,0
9295,[X0_X1_GET_resp_2xx],9295,0,0,0,0,0,0,0,0,0,0,0,0,0,0,0
9296,REST_X0,9296,2,0,0,0,0,0,0,0,0,0,0,0,0,0,0
9297,[X0_X1_GET_req],9297,3,1,0,0,0,0,0,0,0,0,0,0,0,0,0
9298,REST_X1,9298,3,2,0,0,0,0,0,0,0,0,0,0,0,0,0
9299,REST_X1,9299,3,5,0,0,0,0,0,0,0,0,0,0,0,0,0
9300,[X1_X2_GET_req],9300,3,6,1,0,0,0,0,0,0,0,0,0,0,0,0
9301,REST_X2,9301,3,6,2,0,0,0,0,0,0,0,0,0,0,0,0
9302,REST_X2,9302,3,6,3,0,0,0,0,0,0,0,0,0,0,0,0
9303,[X1_X2_GET_resp_2xx],9303,3,3,0,0,0,0,0,0,0,0,0,0,0,0,0
9304,[X0_X1_GET_resp_2xx],9304,0,0,0,0,0,0,0,0,0,0,0,0,0,0,0
9305,REST_X0,9305,2,0,0,0,0,0,0,0,0,0,0,0,0,0,0
9306,[X0_X1_GET_req],9306,3,1,0,0,0,0,0,0,0,0,0,0,0,0,0
9307,REST_X1,9307,3,2,0,0,0,0,0,0,0,0,0,0,0,0,0
9308,REST_X1,9308,3,5,0,0,0,0,0,0,0,0,0,0,0,0,0
9309,[X1_X2_GET_req],9309,3,6,1,0,0,0,0,0,0,0,0,0,0,0,0
9310,REST_X2,9310,3,6,2,0,0,0,0,0,0,0,0,0,0,0,0
9311,REST_X2,9311,3,6,3,0,0,0,0,0,0,0,0,0,0,0,0
9312,[X1_X2_GET_resp_2xx],9312,3,3,0,0,0,0,0,0,0,0,0,0,0,0,0
9313,[X0_X1_GET_resp_2xx],9313,0,0,0,0,0,0,0,0,0,0,0,0,0,0,0
9314,REST_X0,9314,2,0,0,0,0,0,0,0,0,0,0,0,0,0,0
9315,[X0_X1_GET_req],9315,3,1,0,0,0,0,0,0,0,0,0,0,0,0,0
9316,REST_X1,9316,3,2,0,0,0,0,0,0,0,0,0,0,0,0,0
9317,REST_X1,9317,3,9,0,0,0,0,0,0,0,0,0,0,0,0,0
9318,[X1_X12_GET_req],9318,3,10,0,0,0,0,0,0,0,0,0,0,1,0,0
9319,REST_X12,9319,3,10,0,0,0,0,0,0,0,0,0,0,2,0,0
9320,REST_X12,9320,3,10,0,0,0,0,0,0,0,0,0,0,5,0,0
9321,[X12_X6_GET_req],9321,3,10,0,0,0,0,1,0,0,0,0,0,6,0,0
9322,REST_X6,9322,3,10,0,0,0,0,2,0,0,0,0,0,6,0,0
9323,REST_X6,9323,3,10,0,0,0,0,9,0,0,0,0,0,6,0,0
9324,[X6_X8_GET_req],9324,3,10,0,0,0,0,10,0,1,0,0,0,6,0,0
9325,REST_X8,9325,3,10,0,0,0,0,10,0,2,0,0,0,6,0,0
9326,REST_X8,9326,3,10,0,0,0,0,10,0,3,0,0,0,6,0,0
9327,[X6_X8_GET_resp_2xx],9327,3,10,0,0,0,0,3,0,0,0,0,0,6,0,0
9328,[X12_X6_GET_resp_2xx],9328,3,10,0,0,0,0,0,0,0,0,0,0,3,0,0
9329,[X1_X12_GET_resp_2xx],9329,3,3,0,0,0,0,0,0,0,0,0,0,0,0,0
9330,[X0_X1_GET_resp_2xx],9330,0,0,0,0,0,0,0,0,0,0,0,0,0,0,0
9331,REST_X0,9331,2,0,0,0,0,0,0,0,0,0,0,0,0,0,0
9332,[X0_X1_GET_req],9332,3,1,0,0,0,0,0,0,0,0,0,0,0,0,0
9333,REST_X1,9333,3,2,0,0,0,0,0,0,0,0,0,0,0,0,0
9334,REST_X1,9334,3,9,0,0,0,0,0,0,0,0,0,0,0,0,0
9335,[X1_X12_GET_req],9335,3,10,0,0,0,0,0,0,0,0,0,0,1,0,0
9336,REST_X12,9336,3,10,0,0,0,0,0,0,0,0,0,0,2,0,0
9337,REST_X12,9337,3,10,0,0,0,0,0,0,0,0,0,0,5,0,0
9338,[X12_X6_GET_req],9338,3,10,0,0,0,0,1,0,0,0,0,0,6,0,0
9339,REST_X6,9339,3,10,0,0,0,0,2,0,0,0,0,0,6,0,0
9340,REST_X6,9340,3,10,0,0,0,0,5,0,0,0,0,0,6,0,0
9341,[X6_X3_GET_req],9341,3,10,0,1,0,0,6,0,0,0,0,0,6,0,0
9342,REST_X3,9342,3,10,0,2,0,0,6,0,0,0,0,0,6,0,0
9343,REST_X3,9343,3,10,0,3,0,0,6,0,0,0,0,0,6,0,0
9344,[X6_X3_GET_resp_2xx],9344,3,10,0,0,0,0,3,0,0,0,0,0,6,0,0
9345,[X12_X6_GET_resp_2xx],9345,3,10,0,0,0,0,0,0,0,0,0,0,3,0,0
9346,[X1_X12_GET_resp_2xx],9346,3,3,0,0,0,0,0,0,0,0,0,0,0,0,0
9347,[X0_X1_GET_resp_2xx],9347,0,0,0,0,0,0,0,0,0,0,0,0,0,0,0
9348,REST_X0,9348,2,0,0,0,0,0,0,0,0,0,0,0,0,0,0
9349,[X0_X1_GET_req],9349,3,1,0,0,0,0,0,0,0,0,0,0,0,0,0
9350,REST_X1,9350,3,2,0,0,0,0,0,0,0,0,0,0,0,0,0
9351,REST_X1,9351,3,9,0,0,0,0,0,0,0,0,0,0,0,0,0
9352,[X1_X12_GET_req],9352,3,10,0,0,0,0,0,0,0,0,0,0,1,0,0
9353,REST_X12,9353,3,10,0,0,0,0,0,0,0,0,0,0,2,0,0
9354,REST_X12,9354,3,10,0,0,0,0,0,0,0,0,0,0,5,0,0
9355,[X12_X6_GET_req],9355,3,10,0,0,0,0,1,0,0,0,0,0,6,0,0
9356,REST_X6,9356,3,10,0,0,0,0,2,0,0,0,0,0,6,0,0
9357,REST_X6,9357,3,10,0,0,0,0,9,0,0,0,0,0,6,0,0
9358,[X6_X8_GET_req],9358,3,10,0,0,0,0,10,0,1,0,0,0,6,0,0
9359,REST_X8,9359,3,10,0,0,0,0,10,0,2,0,0,0,6,0,0
9360,REST_X8,9360,3,10,0,0,0,0,10,0,3,0,0,0,6,0,0
9361,[X6_X8_GET_resp_2xx],9361,3,10,0,0,0,0,3,0,0,0,0,0,6,0,0
9362,[X12_X6_GET_resp_2xx],9362,3,10,0,0,0,0,0,0,0,0,0,0,3,0,0
9363,[X1_X12_GET_resp_2xx],9363,3,3,0,0,0,0,0,0,0,0,0,0,0,0,0
9364,[X0_X1_GET_resp_2xx],9364,0,0,0,0,0,0,0,0,0,0,0,0,0,0,0
9365,REST_X0,9365,2,0,0,0,0,0,0,0,0,0,0,0,0,0,0
9366,[X0_X1_GET_req],9366,3,1,0,0,0,0,0,0,0,0,0,0,0,0,0
9367,REST_X1,9367,3,2,0,0,0,0,0,0,0,0,0,0,0,0,0
9368,REST_X1,9368,3,5,0,0,0,0,0,0,0,0,0,0,0,0,0
9369,[X1_X2_GET_req],9369,3,6,1,0,0,0,0,0,0,0,0,0,0,0,0
9370,REST_X2,9370,3,6,2,0,0,0,0,0,0,0,0,0,0,0,0
9371,REST_X2,9371,3,6,3,0,0,0,0,0,0,0,0,0,0,0,0
9372,[X1_X2_GET_resp_2xx],9372,3,3,0,0,0,0,0,0,0,0,0,0,0,0,0
9373,[X0_X1_GET_resp_2xx],9373,0,0,0,0,0,0,0,0,0,0,0,0,0,0,0
9374,REST_X0,9374,2,0,0,0,0,0,0,0,0,0,0,0,0,0,0
9375,[X0_X1_GET_req],9375,3,1,0,0,0,0,0,0,0,0,0,0,0,0,0
9376,REST_X1,9376,3,2,0,0,0,0,0,0,0,0,0,0,0,0,0
9377,REST_X1,9377,3,5,0,0,0,0,0,0,0,0,0,0,0,0,0
9378,[X1_X2_GET_req],9378,3,6,1,0,0,0,0,0,0,0,0,0,0,0,0
9379,REST_X2,9379,3,6,2,0,0,0,0,0,0,0,0,0,0,0,0
9380,REST_X2,9380,3,6,3,0,0,0,0,0,0,0,0,0,0,0,0
9381,[X1_X2_GET_resp_2xx],9381,3,3,0,0,0,0,0,0,0,0,0,0,0,0,0
9382,[X0_X1_GET_resp_2xx],9382,0,0,0,0,0,0,0,0,0,0,0,0,0,0,0
9383,REST_X0,9383,2,0,0,0,0,0,0,0,0,0,0,0,0,0,0
9384,[X0_X1_GET_req],9384,3,1,0,0,0,0,0,0,0,0,0,0,0,0,0
9385,REST_X1,9385,3,2,0,0,0,0,0,0,0,0,0,0,0,0,0
9386,REST_X1,9386,3,9,0,0,0,0,0,0,0,0,0,0,0,0,0
9387,[X1_X12_GET_req],9387,3,10,0,0,0,0,0,0,0,0,0,0,1,0,0
9388,REST_X12,9388,3,10,0,0,0,0,0,0,0,0,0,0,2,0,0
9389,REST_X12,9389,3,10,0,0,0,0,0,0,0,0,0,0,5,0,0
9390,[X12_X6_GET_req],9390,3,10,0,0,0,0,1,0,0,0,0,0,6,0,0
9391,REST_X6,9391,3,10,0,0,0,0,2,0,0,0,0,0,6,0,0
9392,REST_X6,9392,3,10,0,0,0,0,5,0,0,0,0,0,6,0,0
9393,[X6_X3_GET_req],9393,3,10,0,1,0,0,6,0,0,0,0,0,6,0,0
9394,REST_X3,9394,3,10,0,2,0,0,6,0,0,0,0,0,6,0,0
9395,REST_X3,9395,3,10,0,3,0,0,6,0,0,0,0,0,6,0,0
9396,[X6_X3_GET_resp_2xx],9396,3,10,0,0,0,0,3,0,0,0,0,0,6,0,0
9397,[X12_X6_GET_resp_2xx],9397,3,10,0,0,0,0,0,0,0,0,0,0,3,0,0
9398,[X1_X12_GET_resp_2xx],9398,3,3,0,0,0,0,0,0,0,0,0,0,0,0,0
9399,[X0_X1_GET_resp_2xx],9399,0,0,0,0,0,0,0,0,0,0,0,0,0,0,0
9400,REST_X0,9400,2,0,0,0,0,0,0,0,0,0,0,0,0,0,0
9401,[X0_X1_GET_req],9401,3,1,0,0,0,0,0,0,0,0,0,0,0,0,0
9402,REST_X1,9402,3,2,0,0,0,0,0,0,0,0,0,0,0,0,0
9403,REST_X1,9403,3,5,0,0,0,0,0,0,0,0,0,0,0,0,0
9404,[X1_X2_GET_req],9404,3,6,1,0,0,0,0,0,0,0,0,0,0,0,0
9405,REST_X2,9405,3,6,2,0,0,0,0,0,0,0,0,0,0,0,0
9406,REST_X2,9406,3,6,3,0,0,0,0,0,0,0,0,0,0,0,0
9407,[X1_X2_GET_resp_2xx],9407,3,3,0,0,0,0,0,0,0,0,0,0,0,0,0
9408,[X0_X1_GET_resp_2xx],9408,0,0,0,0,0,0,0,0,0,0,0,0,0,0,0
9409,REST_X0,9409,2,0,0,0,0,0,0,0,0,0,0,0,0,0,0
9410,[X0_X1_GET_req],9410,3,1,0,0,0,0,0,0,0,0,0,0,0,0,0
9411,REST_X1,9411,3,2,0,0,0,0,0,0,0,0,0,0,0,0,0
9412,REST_X1,9412,3,5,0,0,0,0,0,0,0,0,0,0,0,0,0
9413,[X1_X2_GET_req],9413,3,6,1,0,0,0,0,0,0,0,0,0,0,0,0
9414,REST_X2,9414,3,6,2,0,0,0,0,0,0,0,0,0,0,0,0
9415,REST_X2,9415,3,6,3,0,0,0,0,0,0,0,0,0,0,0,0
9416,[X1_X2_GET_resp_2xx],9416,3,3,0,0,0,0,0,0,0,0,0,0,0,0,0
9417,[X0_X1_GET_resp_2xx],9417,0,0,0,0,0,0,0,0,0,0,0,0,0,0,0
9418,REST_X0,9418,2,0,0,0,0,0,0,0,0,0,0,0,0,0,0
9419,[X0_X1_GET_req],9419,3,1,0,0,0,0,0,0,0,0,0,0,0,0,0
9420,REST_X1,9420,3,2,0,0,0,0,0,0,0,0,0,0,0,0,0
9421,REST_X1,9421,3,5,0,0,0,0,0,0,0,0,0,0,0,0,0
9422,[X1_X2_GET_req],9422,3,6,1,0,0,0,0,0,0,0,0,0,0,0,0
9423,REST_X2,9423,3,6,2,0,0,0,0,0,0,0,0,0,0,0,0
9424,REST_X2,9424,3,6,3,0,0,0,0,0,0,0,0,0,0,0,0
9425,[X1_X2_GET_resp_2xx],9425,3,3,0,0,0,0,0,0,0,0,0,0,0,0,0
9426,[X0_X1_GET_resp_2xx],9426,0,0,0,0,0,0,0,0,0,0,0,0,0,0,0
9427,REST_X0,9427,2,0,0,0,0,0,0,0,0,0,0,0,0,0,0
9428,[X0_X1_GET_req],9428,3,1,0,0,0,0,0,0,0,0,0,0,0,0,0
9429,REST_X1,9429,3,2,0,0,0,0,0,0,0,0,0,0,0,0,0
9430,REST_X1,9430,3,5,0,0,0,0,0,0,0,0,0,0,0,0,0
9431,[X1_X2_GET_req],9431,3,6,1,0,0,0,0,0,0,0,0,0,0,0,0
9432,REST_X2,9432,3,6,2,0,0,0,0,0,0,0,0,0,0,0,0
9433,REST_X2,9433,3,6,3,0,0,0,0,0,0,0,0,0,0,0,0
9434,[X1_X2_GET_resp_2xx],9434,3,3,0,0,0,0,0,0,0,0,0,0,0,0,0
9435,[X0_X1_GET_resp_2xx],9435,0,0,0,0,0,0,0,0,0,0,0,0,0,0,0
9436,REST_X0,9436,2,0,0,0,0,0,0,0,0,0,0,0,0,0,0
9437,[X0_X1_GET_req],9437,3,1,0,0,0,0,0,0,0,0,0,0,0,0,0
9438,REST_X1,9438,3,2,0,0,0,0,0,0,0,0,0,0,0,0,0
9439,REST_X1,9439,3,5,0,0,0,0,0,0,0,0,0,0,0,0,0
9440,[X1_X2_GET_req],9440,3,6,1,0,0,0,0,0,0,0,0,0,0,0,0
9441,REST_X2,9441,3,6,2,0,0,0,0,0,0,0,0,0,0,0,0
9442,REST_X2,9442,3,6,3,0,0,0,0,0,0,0,0,0,0,0,0
9443,[X1_X2_GET_resp_2xx],9443,3,3,0,0,0,0,0,0,0,0,0,0,0,0,0
9444,[X0_X1_GET_resp_2xx],9444,0,0,0,0,0,0,0,0,0,0,0,0,0,0,0
9445,REST_X0,9445,2,0,0,0,0,0,0,0,0,0,0,0,0,0,0
9446,[X0_X1_GET_req],9446,3,1,0,0,0,0,0,0,0,0,0,0,0,0,0
9447,REST_X1,9447,3,2,0,0,0,0,0,0,0,0,0,0,0,0,0
9448,REST_X1,9448,3,9,0,0,0,0,0,0,0,0,0,0,0,0,0
9449,[X1_X12_GET_req],9449,3,10,0,0,0,0,0,0,0,0,0,0,1,0,0
9450,REST_X12,9450,3,10,0,0,0,0,0,0,0,0,0,0,2,0,0
9451,REST_X12,9451,3,10,0,0,0,0,0,0,0,0,0,0,5,0,0
9452,[X12_X6_GET_req],9452,3,10,0,0,0,0,1,0,0,0,0,0,6,0,0
9453,REST_X6,9453,3,10,0,0,0,0,2,0,0,0,0,0,6,0,0
9454,REST_X6,9454,3,10,0,0,0,0,5,0,0,0,0,0,6,0,0
9455,[X6_X3_GET_req],9455,3,10,0,1,0,0,6,0,0,0,0,0,6,0,0
9456,REST_X3,9456,3,10,0,2,0,0,6,0,0,0,0,0,6,0,0
9457,REST_X3,9457,3,10,0,3,0,0,6,0,0,0,0,0,6,0,0
9458,[X6_X3_GET_resp_2xx],9458,3,10,0,0,0,0,3,0,0,0,0,0,6,0,0
9459,[X12_X6_GET_resp_2xx],9459,3,10,0,0,0,0,0,0,0,0,0,0,3,0,0
9460,[X1_X12_GET_resp_2xx],9460,3,3,0,0,0,0,0,0,0,0,0,0,0,0,0
9461,[X0_X1_GET_resp_2xx],9461,0,0,0,0,0,0,0,0,0,0,0,0,0,0,0
9462,REST_X0,9462,2,0,0,0,0,0,0,0,0,0,0,0,0,0,0
9463,[X0_X1_GET_req],9463,3,1,0,0,0,0,0,0,0,0,0,0,0,0,0
9464,REST_X1,9464,3,2,0,0,0,0,0,0,0,0,0,0,0,0,0
9465,REST_X1,9465,3,5,0,0,0,0,0,0,0,0,0,0,0,0,0
9466,[X1_X2_GET_req],9466,3,6,1,0,0,0,0,0,0,0,0,0,0,0,0
9467,REST_X2,9467,3,6,2,0,0,0,0,0,0,0,0,0,0,0,0
9468,REST_X2,9468,3,6,3,0,0,0,0,0,0,0,0,0,0,0,0
9469,[X1_X2_GET_resp_2xx],9469,3,3,0,0,0,0,0,0,0,0,0,0,0,0,0
9470,[X0_X1_GET_resp_2xx],9470,0,0,0,0,0,0,0,0,0,0,0,0,0,0,0
9471,REST_X0,9471,2,0,0,0,0,0,0,0,0,0,0,0,0,0,0
9472,[X0_X1_GET_req],9472,3,1,0,0,0,0,0,0,0,0,0,0,0,0,0
9473,REST_X1,9473,3,2,0,0,0,0,0,0,0,0,0,0,0,0,0
9474,REST_X1,9474,3,9,0,0,0,0,0,0,0,0,0,0,0,0,0
9475,[X1_X12_GET_req],9475,3,10,0,0,0,0,0,0,0,0,0,0,1,0,0
9476,REST_X12,9476,3,10,0,0,0,0,0,0,0,0,0,0,2,0,0
9477,REST_X12,9477,3,10,0,0,0,0,0,0,0,0,0,0,5,0,0
9478,[X12_X6_GET_req],9478,3,10,0,0,0,0,1,0,0,0,0,0,6,0,0
9479,REST_X6,9479,3,10,0,0,0,0,2,0,0,0,0,0,6,0,0
9480,REST_X6,9480,3,10,0,0,0,0,9,0,0,0,0,0,6,0,0
9481,[X6_X8_GET_req],9481,3,10,0,0,0,0,10,0,1,0,0,0,6,0,0
9482,REST_X8,9482,3,10,0,0,0,0,10,0,2,0,0,0,6,0,0
9483,REST_X8,9483,3,10,0,0,0,0,10,0,3,0,0,0,6,0,0
9484,[X6_X8_GET_resp_2xx],9484,3,10,0,0,0,0,3,0,0,0,0,0,6,0,0
9485,[X12_X6_GET_resp_2xx],9485,3,10,0,0,0,0,0,0,0,0,0,0,3,0,0
9486,[X1_X12_GET_resp_2xx],9486,3,3,0,0,0,0,0,0,0,0,0,0,0,0,0
9487,[X0_X1_GET_resp_2xx],9487,0,0,0,0,0,0,0,0,0,0,0,0,0,0,0
9488,REST_X0,9488,2,0,0,0,0,0,0,0,0,0,0,0,0,0,0
9489,[X0_X1_GET_req],9489,3,1,0,0,0,0,0,0,0,0,0,0,0,0,0
9490,REST_X1,9490,3,2,0,0,0,0,0,0,0,0,0,0,0,0,0
9491,REST_X1,9491,3,9,0,0,0,0,0,0,0,0,0,0,0,0,0
9492,[X1_X12_GET_req],9492,3,10,0,0,0,0,0,0,0,0,0,0,1,0,0
9493,REST_X12,9493,3,10,0,0,0,0,0,0,0,0,0,0,2,0,0
9494,REST_X12,9494,3,10,0,0,0,0,0,0,0,0,0,0,5,0,0
9495,[X12_X6_GET_req],9495,3,10,0,0,0,0,1,0,0,0,0,0,6,0,0
9496,REST_X6,9496,3,10,0,0,0,0,2,0,0,0,0,0,6,0,0
9497,REST_X6,9497,3,10,0,0,0,0,9,0,0,0,0,0,6,0,0
9498,[X6_X8_GET_req],9498,3,10,0,0,0,0,10,0,1,0,0,0,6,0,0
9499,REST_X8,9499,3,10,0,0,0,0,10,0,2,0,0,0,6,0,0
9500,REST_X8,9500,3,10,0,0,0,0,10,0,4,0,0,0,6,0,0
9501,[X6_X8_GET_resp_5xx],9501,3,10,0,0,0,0,11,0,0,0,0,0,6,0,0
9502,[X6_X8_GET_req],9502,3,10,0,0,0,0,12,0,1,0,0,0,6,0,0
9503,REST_X8,9503,3,10,0,0,0,0,12,0,2,0,0,0,6,0,0
9504,REST_X8,9504,3,10,0,0,0,0,12,0,3,0,0,0,6,0,0
9505,[X6_X8_GET_resp_2xx],9505,3,10,0,0,0,0,3,0,0,0,0,0,6,0,0
9506,[X12_X6_GET_resp_2xx],9506,3,10,0,0,0,0,0,0,0,0,0,0,3,0,0
9507,[X1_X12_GET_resp_2xx],9507,3,3,0,0,0,0,0,0,0,0,0,0,0,0,0
9508,[X0_X1_GET_resp_2xx],9508,0,0,0,0,0,0,0,0,0,0,0,0,0,0,0
9509,REST_X0,9509,2,0,0,0,0,0,0,0,0,0,0,0,0,0,0
9510,[X0_X1_GET_req],9510,3,1,0,0,0,0,0,0,0,0,0,0,0,0,0
9511,REST_X1,9511,3,2,0,0,0,0,0,0,0,0,0,0,0,0,0
9512,REST_X1,9512,3,5,0,0,0,0,0,0,0,0,0,0,0,0,0
9513,[X1_X2_GET_req],9513,3,6,1,0,0,0,0,0,0,0,0,0,0,0,0
9514,REST_X2,9514,3,6,2,0,0,0,0,0,0,0,0,0,0,0,0
9515,REST_X2,9515,3,6,3,0,0,0,0,0,0,0,0,0,0,0,0
9516,[X1_X2_GET_resp_2xx],9516,3,3,0,0,0,0,0,0,0,0,0,0,0,0,0
9517,[X0_X1_GET_resp_2xx],9517,0,0,0,0,0,0,0,0,0,0,0,0,0,0,0
9518,REST_X0,9518,2,0,0,0,0,0,0,0,0,0,0,0,0,0,0
9519,[X0_X1_GET_req],9519,3,1,0,0,0,0,0,0,0,0,0,0,0,0,0
9520,REST_X1,9520,3,2,0,0,0,0,0,0,0,0,0,0,0,0,0
9521,REST_X1,9521,3,5,0,0,0,0,0,0,0,0,0,0,0,0,0
9522,[X1_X2_GET_req],9522,3,6,1,0,0,0,0,0,0,0,0,0,0,0,0
9523,REST_X2,9523,3,6,2,0,0,0,0,0,0,0,0,0,0,0,0
9524,REST_X2,9524,3,6,3,0,0,0,0,0,0,0,0,0,0,0,0
9525,[X1_X2_GET_resp_2xx],9525,3,3,0,0,0,0,0,0,0,0,0,0,0,0,0
9526,[X0_X1_GET_resp_2xx],9526,0,0,0,0,0,0,0,0,0,0,0,0,0,0,0
9527,REST_X0,9527,2,0,0,0,0,0,0,0,0,0,0,0,0,0,0
9528,[X0_X1_GET_req],9528,3,1,0,0,0,0,0,0,0,0,0,0,0,0,0
9529,REST_X1,9529,3,2,0,0,0,0,0,0,0,0,0,0,0,0,0
9530,REST_X1,9530,3,9,0,0,0,0,0,0,0,0,0,0,0,0,0
9531,[X1_X12_GET_req],9531,3,10,0,0,0,0,0,0,0,0,0,0,1,0,0
9532,REST_X12,9532,3,10,0,0,0,0,0,0,0,0,0,0,2,0,0
9533,REST_X12,9533,3,10,0,0,0,0,0,0,0,0,0,0,5,0,0
9534,[X12_X6_GET_req],9534,3,10,0,0,0,0,1,0,0,0,0,0,6,0,0
9535,REST_X6,9535,3,10,0,0,0,0,2,0,0,0,0,0,6,0,0
9536,REST_X6,9536,3,10,0,0,0,0,5,0,0,0,0,0,6,0,0
9537,[X6_X3_GET_req],9537,3,10,0,1,0,0,6,0,0,0,0,0,6,0,0
9538,REST_X3,9538,3,10,0,2,0,0,6,0,0,0,0,0,6,0,0
9539,REST_X3,9539,3,10,0,3,0,0,6,0,0,0,0,0,6,0,0
9540,[X6_X3_GET_resp_2xx],9540,3,10,0,0,0,0,3,0,0,0,0,0,6,0,0
9541,[X12_X6_GET_resp_2xx],9541,3,10,0,0,0,0,0,0,0,0,0,0,3,0,0
9542,[X1_X12_GET_resp_2xx],9542,3,3,0,0,0,0,0,0,0,0,0,0,0,0,0
9543,[X0_X1_GET_resp_2xx],9543,0,0,0,0,0,0,0,0,0,0,0,0,0,0,0
9544,REST_X0,9544,2,0,0,0,0,0,0,0,0,0,0,0,0,0,0
9545,[X0_X1_GET_req],9545,3,1,0,0,0,0,0,0,0,0,0,0,0,0,0
9546,REST_X1,9546,3,2,0,0,0,0,0,0,0,0,0,0,0,0,0
9547,REST_X1,9547,3,5,0,0,0,0,0,0,0,0,0,0,0,0,0
9548,[X1_X2_GET_req],9548,3,6,1,0,0,0,0,0,0,0,0,0,0,0,0
9549,REST_X2,9549,3,6,2,0,0,0,0,0,0,0,0,0,0,0,0
9550,REST_X2,9550,3,6,3,0,0,0,0,0,0,0,0,0,0,0,0
9551,[X1_X2_GET_resp_2xx],9551,3,3,0,0,0,0,0,0,0,0,0,0,0,0,0
9552,[X0_X1_GET_resp_2xx],9552,0,0,0,0,0,0,0,0,0,0,0,0,0,0,0
9553,REST_X0,9553,2,0,0,0,0,0,0,0,0,0,0,0,0,0,0
9554,[X0_X1_GET_req],9554,3,1,0,0,0,0,0,0,0,0,0,0,0,0,0
9555,REST_X1,9555,3,2,0,0,0,0,0,0,0,0,0,0,0,0,0
9556,REST_X1,9556,3,9,0,0,0,0,0,0,0,0,0,0,0,0,0
9557,[X1_X12_GET_req],9557,3,10,0,0,0,0,0,0,0,0,0,0,1,0,0
9558,REST_X12,9558,3,10,0,0,0,0,0,0,0,0,0,0,2,0,0
9559,REST_X12,9559,3,10,0,0,0,0,0,0,0,0,0,0,5,0,0
9560,[X12_X6_GET_req],9560,3,10,0,0,0,0,1,0,0,0,0,0,6,0,0
9561,REST_X6,9561,3,10,0,0,0,0,2,0,0,0,0,0,6,0,0
9562,REST_X6,9562,3,10,0,0,0,0,9,0,0,0,0,0,6,0,0
9563,[X6_X8_GET_req],9563,3,10,0,0,0,0,10,0,1,0,0,0,6,0,0
9564,REST_X8,9564,3,10,0,0,0,0,10,0,2,0,0,0,6,0,0
9565,REST_X8,9565,3,10,0,0,0,0,10,0,3,0,0,0,6,0,0
9566,[X6_X8_GET_resp_2xx],9566,3,10,0,0,0,0,3,0,0,0,0,0,6,0,0
9567,[X12_X6_GET_resp_2xx],9567,3,10,0,0,0,0,0,0,0,0,0,0,3,0,0
9568,[X1_X12_GET_resp_2xx],9568,3,3,0,0,0,0,0,0,0,0,0,0,0,0,0
9569,[X0_X1_GET_resp_2xx],9569,0,0,0,0,0,0,0,0,0,0,0,0,0,0,0
9570,REST_X0,9570,2,0,0,0,0,0,0,0,0,0,0,0,0,0,0
9571,[X0_X1_GET_req],9571,3,1,0,0,0,0,0,0,0,0,0,0,0,0,0
9572,REST_X1,9572,3,2,0,0,0,0,0,0,0,0,0,0,0,0,0
9573,REST_X1,9573,3,5,0,0,0,0,0,0,0,0,0,0,0,0,0
9574,[X1_X2_GET_req],9574,3,6,1,0,0,0,0,0,0,0,0,0,0,0,0
9575,REST_X2,9575,3,6,2,0,0,0,0,0,0,0,0,0,0,0,0
9576,REST_X2,9576,3,6,4,0,0,0,0,0,0,0,0,0,0,0,0
9577,[X1_X2_GET_resp_5xx],9577,3,7,0,0,0,0,0,0,0,0,0,0,0,0,0
9578,[X1_X2_GET_req],9578,3,8,1,0,0,0,0,0,0,0,0,0,0,0,0
9579,REST_X2,9579,3,8,2,0,0,0,0,0,0,0,0,0,0,0,0
9580,REST_X2,9580,3,8,3,0,0,0,0,0,0,0,0,0,0,0,0
9581,[X1_X2_GET_resp_2xx],9581,3,3,0,0,0,0,0,0,0,0,0,0,0,0,0
9582,[X0_X1_GET_resp_2xx],9582,0,0,0,0,0,0,0,0,0,0,0,0,0,0,0
9583,REST_X0,9583,2,0,0,0,0,0,0,0,0,0,0,0,0,0,0
9584,[X0_X1_GET_req],9584,3,1,0,0,0,0,0,0,0,0,0,0,0,0,0
9585,REST_X1,9585,3,2,0,0,0,0,0,0,0,0,0,0,0,0,0
9586,REST_X1,9586,3,9,0,0,0,0,0,0,0,0,0,0,0,0,0
9587,[X1_X12_GET_req],9587,3,10,0,0,0,0,0,0,0,0,0,0,1,0,0
9588,REST_X12,9588,3,10,0,0,0,0,0,0,0,0,0,0,2,0,0
9589,REST_X12,9589,3,10,0,0,0,0,0,0,0,0,0,0,5,0,0
9590,[X12_X6_GET_req],9590,3,10,0,0,0,0,1,0,0,0,0,0,6,0,0
9591,REST_X6,9591,3,10,0,0,0,0,2,0,0,0,0,0,6,0,0
9592,REST_X6,9592,3,10,0,0,0,0,9,0,0,0,0,0,6,0,0
9593,[X6_X8_GET_req],9593,3,10,0,0,0,0,10,0,1,0,0,0,6,0,0
9594,REST_X8,9594,3,10,0,0,0,0,10,0,2,0,0,0,6,0,0
9595,REST_X8,9595,3,10,0,0,0,0,10,0,3,0,0,0,6,0,0
9596,[X6_X8_GET_resp_2xx],9596,3,10,0,0,0,0,3,0,0,0,0,0,6,0,0
9597,[X12_X6_GET_resp_2xx],9597,3,10,0,0,0,0,0,0,0,0,0,0,3,0,0
9598,[X1_X12_GET_resp_2xx],9598,3,3,0,0,0,0,0,0,0,0,0,0,0,0,0
9599,[X0_X1_GET_resp_2xx],9599,0,0,0,0,0,0,0,0,0,0,0,0,0,0,0
9600,REST_X0,9600,2,0,0,0,0,0,0,0,0,0,0,0,0,0,0
9601,[X0_X1_GET_req],9601,3,1,0,0,0,0,0,0,0,0,0,0,0,0,0
9602,REST_X1,9602,3,2,0,0,0,0,0,0,0,0,0,0,0,0,0
9603,REST_X1,9603,3,5,0,0,0,0,0,0,0,0,0,0,0,0,0
9604,[X1_X2_GET_req],9604,3,6,1,0,0,0,0,0,0,0,0,0,0,0,0
9605,REST_X2,9605,3,6,2,0,0,0,0,0,0,0,0,0,0,0,0
9606,REST_X2,9606,3,6,3,0,0,0,0,0,0,0,0,0,0,0,0
9607,[X1_X2_GET_resp_2xx],9607,3,3,0,0,0,0,0,0,0,0,0,0,0,0,0
9608,[X0_X1_GET_resp_2xx],9608,0,0,0,0,0,0,0,0,0,0,0,0,0,0,0
9609,REST_X0,9609,2,0,0,0,0,0,0,0,0,0,0,0,0,0,0
9610,[X0_X1_GET_req],9610,3,1,0,0,0,0,0,0,0,0,0,0,0,0,0
9611,REST_X1,9611,3,2,0,0,0,0,0,0,0,0,0,0,0,0,0
9612,REST_X1,9612,3,9,0,0,0,0,0,0,0,0,0,0,0,0,0
9613,[X1_X12_GET_req],9613,3,10,0,0,0,0,0,0,0,0,0,0,1,0,0
9614,REST_X12,9614,3,10,0,0,0,0,0,0,0,0,0,0,2,0,0
9615,REST_X12,9615,3,10,0,0,0,0,0,0,0,0,0,0,5,0,0
9616,[X12_X6_GET_req],9616,3,10,0,0,0,0,1,0,0,0,0,0,6,0,0
9617,REST_X6,9617,3,10,0,0,0,0,2,0,0,0,0,0,6,0,0
9618,REST_X6,9618,3,10,0,0,0,0,13,0,0,0,0,0,6,0,0
9619,[X6_X7_GET_req],9619,3,10,0,0,0,0,14,1,0,0,0,0,6,0,0
9620,REST_X7,9620,3,10,0,0,0,0,14,2,0,0,0,0,6,0,0
9621,REST_X7,9621,3,10,0,0,0,0,14,9,0,0,0,0,6,0,0
9622,[X7_X9_GET_req],9622,3,10,0,0,0,0,14,10,0,1,0,0,6,0,0
9623,REST_X9,9623,3,10,0,0,0,0,14,10,0,2,0,0,6,0,0
9624,REST_X9,9624,3,10,0,0,0,0,14,10,0,9,0,0,6,0,0
9625,[X9_X4_GET_req],9625,3,10,0,0,1,0,14,10,0,10,0,0,6,0,0
9626,REST_X4,9626,3,10,0,0,2,0,14,10,0,10,0,0,6,0,0
9627,REST_X4,9627,3,10,0,0,5,0,14,10,0,10,0,0,6,0,0
9628,[X4_X10_GET_req],9628,3,10,0,0,6,0,14,10,0,10,1,0,6,0,0
9629,REST_X10,9629,3,10,0,0,6,0,14,10,0,10,2,0,6,0,0
9630,REST_X10,9630,3,10,0,0,6,0,14,10,0,10,3,0,6,0,0
9631,[X4_X10_GET_resp_2xx],9631,3,10,0,0,3,0,14,10,0,10,0,0,6,0,0
9632,[X9_X4_GET_resp_2xx],9632,3,10,0,0,0,0,14,10,0,3,0,0,6,0,0
9633,[X7_X9_GET_resp_2xx],9633,3,10,0,0,0,0,14,3,0,0,0,0,6,0,0
9634,[X6_X7_GET_resp_2xx],9634,3,10,0,0,0,0,3,0,0,0,0,0,6,0,0
9635,[X12_X6_GET_resp_2xx],9635,3,10,0,0,0,0,0,0,0,0,0,0,3,0,0
9636,[X1_X12_GET_resp_2xx],9636,3,3,0,0,0,0,0,0,0,0,0,0,0,0,0
9637,[X0_X1_GET_resp_2xx],9637,0,0,0,0,0,0,0,0,0,0,0,0,0,0,0
9638,REST_X0,9638,2,0,0,0,0,0,0,0,0,0,0,0,0,0,0
9639,[X0_X1_GET_req],9639,3,1,0,0,0,0,0,0,0,0,0,0,0,0,0
9640,REST_X1,9640,3,2,0,0,0,0,0,0,0,0,0,0,0,0,0
9641,REST_X1,9641,3,9,0,0,0,0,0,0,0,0,0,0,0,0,0
9642,[X1_X12_GET_req],9642,3,10,0,0,0,0,0,0,0,0,0,0,1,0,0
9643,REST_X12,9643,3,10,0,0,0,0,0,0,0,0,0,0,2,0,0
9644,REST_X12,9644,3,10,0,0,0,0,0,0,0,0,0,0,5,0,0
9645,[X12_X6_GET_req],9645,3,10,0,0,0,0,1,0,0,0,0,0,6,0,0
9646,REST_X6,9646,3,10,0,0,0,0,2,0,0,0,0,0,6,0,0
9647,REST_X6,9647,3,10,0,0,0,0,9,0,0,0,0,0,6,0,0
9648,[X6_X8_GET_req],9648,3,10,0,0,0,0,10,0,1,0,0,0,6,0,0
9649,REST_X8,9649,3,10,0,0,0,0,10,0,2,0,0,0,6,0,0
9650,REST_X8,9650,3,10,0,0,0,0,10,0,3,0,0,0,6,0,0
9651,[X6_X8_GET_resp_2xx],9651,3,10,0,0,0,0,3,0,0,0,0,0,6,0,0
9652,[X12_X6_GET_resp_2xx],9652,3,10,0,0,0,0,0,0,0,0,0,0,3,0,0
9653,[X1_X12_GET_resp_2xx],9653,3,3,0,0,0,0,0,0,0,0,0,0,0,0,0
9654,[X0_X1_GET_resp_2xx],9654,0,0,0,0,0,0,0,0,0,0,0,0,0,0,0
9655,REST_X0,9655,2,0,0,0,0,0,0,0,0,0,0,0,0,0,0
9656,[X0_X1_GET_req],9656,3,1,0,0,0,0,0,0,0,0,0,0,0,0,0
9657,REST_X1,9657,3,2,0,0,0,0,0,0,0,0,0,0,0,0,0
9658,REST_X1,9658,3,5,0,0,0,0,0,0,0,0,0,0,0,0,0
9659,[X1_X2_GET_req],9659,3,6,1,0,0,0,0,0,0,0,0,0,0,0,0
9660,REST_X2,9660,3,6,2,0,0,0,0,0,0,0,0,0,0,0,0
9661,REST_X2,9661,3,6,3,0,0,0,0,0,0,0,0,0,0,0,0
9662,[X1_X2_GET_resp_2xx],9662,3,3,0,0,0,0,0,0,0,0,0,0,0,0,0
9663,[X0_X1_GET_resp_2xx],9663,0,0,0,0,0,0,0,0,0,0,0,0,0,0,0
9664,REST_X0,9664,2,0,0,0,0,0,0,0,0,0,0,0,0,0,0
9665,[X0_X1_GET_req],9665,3,1,0,0,0,0,0,0,0,0,0,0,0,0,0
9666,REST_X1,9666,3,2,0,0,0,0,0,0,0,0,0,0,0,0,0
9667,REST_X1,9667,3,5,0,0,0,0,0,0,0,0,0,0,0,0,0
9668,[X1_X2_GET_req],9668,3,6,1,0,0,0,0,0,0,0,0,0,0,0,0
9669,REST_X2,9669,3,6,2,0,0,0,0,0,0,0,0,0,0,0,0
9670,REST_X2,9670,3,6,3,0,0,0,0,0,0,0,0,0,0,0,0
9671,[X1_X2_GET_resp_2xx],9671,3,3,0,0,0,0,0,0,0,0,0,0,0,0,0
9672,[X0_X1_GET_resp_2xx],9672,0,0,0,0,0,0,0,0,0,0,0,0,0,0,0
9673,REST_X0,9673,2,0,0,0,0,0,0,0,0,0,0,0,0,0,0
9674,[X0_X1_GET_req],9674,3,1,0,0,0,0,0,0,0,0,0,0,0,0,0
9675,REST_X1,9675,3,2,0,0,0,0,0,0,0,0,0,0,0,0,0
9676,REST_X1,9676,3,9,0,0,0,0,0,0,0,0,0,0,0,0,0
9677,[X1_X12_GET_req],9677,3,10,0,0,0,0,0,0,0,0,0,0,1,0,0
9678,REST_X12,9678,3,10,0,0,0,0,0,0,0,0,0,0,2,0,0
9679,REST_X12,9679,3,10,0,0,0,0,0,0,0,0,0,0,5,0,0
9680,[X12_X6_GET_req],9680,3,10,0,0,0,0,1,0,0,0,0,0,6,0,0
9681,REST_X6,9681,3,10,0,0,0,0,2,0,0,0,0,0,6,0,0
9682,REST_X6,9682,3,10,0,0,0,0,5,0,0,0,0,0,6,0,0
9683,[X6_X3_GET_req],9683,3,10,0,1,0,0,6,0,0,0,0,0,6,0,0
9684,REST_X3,9684,3,10,0,2,0,0,6,0,0,0,0,0,6,0,0
9685,REST_X3,9685,3,10,0,3,0,0,6,0,0,0,0,0,6,0,0
9686,[X6_X3_GET_resp_2xx],9686,3,10,0,0,0,0,3,0,0,0,0,0,6,0,0
9687,[X12_X6_GET_resp_2xx],9687,3,10,0,0,0,0,0,0,0,0,0,0,3,0,0
9688,[X1_X12_GET_resp_2xx],9688,3,3,0,0,0,0,0,0,0,0,0,0,0,0,0
9689,[X0_X1_GET_resp_2xx],9689,0,0,0,0,0,0,0,0,0,0,0,0,0,0,0
9690,REST_X0,9690,2,0,0,0,0,0,0,0,0,0,0,0,0,0,0
9691,[X0_X1_GET_req],9691,3,1,0,0,0,0,0,0,0,0,0,0,0,0,0
9692,REST_X1,9692,3,2,0,0,0,0,0,0,0,0,0,0,0,0,0
9693,REST_X1,9693,3,9,0,0,0,0,0,0,0,0,0,0,0,0,0
9694,[X1_X12_GET_req],9694,3,10,0,0,0,0,0,0,0,0,0,0,1,0,0
9695,REST_X12,9695,3,10,0,0,0,0,0,0,0,0,0,0,2,0,0
9696,REST_X12,9696,3,10,0,0,0,0,0,0,0,0,0,0,5,0,0
9697,[X12_X6_GET_req],9697,3,10,0,0,0,0,1,0,0,0,0,0,6,0,0
9698,REST_X6,9698,3,10,0,0,0,0,2,0,0,0,0,0,6,0,0
9699,REST_X6,9699,3,10,0,0,0,0,5,0,0,0,0,0,6,0,0
9700,[X6_X3_GET_req],9700,3,10,0,1,0,0,6,0,0,0,0,0,6,0,0
9701,REST_X3,9701,3,10,0,2,0,0,6,0,0,0,0,0,6,0,0
9702,REST_X3,9702,3,10,0,4,0,0,6,0,0,0,0,0,6,0,0
9703,[X6_X3_GET_resp_5xx],9703,3,10,0,0,0,0,7,0,0,0,0,0,6,0,0
9704,[X6_X3_GET_req],9704,3,10,0,1,0,0,8,0,0,0,0,0,6,0,0
9705,REST_X3,9705,3,10,0,2,0,0,8,0,0,0,0,0,6,0,0
9706,REST_X3,9706,3,10,0,4,0,0,8,0,0,0,0,0,6,0,0
9707,[X6_X3_GET_resp_5xx],9707,3,10,0,0,0,0,4,0,0,0,0,0,6,0,0
9708,[X12_X6_GET_resp_5xx],9708,3,10,0,0,0,0,0,0,0,0,0,0,7,0,0
9709,[X12_X6_GET_req],9709,3,10,0,0,0,0,1,0,0,0,0,0,8,0,0
9710,REST_X6,9710,3,10,0,0,0,0,2,0,0,0,0,0,8,0,0
9711,REST_X6,9711,3,10,0,0,0,0,13,0,0,0,0,0,8,0,0
9712,[X6_X7_GET_req],9712,3,10,0,0,0,0,14,1,0,0,0,0,8,0,0
9713,REST_X7,9713,3,10,0,0,0,0,14,2,0,0,0,0,8,0,0
9714,REST_X7,9714,3,10,0,0,0,0,14,9,0,0,0,0,8,0,0
9715,[X7_X9_GET_req],9715,3,10,0,0,0,0,14,10,0,1,0,0,8,0,0
9716,REST_X9,9716,3,10,0,0,0,0,14,10,0,2,0,0,8,0,0
9717,REST_X9,9717,3,10,0,0,0,0,14,10,0,9,0,0,8,0,0
9718,[X9_X4_GET_req],9718,3,10,0,0,1,0,14,10,0,10,0,0,8,0,0
9719,REST_X4,9719,3,10,0,0,2,0,14,10,0,10,0,0,8,0,0
9720,REST_X4,9720,3,10,0,0,9,0,14,10,0,10,0,0,8,0,0
9721,[X4_X14_GET_req],9721,3,10,0,0,10,0,14,10,0,10,0,0,8,0,1
9722,REST_X14,9722,3,10,0,0,10,0,14,10,0,10,0,0,8,0,2
9723,REST_X14,9723,3,10,0,0,10,0,14,10,0,10,0,0,8,0,5
9724,[X14_X13_GET_req],9724,3,10,0,0,10,0,14,10,0,10,0,0,8,1,6
9725,REST_X13,9725,3,10,0,0,10,0,14,10,0,10,0,0,8,2,6
9726,REST_X13,9726,3,10,0,0,10,0,14,10,0,10,0,0,8,3,6
9727,[X14_X13_GET_resp_2xx],9727,3,10,0,0,10,0,14,10,0,10,0,0,8,0,3
9728,[X4_X14_GET_resp_2xx],9728,3,10,0,0,3,0,14,10,0,10,0,0,8,0,0
9729,[X9_X4_GET_resp_2xx],9729,3,10,0,0,0,0,14,10,0,3,0,0,8,0,0
9730,[X7_X9_GET_resp_2xx],9730,3,10,0,0,0,0,14,3,0,0,0,0,8,0,0
9731,[X6_X7_GET_resp_2xx],9731,3,10,0,0,0,0,3,0,0,0,0,0,8,0,0
9732,[X12_X6_GET_resp_2xx],9732,3,10,0,0,0,0,0,0,0,0,0,0,3,0,0
9733,[X1_X12_GET_resp_2xx],9733,3,3,0,0,0,0,0,0,0,0,0,0,0,0,0
9734,[X0_X1_GET_resp_2xx],9734,0,0,0,0,0,0,0,0,0,0,0,0,0,0,0
9735,REST_X0,9735,2,0,0,0,0,0,0,0,0,0,0,0,0,0,0
9736,[X0_X1_GET_req],9736,3,1,0,0,0,0,0,0,0,0,0,0,0,0,0
9737,REST_X1,9737,3,2,0,0,0,0,0,0,0,0,0,0,0,0,0
9738,REST_X1,9738,3,9,0,0,0,0,0,0,0,0,0,0,0,0,0
9739,[X1_X12_GET_req],9739,3,10,0,0,0,0,0,0,0,0,0,0,1,0,0
9740,REST_X12,9740,3,10,0,0,0,0,0,0,0,0,0,0,2,0,0
9741,REST_X12,9741,3,10,0,0,0,0,0,0,0,0,0,0,5,0,0
9742,[X12_X6_GET_req],9742,3,10,0,0,0,0,1,0,0,0,0,0,6,0,0
9743,REST_X6,9743,3,10,0,0,0,0,2,0,0,0,0,0,6,0,0
9744,REST_X6,9744,3,10,0,0,0,0,5,0,0,0,0,0,6,0,0
9745,[X6_X3_GET_req],9745,3,10,0,1,0,0,6,0,0,0,0,0,6,0,0
9746,REST_X3,9746,3,10,0,2,0,0,6,0,0,0,0,0,6,0,0
9747,REST_X3,9747,3,10,0,3,0,0,6,0,0,0,0,0,6,0,0
9748,[X6_X3_GET_resp_2xx],9748,3,10,0,0,0,0,3,0,0,0,0,0,6,0,0
9749,[X12_X6_GET_resp_2xx],9749,3,10,0,0,0,0,0,0,0,0,0,0,3,0,0
9750,[X1_X12_GET_resp_2xx],9750,3,3,0,0,0,0,0,0,0,0,0,0,0,0,0
9751,[X0_X1_GET_resp_2xx],9751,0,0,0,0,0,0,0,0,0,0,0,0,0,0,0
9752,REST_X0,9752,2,0,0,0,0,0,0,0,0,0,0,0,0,0,0
9753,[X0_X1_GET_req],9753,3,1,0,0,0,0,0,0,0,0,0,0,0,0,0
9754,REST_X1,9754,3,2,0,0,0,0,0,0,0,0,0,0,0,0,0
9755,REST_X1,9755,3,5,0,0,0,0,0,0,0,0,0,0,0,0,0
9756,[X1_X2_GET_req],9756,3,6,1,0,0,0,0,0,0,0,0,0,0,0,0
9757,REST_X2,9757,3,6,2,0,0,0,0,0,0,0,0,0,0,0,0
9758,REST_X2,9758,3,6,3,0,0,0,0,0,0,0,0,0,0,0,0
9759,[X1_X2_GET_resp_2xx],9759,3,3,0,0,0,0,0,0,0,0,0,0,0,0,0
9760,[X0_X1_GET_resp_2xx],9760,0,0,0,0,0,0,0,0,0,0,0,0,0,0,0
9761,REST_X0,9761,2,0,0,0,0,0,0,0,0,0,0,0,0,0,0
9762,[X0_X1_GET_req],9762,3,1,0,0,0,0,0,0,0,0,0,0,0,0,0
9763,REST_X1,9763,3,2,0,0,0,0,0,0,0,0,0,0,0,0,0
9764,REST_X1,9764,3,5,0,0,0,0,0,0,0,0,0,0,0,0,0
9765,[X1_X2_GET_req],9765,3,6,1,0,0,0,0,0,0,0,0,0,0,0,0
9766,REST_X2,9766,3,6,2,0,0,0,0,0,0,0,0,0,0,0,0
9767,REST_X2,9767,3,6,3,0,0,0,0,0,0,0,0,0,0,0,0
9768,[X1_X2_GET_resp_2xx],9768,3,3,0,0,0,0,0,0,0,0,0,0,0,0,0
9769,[X0_X1_GET_resp_2xx],9769,0,0,0,0,0,0,0,0,0,0,0,0,0,0,0
9770,REST_X0,9770,2,0,0,0,0,0,0,0,0,0,0,0,0,0,0
9771,[X0_X1_GET_req],9771,3,1,0,0,0,0,0,0,0,0,0,0,0,0,0
9772,REST_X1,9772,3,2,0,0,0,0,0,0,0,0,0,0,0,0,0
9773,REST_X1,9773,3,5,0,0,0,0,0,0,0,0,0,0,0,0,0
9774,[X1_X2_GET_req],9774,3,6,1,0,0,0,0,0,0,0,0,0,0,0,0
9775,REST_X2,9775,3,6,2,0,0,0,0,0,0,0,0,0,0,0,0
9776,REST_X2,9776,3,6,3,0,0,0,0,0,0,0,0,0,0,0,0
9777,[X1_X2_GET_resp_2xx],9777,3,3,0,0,0,0,0,0,0,0,0,0,0,0,0
9778,[X0_X1_GET_resp_2xx],9778,0,0,0,0,0,0,0,0,0,0,0,0,0,0,0
9779,REST_X0,9779,2,0,0,0,0,0,0,0,0,0,0,0,0,0,0
9780,[X0_X1_GET_req],9780,3,1,0,0,0,0,0,0,0,0,0,0,0,0,0
9781,REST_X1,9781,3,2,0,0,0,0,0,0,0,0,0,0,0,0,0
9782,REST_X1,9782,3,5,0,0,0,0,0,0,0,0,0,0,0,0,0
9783,[X1_X2_GET_req],9783,3,6,1,0,0,0,0,0,0,0,0,0,0,0,0
9784,REST_X2,9784,3,6,2,0,0,0,0,0,0,0,0,0,0,0,0
9785,REST_X2,9785,3,6,3,0,0,0,0,0,0,0,0,0,0,0,0
9786,[X1_X2_GET_resp_2xx],9786,3,3,0,0,0,0,0,0,0,0,0,0,0,0,0
9787,[X0_X1_GET_resp_2xx],9787,0,0,0,0,0,0,0,0,0,0,0,0,0,0,0
9788,REST_X0,9788,2,0,0,0,0,0,0,0,0,0,0,0,0,0,0
9789,[X0_X1_GET_req],9789,3,1,0,0,0,0,0,0,0,0,0,0,0,0,0
9790,REST_X1,9790,3,2,0,0,0,0,0,0,0,0,0,0,0,0,0
9791,REST_X1,9791,3,9,0,0,0,0,0,0,0,0,0,0,0,0,0
9792,[X1_X12_GET_req],9792,3,10,0,0,0,0,0,0,0,0,0,0,1,0,0
9793,REST_X12,9793,3,10,0,0,0,0,0,0,0,0,0,0,2,0,0
9794,REST_X12,9794,3,10,0,0,0,0,0,0,0,0,0,0,5,0,0
9795,[X12_X6_GET_req],9795,3,10,0,0,0,0,1,0,0,0,0,0,6,0,0
9796,REST_X6,9796,3,10,0,0,0,0,2,0,0,0,0,0,6,0,0
9797,REST_X6,9797,3,10,0,0,0,0,9,0,0,0,0,0,6,0,0
9798,[X6_X8_GET_req],9798,3,10,0,0,0,0,10,0,1,0,0,0,6,0,0
9799,REST_X8,9799,3,10,0,0,0,0,10,0,2,0,0,0,6,0,0
9800,REST_X8,9800,3,10,0,0,0,0,10,0,3,0,0,0,6,0,0
9801,[X6_X8_GET_resp_2xx],9801,3,10,0,0,0,0,3,0,0,0,0,0,6,0,0
9802,[X12_X6_GET_resp_2xx],9802,3,10,0,0,0,0,0,0,0,0,0,0,3,0,0
9803,[X1_X12_GET_resp_2xx],9803,3,3,0,0,0,0,0,0,0,0,0,0,0,0,0
9804,[X0_X1_GET_resp_2xx],9804,0,0,0,0,0,0,0,0,0,0,0,0,0,0,0
9805,REST_X0,9805,2,0,0,0,0,0,0,0,0,0,0,0,0,0,0
9806,[X0_X1_GET_req],9806,3,1,0,0,0,0,0,0,0,0,0,0,0,0,0
9807,REST_X1,9807,3,2,0,0,0,0,0,0,0,0,0,0,0,0,0
9808,REST_X1,9808,3,5,0,0,0,0,0,0,0,0,0,0,0,0,0
9809,[X1_X2_GET_req],9809,3,6,1,0,0,0,0,0,0,0,0,0,0,0,0
9810,REST_X2,9810,3,6,2,0,0,0,0,0,0,0,0,0,0,0,0
9811,REST_X2,9811,3,6,4,0,0,0,0,0,0,0,0,0,0,0,0
9812,[X1_X2_GET_resp_5xx],9812,3,7,0,0,0,0,0,0,0,0,0,0,0,0,0
9813,[X1_X2_GET_req],9813,3,8,1,0,0,0,0,0,0,0,0,0,0,0,0
9814,REST_X2,9814,3,8,2,0,0,0,0,0,0,0,0,0,0,0,0
9815,REST_X2,9815,3,8,3,0,0,0,0,0,0,0,0,0,0,0,0
9816,[X1_X2_GET_resp_2xx],9816,3,3,0,0,0,0,0,0,0,0,0,0,0,0,0
9817,[X0_X1_GET_resp_2xx],9817,0,0,0,0,0,0,0,0,0,0,0,0,0,0,0
9818,REST_X0,9818,2,0,0,0,0,0,0,0,0,0,0,0,0,0,0
9819,[X0_X1_GET_req],9819,3,1,0,0,0,0,0,0,0,0,0,0,0,0,0
9820,REST_X1,9820,3,2,0,0,0,0,0,0,0,0,0,0,0,0,0
9821,REST_X1,9821,3,5,0,0,0,0,0,0,0,0,0,0,0,0,0
9822,[X1_X2_GET_req],9822,3,6,1,0,0,0,0,0,0,0,0,0,0,0,0
9823,REST_X2,9823,3,6,2,0,0,0,0,0,0,0,0,0,0,0,0
9824,REST_X2,9824,3,6,3,0,0,0,0,0,0,0,0,0,0,0,0
9825,[X1_X2_GET_resp_2xx],9825,3,3,0,0,0,0,0,0,0,0,0,0,0,0,0
9826,[X0_X1_GET_resp_2xx],9826,0,0,0,0,0,0,0,0,0,0,0,0,0,0,0
9827,REST_X0,9827,2,0,0,0,0,0,0,0,0,0,0,0,0,0,0
9828,[X0_X1_GET_req],9828,3,1,0,0,0,0,0,0,0,0,0,0,0,0,0
9829,REST_X1,9829,3,2,0,0,0,0,0,0,0,0,0,0,0,0,0
9830,REST_X1,9830,3,5,0,0,0,0,0,0,0,0,0,0,0,0,0
9831,[X1_X2_GET_req],9831,3,6,1,0,0,0,0,0,0,0,0,0,0,0,0
9832,REST_X2,9832,3,6,2,0,0,0,0,0,0,0,0,0,0,0,0
9833,REST_X2,9833,3,6,3,0,0,0,0,0,0,0,0,0,0,0,0
9834,[X1_X2_GET_resp_2xx],9834,3,3,0,0,0,0,0,0,0,0,0,0,0,0,0
9835,[X0_X1_GET_resp_2xx],9835,0,0,0,0,0,0,0,0,0,0,0,0,0,0,0
9836,REST_X0,9836,2,0,0,0,0,0,0,0,0,0,0,0,0,0,0
9837,[X0_X1_GET_req],9837,3,1,0,0,0,0,0,0,0,0,0,0,0,0,0
9838,REST_X1,9838,3,2,0,0,0,0,0,0,0,0,0,0,0,0,0
9839,REST_X1,9839,3,5,0,0,0,0,0,0,0,0,0,0,0,0,0
9840,[X1_X2_GET_req],9840,3,6,1,0,0,0,0,0,0,0,0,0,0,0,0
9841,REST_X2,9841,3,6,2,0,0,0,0,0,0,0,0,0,0,0,0
9842,REST_X2,9842,3,6,3,0,0,0,0,0,0,0,0,0,0,0,0
9843,[X1_X2_GET_resp_2xx],9843,3,3,0,0,0,0,0,0,0,0,0,0,0,0,0
9844,[X0_X1_GET_resp_2xx],9844,0,0,0,0,0,0,0,0,0,0,0,0,0,0,0
9845,REST_X0,9845,2,0,0,0,0,0,0,0,0,0,0,0,0,0,0
9846,[X0_X1_GET_req],9846,3,1,0,0,0,0,0,0,0,0,0,0,0,0,0
9847,REST_X1,9847,3,2,0,0,0,0,0,0,0,0,0,0,0,0,0
9848,REST_X1,9848,3,5,0,0,0,0,0,0,0,0,0,0,0,0,0
9849,[X1_X2_GET_req],9849,3,6,1,0,0,0,0,0,0,0,0,0,0,0,0
9850,REST_X2,9850,3,6,2,0,0,0,0,0,0,0,0,0,0,0,0
9851,REST_X2,9851,3,6,3,0,0,0,0,0,0,0,0,0,0,0,0
9852,[X1_X2_GET_resp_2xx],9852,3,3,0,0,0,0,0,0,0,0,0,0,0,0,0
9853,[X0_X1_GET_resp_2xx],9853,0,0,0,0,0,0,0,0,0,0,0,0,0,0,0
9854,REST_X0,9854,2,0,0,0,0,0,0,0,0,0,0,0,0,0,0
9855,[X0_X1_GET_req],9855,3,1,0,0,0,0,0,0,0,0,0,0,0,0,0
9856,REST_X1,9856,3,2,0,0,0,0,0,0,0,0,0,0,0,0,0
9857,REST_X1,9857,3,5,0,0,0,0,0,0,0,0,0,0,0,0,0
9858,[X1_X2_GET_req],9858,3,6,1,0,0,0,0,0,0,0,0,0,0,0,0
9859,REST_X2,9859,3,6,2,0,0,0,0,0,0,0,0,0,0,0,0
9860,REST_X2,9860,3,6,3,0,0,0,0,0,0,0,0,0,0,0,0
9861,[X1_X2_GET_resp_2xx],9861,3,3,0,0,0,0,0,0,0,0,0,0,0,0,0
9862,[X0_X1_GET_resp_2xx],9862,0,0,0,0,0,0,0,0,0,0,0,0,0,0,0
9863,REST_X0,9863,2,0,0,0,0,0,0,0,0,0,0,0,0,0,0
9864,[X0_X1_GET_req],9864,3,1,0,0,0,0,0,0,0,0,0,0,0,0,0
9865,REST_X1,9865,3,2,0,0,0,0,0,0,0,0,0,0,0,0,0
9866,REST_X1,9866,3,9,0,0,0,0,0,0,0,0,0,0,0,0,0
9867,[X1_X12_GET_req],9867,3,10,0,0,0,0,0,0,0,0,0,0,1,0,0
9868,REST_X12,9868,3,10,0,0,0,0,0,0,0,0,0,0,2,0,0
9869,REST_X12,9869,3,10,0,0,0,0,0,0,0,0,0,0,5,0,0
9870,[X12_X6_GET_req],9870,3,10,0,0,0,0,1,0,0,0,0,0,6,0,0
9871,REST_X6,9871,3,10,0,0,0,0,2,0,0,0,0,0,6,0,0
9872,REST_X6,9872,3,10,0,0,0,0,5,0,0,0,0,0,6,0,0
9873,[X6_X3_GET_req],9873,3,10,0,1,0,0,6,0,0,0,0,0,6,0,0
9874,REST_X3,9874,3,10,0,2,0,0,6,0,0,0,0,0,6,0,0
9875,REST_X3,9875,3,10,0,3,0,0,6,0,0,0,0,0,6,0,0
9876,[X6_X3_GET_resp_2xx],9876,3,10,0,0,0,0,3,0,0,0,0,0,6,0,0
9877,[X12_X6_GET_resp_2xx],9877,3,10,0,0,0,0,0,0,0,0,0,0,3,0,0
9878,[X1_X12_GET_resp_2xx],9878,3,3,0,0,0,0,0,0,0,0,0,0,0,0,0
9879,[X0_X1_GET_resp_2xx],9879,0,0,0,0,0,0,0,0,0,0,0,0,0,0,0
9880,REST_X0,9880,2,0,0,0,0,0,0,0,0,0,0,0,0,0,0
9881,[X0_X1_GET_req],9881,3,1,0,0,0,0,0,0,0,0,0,0,0,0,0
9882,REST_X1,9882,3,2,0,0,0,0,0,0,0,0,0,0,0,0,0
9883,REST_X1,9883,3,9,0,0,0,0,0,0,0,0,0,0,0,0,0
9884,[X1_X12_GET_req],9884,3,10,0,0,0,0,0,0,0,0,0,0,1,0,0
9885,REST_X12,9885,3,10,0,0,0,0,0,0,0,0,0,0,2,0,0
9886,REST_X12,9886,3,10,0,0,0,0,0,0,0,0,0,0,5,0,0
9887,[X12_X6_GET_req],9887,3,10,0,0,0,0,1,0,0,0,0,0,6,0,0
9888,REST_X6,9888,3,10,0,0,0,0,2,0,0,0,0,0,6,0,0
9889,REST_X6,9889,3,10,0,0,0,0,9,0,0,0,0,0,6,0,0
9890,[X6_X8_GET_req],9890,3,10,0,0,0,0,10,0,1,0,0,0,6,0,0
9891,REST_X8,9891,3,10,0,0,0,0,10,0,2,0,0,0,6,0,0
9892,REST_X8,9892,3,10,0,0,0,0,10,0,3,0,0,0,6,0,0
9893,[X6_X8_GET_resp_2xx],9893,3,10,0,0,0,0,3,0,0,0,0,0,6,0,0
9894,[X12_X6_GET_resp_2xx],9894,3,10,0,0,0,0,0,0,0,0,0,0,3,0,0
9895,[X1_X12_GET_resp_2xx],9895,3,3,0,0,0,0,0,0,0,0,0,0,0,0,0
9896,[X0_X1_GET_resp_2xx],9896,0,0,0,0,0,0,0,0,0,0,0,0,0,0,0
9897,REST_X0,9897,2,0,0,0,0,0,0,0,0,0,0,0,0,0,0
9898,[X0_X1_GET_req],9898,3,1,0,0,0,0,0,0,0,0,0,0,0,0,0
9899,REST_X1,9899,3,2,0,0,0,0,0,0,0,0,0,0,0,0,0
9900,REST_X1,9900,3,9,0,0,0,0,0,0,0,0,0,0,0,0,0
9901,[X1_X12_GET_req],9901,3,10,0,0,0,0,0,0,0,0,0,0,1,0,0
9902,REST_X12,9902,3,10,0,0,0,0,0,0,0,0,0,0,2,0,0
9903,REST_X12,9903,3,10,0,0,0,0,0,0,0,0,0,0,5,0,0
9904,[X12_X6_GET_req],9904,3,10,0,0,0,0,1,0,0,0,0,0,6,0,0
9905,REST_X6,9905,3,10,0,0,0,0,2,0,0,0,0,0,6,0,0
9906,REST_X6,9906,3,10,0,0,0,0,5,0,0,0,0,0,6,0,0
9907,[X6_X3_GET_req],9907,3,10,0,1,0,0,6,0,0,0,0,0,6,0,0
9908,REST_X3,9908,3,10,0,2,0,0,6,0,0,0,0,0,6,0,0
9909,REST_X3,9909,3,10,0,3,0,0,6,0,0,0,0,0,6,0,0
9910,[X6_X3_GET_resp_2xx],9910,3,10,0,0,0,0,3,0,0,0,0,0,6,0,0
9911,[X12_X6_GET_resp_2xx],9911,3,10,0,0,0,0,0,0,0,0,0,0,3,0,0
9912,[X1_X12_GET_resp_2xx],9912,3,3,0,0,0,0,0,0,0,0,0,0,0,0,0
9913,[X0_X1_GET_resp_2xx],9913,0,0,0,0,0,0,0,0,0,0,0,0,0,0,0
9914,REST_X0,9914,2,0,0,0,0,0,0,0,0,0,0,0,0,0,0
9915,[X0_X1_GET_req],9915,3,1,0,0,0,0,0,0,0,0,0,0,0,0,0
9916,REST_X1,9916,3,2,0,0,0,0,0,0,0,0,0,0,0,0,0
9917,REST_X1,9917,3,5,0,0,0,0,0,0,0,0,0,0,0,0,0
9918,[X1_X2_GET_req],9918,3,6,1,0,0,0,0,0,0,0,0,0,0,0,0
9919,REST_X2,9919,3,6,2,0,0,0,0,0,0,0,0,0,0,0,0
9920,REST_X2,9920,3,6,4,0,0,0,0,0,0,0,0,0,0,0,0
9921,[X1_X2_GET_resp_5xx],9921,3,7,0,0,0,0,0,0,0,0,0,0,0,0,0
9922,[X1_X2_GET_req],9922,3,8,1,0,0,0,0,0,0,0,0,0,0,0,0
9923,REST_X2,9923,3,8,2,0,0,0,0,0,0,0,0,0,0,0,0
9924,REST_X2,9924,3,8,4,0,0,0,0,0,0,0,0,0,0,0,0
9925,[X1_X2_GET_resp_5xx],9925,3,4,0,0,0,0,0,0,0,0,0,0,0,0,0
9926,[X0_X1_GET_resp_5xx],9926,4,0,0,0,0,0,0,0,0,0,0,0,0,0,0
9927,[X0_X1_GET_req],9927,5,1,0,0,0,0,0,0,0,0,0,0,0,0,0
9928,REST_X1,9928,5,2,0,0,0,0,0,0,0,0,0,0,0,0,0
9929,REST_X1,9929,5,9,0,0,0,0,0,0,0,0,0,0,0,0,0
9930,[X1_X12_GET_req],9930,5,10,0,0,0,0,0,0,0,0,0,0,1,0,0
9931,REST_X12,9931,5,10,0,0,0,0,0,0,0,0,0,0,2,0,0
9932,REST_X12,9932,5,10,0,0,0,0,0,0,0,0,0,0,5,0,0
9933,[X12_X6_GET_req],9933,5,10,0,0,0,0,1,0,0,0,0,0,6,0,0
9934,REST_X6,9934,5,10,0,0,0,0,2,0,0,0,0,0,6,0,0
9935,REST_X6,9935,5,10,0,0,0,0,13,0,0,0,0,0,6,0,0
9936,[X6_X7_GET_req],9936,5,10,0,0,0,0,14,1,0,0,0,0,6,0,0
9937,REST_X7,9937,5,10,0,0,0,0,14,2,0,0,0,0,6,0,0
9938,REST_X7,9938,5,10,0,0,0,0,14,9,0,0,0,0,6,0,0
9939,[X7_X9_GET_req],9939,5,10,0,0,0,0,14,10,0,1,0,0,6,0,0
9940,REST_X9,9940,5,10,0,0,0,0,14,10,0,2,0,0,6,0,0
9941,REST_X9,9941,5,10,0,0,0,0,14,10,0,5,0,0,6,0,0
9942,[X9_X11_GET_req],9942,5,10,0,0,0,0,14,10,0,6,0,1,6,0,0
9943,REST_X11,9943,5,10,0,0,0,0,14,10,0,6,0,2,6,0,0
9944,REST_X11,9944,5,10,0,0,0,0,14,10,0,6,0,3,6,0,0
9945,[X9_X11_GET_resp_2xx],9945,5,10,0,0,0,0,14,10,0,3,0,0,6,0,0
9946,[X7_X9_GET_resp_2xx],9946,5,10,0,0,0,0,14,3,0,0,0,0,6,0,0
9947,[X6_X7_GET_resp_2xx],9947,5,10,0,0,0,0,3,0,0,0,0,0,6,0,0
9948,[X12_X6_GET_resp_2xx],9948,5,10,0,0,0,0,0,0,0,0,0,0,3,0,0
9949,[X1_X12_GET_resp_2xx],9949,5,3,0,0,0,0,0,0,0,0,0,0,0,0,0
9950,[X0_X1_GET_resp_2xx],9950,0,0,0,0,0,0,0,0,0,0,0,0,0,0,0
9951,REST_X0,9951,2,0,0,0,0,0,0,0,0,0,0,0,0,0,0
9952,[X0_X1_GET_req],9952,3,1,0,0,0,0,0,0,0,0,0,0,0,0,0
9953,REST_X1,9953,3,2,0,0,0,0,0,0,0,0,0,0,0,0,0
9954,REST_X1,9954,3,9,0,0,0,0,0,0,0,0,0,0,0,0,0
9955,[X1_X12_GET_req],9955,3,10,0,0,0,0,0,0,0,0,0,0,1,0,0
9956,REST_X12,9956,3,10,0,0,0,0,0,0,0,0,0,0,2,0,0
9957,REST_X12,9957,3,10,0,0,0,0,0,0,0,0,0,0,5,0,0
9958,[X12_X6_GET_req],9958,3,10,0,0,0,0,1,0,0,0,0,0,6,0,0
9959,REST_X6,9959,3,10,0,0,0,0,2,0,0,0,0,0,6,0,0
9960,REST_X6,9960,3,10,0,0,0,0,13,0,0,0,0,0,6,0,0
9961,[X6_X7_GET_req],9961,3,10,0,0,0,0,14,1,0,0,0,0,6,0,0
9962,REST_X7,9962,3,10,0,0,0,0,14,2,0,0,0,0,6,0,0
9963,REST_X7,9963,3,10,0,0,0,0,14,9,0,0,0,0,6,0,0
9964,[X7_X9_GET_req],9964,3,10,0,0,0,0,14,10,0,1,0,0,6,0,0
9965,REST_X9,9965,3,10,0,0,0,0,14,10,0,2,0,0,6,0,0
9966,REST_X9,9966,3,10,0,0,0,0,14,10,0,5,0,0,6,0,0
9967,[X9_X11_GET_req],9967,3,10,0,0,0,0,14,10,0,6,0,1,6,0,0
9968,REST_X11,9968,3,10,0,0,0,0,14,10,0,6,0,2,6,0,0
9969,REST_X11,9969,3,10,0,0,0,0,14,10,0,6,0,3,6,0,0
9970,[X9_X11_GET_resp_2xx],9970,3,10,0,0,0,0,14,10,0,3,0,0,6,0,0
9971,[X7_X9_GET_resp_2xx],9971,3,10,0,0,0,0,14,3,0,0,0,0,6,0,0
9972,[X6_X7_GET_resp_2xx],9972,3,10,0,0,0,0,3,0,0,0,0,0,6,0,0
9973,[X12_X6_GET_resp_2xx],9973,3,10,0,0,0,0,0,0,0,0,0,0,3,0,0
9974,[X1_X12_GET_resp_2xx],9974,3,3,0,0,0,0,0,0,0,0,0,0,0,0,0
9975,[X0_X1_GET_resp_2xx],9975,0,0,0,0,0,0,0,0,0,0,0,0,0,0,0
9976,REST_X0,9976,2,0,0,0,0,0,0,0,0,0,0,0,0,0,0
9977,[X0_X1_GET_req],9977,3,1,0,0,0,0,0,0,0,0,0,0,0,0,0
9978,REST_X1,9978,3,2,0,0,0,0,0,0,0,0,0,0,0,0,0
9979,REST_X1,9979,3,9,0,0,0,0,0,0,0,0,0,0,0,0,0
9980,[X1_X12_GET_req],9980,3,10,0,0,0,0,0,0,0,0,0,0,1,0,0
9981,REST_X12,9981,3,10,0,0,0,0,0,0,0,0,0,0,2,0,0
9982,REST_X12,9982,3,10,0,0,0,0,0,0,0,0,0,0,5,0,0
9983,[X12_X6_GET_req],9983,3,10,0,0,0,0,1,0,0,0,0,0,6,0,0
9984,REST_X6,9984,3,10,0,0,0,0,2,0,0,0,0,0,6,0,0
9985,REST_X6,9985,3,10,0,0,0,0,9,0,0,0,0,0,6,0,0
9986,[X6_X8_GET_req],9986,3,10,0,0,0,0,10,0,1,0,0,0,6,0,0
9987,REST_X8,9987,3,10,0,0,0,0,10,0,2,0,0,0,6,0,0
9988,REST_X8,9988,3,10,0,0,0,0,10,0,3,0,0,0,6,0,0
9989,[X6_X8_GET_resp_2xx],9989,3,10,0,0,0,0,3,0,0,0,0,0,6,0,0
9990,[X12_X6_GET_resp_2xx],9990,3,10,0,0,0,0,0,0,0,0,0,0,3,0,0
9991,[X1_X12_GET_resp_2xx],9991,3,3,0,0,0,0,0,0,0,0,0,0,0,0,0
9992,[X0_X1_GET_resp_2xx],9992,0,0,0,0,0,0,0,0,0,0,0,0,0,0,0
9993,REST_X0,9993,2,0,0,0,0,0,0,0,0,0,0,0,0,0,0
9994,[X0_X1_GET_req],9994,3,1,0,0,0,0,0,0,0,0,0,0,0,0,0
9995,REST_X1,9995,3,2,0,0,0,0,0,0,0,0,0,0,0,0,0
9996,REST_X1,9996,3,5,0,0,0,0,0,0,0,0,0,0,0,0,0
9997,[X1_X2_GET_req],9997,3,6,1,0,0,0,0,0,0,0,0,0,0,0,0
9998,REST_X2,9998,3,6,2,0,0,0,0,0,0,0,0,0,0,0,0
9999,REST_X2,9999,3,6,4,0,0,0,0,0,0,0,0,0,0,0,0
10000,[X1_X2_GET_resp_5xx],10000,3,7,0,0,0,0,0,0,0,0,0,0,0,0,0
